,ALIPY_CORESET_GREEDY,ALIPY_DENSITY_WEIGHTED,ALIPY_GRAPH_DENSITY,ALIPY_RANDOM,ALIPY_UNCERTAINTY_LC,ALIPY_UNCERTAINTY_MM,LIBACT_DWUS,LIBACT_QUIRE,LIBACT_UNCERTAINTY_ENT,LIBACT_UNCERTAINTY_LC,LIBACT_UNCERTAINTY_SM,OPTIMAL_GREEDY_10,OPTIMAL_GREEDY_20,PLAYGROUND_BANDIT,PLAYGROUND_GRAPH_DENSITY,PLAYGROUND_INFORMATIVE_DIVERSE,PLAYGROUND_KCENTER_GREEDY,PLAYGROUND_MARGIN,PLAYGROUND_MIXTURE,PLAYGROUND_UNIFORM,SKACTIVEML_COST_EMBEDDING,SKACTIVEML_DAL,SKACTIVEML_DWUS,SKACTIVEML_QBC,SKACTIVEML_QBC_VOTE_ENTROPY,SKACTIVEML_QUIRE,SKACTIVEML_US_ENTROPY,SKACTIVEML_US_LC,SKACTIVEML_US_MARGIN,SMALLTEXT_BREAKINGTIES,SMALLTEXT_CONTRASTIVEAL,SMALLTEXT_EMBEDDINGKMEANS,SMALLTEXT_GREEDYCORESET,SMALLTEXT_LEASTCONFIDENCE,SMALLTEXT_LIGHTWEIGHTCORESET,SMALLTEXT_PREDICTIONENTROPY,SMALLTEXT_RANDOM
ALIPY_CORESET_GREEDY,1.0,0.13039167079821518,0.026276648487853247,0.03148239960337134,0.03817550818046604,0.03817550818046604,0.08924144769459594,0.1700545364402578,0.03991075855230541,0.03941497273177987,0.037927615270203274,0.07882994546355974,0.07957362419434805,0.08279623202776401,0.026276648487853247,0.07932573128408528,1.0,0.05701536936043629,0.07312840852751612,0.08403569657907783,0.10956866633614279,0.08205255329697571,0.09766980664352999,0.08081308874566187,0.0961824491819534,0.11130391670798215,0.03891918691125434,0.03346554288547347,0.03173029251363411,0.029995042141794746,0.0946950917203768,0.07907783837382251,0.14402578086266732,0.028507684680218144,0.08601883986117997,0.035448686167575606,0.03148239960337134
ALIPY_DENSITY_WEIGHTED,0.13039167079821518,1.0,0.06593951412989589,0.07188894397620228,0.09147248388696083,0.09717402082300446,0.17352503718393653,0.2255825483391175,0.08155676747645017,0.08676251859196826,0.08750619732275657,0.15071888943976203,0.15468517600396628,0.12964799206742686,0.06593951412989589,0.13039167079821518,0.13039167079821518,0.10188398611799702,0.10733763014377788,0.13931581556767478,0.14972731779871096,0.14253842340109074,0.16212196331184928,0.14724838869608328,0.15195835399107585,0.18145761031234506,0.08626673277144274,0.09196826970748637,0.0857709469509172,0.07411998016856718,0.153941497273178,0.14823996033713435,0.1633614278631631,0.07635101636093208,0.14105106593951414,0.0813088745661874,0.07188894397620228
ALIPY_GRAPH_DENSITY,0.026276648487853247,0.06593951412989589,1.0,0.0421417947446703,0.036936043629152204,0.03991075855230541,0.09965294992563213,0.07709469509172037,0.02875557759048091,0.03247397124442241,0.030738720872583045,0.10114030738720872,0.0909766980664353,0.06668319286068418,1.0,0.07139315815567675,0.026276648487853247,0.0436291522062469,0.05528011898859692,0.09791769955379276,0.08180466038671294,0.09444719881011403,0.09965294992563213,0.10138820029747149,0.0991571641051066,0.07436787307882994,0.03247397124442241,0.02949925632126921,0.03520079325731284,0.02404561229548835,0.09444719881011403,0.09890927119484383,0.0850272682201289,0.02404561229548835,0.0946950917203768,0.028011898859692613,0.0421417947446703
ALIPY_RANDOM,0.03148239960337134,0.07188894397620228,0.0421417947446703,1.0,0.04189390183440753,0.0458601883986118,0.11973227565691621,0.09196826970748637,0.03743182944967774,0.03247397124442241,0.03520079325731284,0.12221120475954388,0.13113534952900346,0.08378780366881507,0.0421417947446703,0.10089241447694595,0.03148239960337134,0.07089737233515121,0.08626673277144274,0.11750123946455131,0.08750619732275657,0.1301437778879524,0.11403073872087258,0.11998016856717898,0.11799702528507684,0.0805651958353991,0.03222607833415964,0.027020327218641546,0.03991075855230541,0.03247397124442241,0.11799702528507684,0.13039167079821518,0.10609816559246406,0.02602875557759048,0.11204759543877045,0.029995042141794746,1.0
ALIPY_UNCERTAINTY_LC,0.03817550818046604,0.09147248388696083,0.036936043629152204,0.04189390183440753,1.0,0.7188894397620228,0.09742191373326722,0.08849776896380764,0.07486365889935548,0.0842835894893406,0.06792265741199802,0.10436291522062469,0.10857709469509172,0.09370352007932573,0.036936043629152204,0.0887456618740704,0.03817550818046604,0.1308874566187407,0.0872583044124938,0.09791769955379276,0.09766980664352999,0.10237977193852256,0.10411502231036192,0.09940505701536936,0.10188398611799702,0.09940505701536936,0.08031730292513634,0.0894893406048587,0.08006941001487357,0.11328705999008429,0.10510659395141299,0.10337134357957363,0.09766980664352999,0.21839365394149726,0.0999008428358949,0.1271690629647992,0.04189390183440753
ALIPY_UNCERTAINTY_MM,0.03817550818046604,0.09717402082300446,0.03991075855230541,0.0458601883986118,0.7188894397620228,1.0,0.09965294992563213,0.09122459097669806,0.06445215666831929,0.07213683688646505,0.08527516113039167,0.10882498760535449,0.10932077342588002,0.09791769955379276,0.03991075855230541,0.09643034209221617,0.03817550818046604,0.1782350024789291,0.10708973723351513,0.10138820029747149,0.08998512642538424,0.10932077342588002,0.10981655924640556,0.11006445215666832,0.10684184432325236,0.10114030738720872,0.06767476450173525,0.07436787307882994,0.09370352007932573,0.21988101140307387,0.10634605850272683,0.10956866633614279,0.09766980664352999,0.11874070401586515,0.10783341596430342,0.11750123946455131,0.0458601883986118
LIBACT_DWUS,0.08924144769459594,0.17352503718393653,0.09965294992563213,0.11973227565691621,0.09742191373326722,0.09965294992563213,1.0,0.19757064947942488,0.07585523054040655,0.07882994546355974,0.0850272682201289,0.24070401586514625,0.22954883490332176,0.17055032226078334,0.09965294992563213,0.17550818046603867,0.08924144769459594,0.13733267228557264,0.14848785324739713,0.21764997521070897,0.180466038671294,0.22880515617253347,0.251611303916708,0.23351512146752604,0.2315319781854239,0.1945959345562717,0.08750619732275657,0.07535944471988101,0.08552305404065444,0.07238472979672782,0.2345066931085771,0.2627664848785325,0.20153693604362916,0.06693108577094695,0.22880515617253347,0.07511155180961825,0.11973227565691621
LIBACT_QUIRE,0.1700545364402578,0.2255825483391175,0.07709469509172037,0.09196826970748637,0.08849776896380764,0.09122459097669806,0.19757064947942488,1.0,0.08155676747645017,0.08031730292513634,0.08155676747645017,0.1812097174020823,0.1745166088249876,0.1494794248884482,0.07709469509172037,0.15716410510659395,0.1700545364402578,0.11031234506693109,0.12989588497768964,0.16831928606841845,0.1834407535944472,0.1782350024789291,0.1908775409023302,0.1745166088249876,0.1856717897868121,0.21343579573624194,0.09419930589985126,0.09419930589985126,0.09072880515617253,0.07436787307882994,0.19558750619732276,0.1923648983639068,0.21492315319781854,0.07337630143777887,0.18071393158155677,0.0850272682201289,0.09196826970748637
LIBACT_UNCERTAINTY_ENT,0.03991075855230541,0.08155676747645017,0.02875557759048091,0.03743182944967774,0.07486365889935548,0.06445215666831929,0.07585523054040655,0.08155676747645017,1.0,0.7377293009419931,0.7203767972235994,0.08899355478433317,0.09742191373326722,0.07709469509172037,0.02875557759048091,0.08527516113039167,0.03991075855230541,0.06494794248884482,0.06073376301437779,0.09370352007932573,0.08106098165592464,0.08824987605354487,0.07858205255329698,0.08676251859196826,0.07932573128408528,0.09122459097669806,0.0850272682201289,0.07040158651462568,0.06569162121963312,0.06147744174516609,0.09816559246405553,0.0880019831432821,0.08552305404065444,0.06643529995042141,0.08031730292513634,0.08676251859196826,0.03743182944967774
LIBACT_UNCERTAINTY_LC,0.03941497273177987,0.08676251859196826,0.03247397124442241,0.03247397124442241,0.0842835894893406,0.07213683688646505,0.07882994546355974,0.08031730292513634,0.7377293009419931,1.0,0.7350024789291026,0.09072880515617253,0.10213187902825979,0.07511155180961825,0.03247397124442241,0.08601883986117997,0.03941497273177987,0.06891422905304909,0.06370847793753098,0.08205255329697571,0.08477937530986614,0.08775409023301933,0.08205255329697571,0.08378780366881507,0.09271194843827467,0.08775409023301933,0.07635101636093208,0.08527516113039167,0.06742687159147248,0.06593951412989589,0.08750619732275657,0.08998512642538424,0.08924144769459594,0.0835399107585523,0.08477937530986614,0.08006941001487357,0.03247397124442241
LIBACT_UNCERTAINTY_SM,0.037927615270203274,0.08750619732275657,0.030738720872583045,0.03520079325731284,0.06792265741199802,0.08527516113039167,0.0850272682201289,0.08155676747645017,0.7203767972235994,0.7350024789291026,1.0,0.0969261279127417,0.10907288051561725,0.08453148239960337,0.030738720872583045,0.09370352007932573,0.037927615270203274,0.07089737233515121,0.06073376301437779,0.08552305404065444,0.08329201784828955,0.09866137828458106,0.0909766980664353,0.09122459097669806,0.0924640555280119,0.09147248388696083,0.06693108577094695,0.06544372830937036,0.090233019335647,0.08552305404065444,0.0969261279127417,0.10213187902825979,0.0924640555280119,0.06643529995042141,0.09345562716906297,0.06569162121963312,0.03520079325731284
OPTIMAL_GREEDY_10,0.07882994546355974,0.15071888943976203,0.10114030738720872,0.12221120475954388,0.10436291522062469,0.10882498760535449,0.24070401586514625,0.1812097174020823,0.08899355478433317,0.09072880515617253,0.0969261279127417,1.0,0.24764501735250372,0.1536936043629152,0.10114030738720872,0.19137332672285573,0.07882994546355974,0.12816063460585028,0.15592464055528013,0.22682201289043133,0.1707982151710461,0.22310361923648983,0.22607833415964304,0.23624194348041647,0.22806147744174515,0.17055032226078334,0.08998512642538424,0.0924640555280119,0.09643034209221617,0.07982151710461081,0.2226078334159643,0.24194348041646008,0.18914229053049084,0.07635101636093208,0.2315319781854239,0.08230044620723848,0.12221120475954388
OPTIMAL_GREEDY_20,0.07957362419434805,0.15468517600396628,0.0909766980664353,0.13113534952900346,0.10857709469509172,0.10932077342588002,0.22954883490332176,0.1745166088249876,0.09742191373326722,0.10213187902825979,0.10907288051561725,0.24764501735250372,1.0,0.1707982151710461,0.0909766980664353,0.18815071888943977,0.07957362419434805,0.12592959841348536,0.14923153197818542,0.23648983639067922,0.161378284581061,0.23475458601883986,0.2300446207238473,0.2307882994546356,0.22508676251859197,0.17575607337630145,0.08750619732275657,0.08552305404065444,0.09519087754090233,0.08031730292513634,0.2181457610312345,0.24764501735250372,0.20451165096678234,0.07709469509172037,0.22657411998016858,0.08230044620723848,0.13113534952900346
PLAYGROUND_BANDIT,0.08279623202776401,0.12964799206742686,0.06668319286068418,0.08378780366881507,0.09370352007932573,0.09791769955379276,0.17055032226078334,0.1494794248884482,0.07709469509172037,0.07511155180961825,0.08453148239960337,0.1536936043629152,0.1707982151710461,1.0,0.06668319286068418,0.3267228557263262,0.08279623202776401,0.33614278631631134,0.3173029251363411,0.15195835399107585,0.161378284581061,0.1588993554784333,0.1502231036192365,0.16435299950421417,0.16782350024789291,0.15319781854238967,0.07759048091224591,0.07610312345066932,0.07982151710461081,0.07982151710461081,0.1628656420426376,0.17476450173525038,0.14154685176003967,0.07560733763014378,0.161378284581061,0.07387208725830441,0.08378780366881507
PLAYGROUND_GRAPH_DENSITY,0.026276648487853247,0.06593951412989589,1.0,0.0421417947446703,0.036936043629152204,0.03991075855230541,0.09965294992563213,0.07709469509172037,0.02875557759048091,0.03247397124442241,0.030738720872583045,0.10114030738720872,0.0909766980664353,0.06668319286068418,1.0,0.07139315815567675,0.026276648487853247,0.0436291522062469,0.05528011898859692,0.09791769955379276,0.08180466038671294,0.09444719881011403,0.09965294992563213,0.10138820029747149,0.0991571641051066,0.07436787307882994,0.03247397124442241,0.02949925632126921,0.03520079325731284,0.02404561229548835,0.09444719881011403,0.09890927119484383,0.0850272682201289,0.02404561229548835,0.0946950917203768,0.028011898859692613,0.0421417947446703
PLAYGROUND_INFORMATIVE_DIVERSE,0.07932573128408528,0.13039167079821518,0.07139315815567675,0.10089241447694595,0.0887456618740704,0.09643034209221617,0.17550818046603867,0.15716410510659395,0.08527516113039167,0.08601883986117997,0.09370352007932573,0.19137332672285573,0.18815071888943977,0.3267228557263262,0.07139315815567675,1.0,0.07932573128408528,0.3061477441745166,0.31011403073872085,0.17625185919682698,0.15666831928606842,0.17724343083787802,0.17203767972235995,0.18170550322260784,0.17575607337630145,0.1457610312345067,0.0857709469509172,0.08403569657907783,0.09072880515617253,0.07610312345066932,0.17649975210708974,0.18220128904313337,0.16584035696579078,0.07535944471988101,0.19112543381259295,0.07560733763014378,0.10089241447694595
PLAYGROUND_KCENTER_GREEDY,1.0,0.13039167079821518,0.026276648487853247,0.03148239960337134,0.03817550818046604,0.03817550818046604,0.08924144769459594,0.1700545364402578,0.03991075855230541,0.03941497273177987,0.037927615270203274,0.07882994546355974,0.07957362419434805,0.08279623202776401,0.026276648487853247,0.07932573128408528,1.0,0.05701536936043629,0.07312840852751612,0.08403569657907783,0.10956866633614279,0.08205255329697571,0.09766980664352999,0.08081308874566187,0.0961824491819534,0.11130391670798215,0.03891918691125434,0.03346554288547347,0.03173029251363411,0.029995042141794746,0.0946950917203768,0.07907783837382251,0.14402578086266732,0.028507684680218144,0.08601883986117997,0.035448686167575606,0.03148239960337134
PLAYGROUND_MARGIN,0.05701536936043629,0.10188398611799702,0.0436291522062469,0.07089737233515121,0.1308874566187407,0.1782350024789291,0.13733267228557264,0.11031234506693109,0.06494794248884482,0.06891422905304909,0.07089737233515121,0.12816063460585028,0.12592959841348536,0.33614278631631134,0.0436291522062469,0.3061477441745166,0.05701536936043629,1.0,0.451165096678235,0.11626177491323748,0.12369856222112048,0.12196331184928111,0.12221120475954388,0.12518591968269707,0.12741695587506197,0.11502231036192365,0.07238472979672782,0.07511155180961825,0.08006941001487357,0.1648487853247397,0.12320277640059495,0.1375805651958354,0.11527020327218641,0.11650966782350025,0.12816063460585028,0.10783341596430342,0.07089737233515121
PLAYGROUND_MIXTURE,0.07312840852751612,0.10733763014377788,0.05528011898859692,0.08626673277144274,0.0872583044124938,0.10708973723351513,0.14848785324739713,0.12989588497768964,0.06073376301437779,0.06370847793753098,0.06073376301437779,0.15592464055528013,0.14923153197818542,0.3173029251363411,0.05528011898859692,0.31011403073872085,0.07312840852751612,0.451165096678235,1.0,0.1420426375805652,0.13336638572136836,0.1494794248884482,0.13212692117005453,0.15443728309370353,0.1554288547347546,0.13237481408031732,0.06122954883490332,0.06494794248884482,0.06569162121963312,0.0932077342588002,0.13931581556767478,0.1626177491323748,0.13212692117005453,0.07064947942488845,0.15617253346554288,0.07659890927119484,0.08626673277144274
PLAYGROUND_UNIFORM,0.08403569657907783,0.13931581556767478,0.09791769955379276,0.11750123946455131,0.09791769955379276,0.10138820029747149,0.21764997521070897,0.16831928606841845,0.09370352007932573,0.08205255329697571,0.08552305404065444,0.22682201289043133,0.23648983639067922,0.15195835399107585,0.09791769955379276,0.17625185919682698,0.08403569657907783,0.11626177491323748,0.1420426375805652,1.0,0.15815567674764502,0.22087258304412494,0.21467526028755576,0.22459097669806644,0.2285572632622707,0.16980664352999505,0.0924640555280119,0.08750619732275657,0.09866137828458106,0.07734258800198314,0.20823004462072384,0.2278135845314824,0.1893901834407536,0.07560733763014378,0.21021318790282598,0.07783837382250867,0.11750123946455131
SKACTIVEML_COST_EMBEDDING,0.10956866633614279,0.14972731779871096,0.08180466038671294,0.08750619732275657,0.09766980664352999,0.08998512642538424,0.180466038671294,0.1834407535944472,0.08106098165592464,0.08477937530986614,0.08329201784828955,0.1707982151710461,0.161378284581061,0.161378284581061,0.08180466038671294,0.15666831928606842,0.10956866633614279,0.12369856222112048,0.13336638572136836,0.15815567674764502,1.0,0.16757560733763013,0.18740704015865145,0.1628656420426376,0.16807139315815567,0.18145761031234506,0.08924144769459594,0.08701041150223103,0.08403569657907783,0.06941001487357462,0.17055032226078334,0.1782350024789291,0.16732771442736738,0.07833415964303421,0.1663361427863163,0.07957362419434805,0.08750619732275657
SKACTIVEML_DAL,0.08205255329697571,0.14253842340109074,0.09444719881011403,0.1301437778879524,0.10237977193852256,0.10932077342588002,0.22880515617253347,0.1782350024789291,0.08824987605354487,0.08775409023301933,0.09866137828458106,0.22310361923648983,0.23475458601883986,0.1588993554784333,0.09444719881011403,0.17724343083787802,0.08205255329697571,0.12196331184928111,0.1494794248884482,0.22087258304412494,0.16757560733763013,1.0,0.22310361923648983,0.21566683192860683,0.2263262270699058,0.17402082300446206,0.08824987605354487,0.07808626673277144,0.0917203767972236,0.08626673277144274,0.21046108081308876,0.23723351512146754,0.19335647000495787,0.07932573128408528,0.21467526028755576,0.0887456618740704,0.1301437778879524
SKACTIVEML_DWUS,0.09766980664352999,0.16212196331184928,0.09965294992563213,0.11403073872087258,0.10411502231036192,0.10981655924640556,0.251611303916708,0.1908775409023302,0.07858205255329698,0.08205255329697571,0.0909766980664353,0.22607833415964304,0.2300446207238473,0.1502231036192365,0.09965294992563213,0.17203767972235995,0.09766980664352999,0.12221120475954388,0.13212692117005453,0.21467526028755576,0.18740704015865145,0.22310361923648983,1.0,0.2181457610312345,0.2114526524541398,0.18889439762022806,0.08924144769459594,0.08403569657907783,0.090233019335647,0.07535944471988101,0.2352503718393654,0.23847297967278136,0.1968269707486366,0.07808626673277144,0.21021318790282598,0.08403569657907783,0.11403073872087258
SKACTIVEML_QBC,0.08081308874566187,0.14724838869608328,0.10138820029747149,0.11998016856717898,0.09940505701536936,0.11006445215666832,0.23351512146752604,0.1745166088249876,0.08676251859196826,0.08378780366881507,0.09122459097669806,0.23624194348041647,0.2307882994546356,0.16435299950421417,0.10138820029747149,0.18170550322260784,0.08081308874566187,0.12518591968269707,0.15443728309370353,0.22459097669806644,0.1628656420426376,0.21566683192860683,0.2181457610312345,1.0,0.24070401586514625,0.17922657411998016,0.09568666336142786,0.0894893406048587,0.0946950917203768,0.08849776896380764,0.2166584035696579,0.23971244422409518,0.19509172037679723,0.07337630143777887,0.2211204759543877,0.08601883986117997,0.11998016856717898
SKACTIVEML_QBC_VOTE_ENTROPY,0.0961824491819534,0.15195835399107585,0.0991571641051066,0.11799702528507684,0.10188398611799702,0.10684184432325236,0.2315319781854239,0.1856717897868121,0.07932573128408528,0.09271194843827467,0.0924640555280119,0.22806147744174515,0.22508676251859197,0.16782350024789291,0.0991571641051066,0.17575607337630145,0.0961824491819534,0.12741695587506197,0.1554288547347546,0.2285572632622707,0.16807139315815567,0.2263262270699058,0.2114526524541398,0.24070401586514625,1.0,0.17501239464551313,0.08676251859196826,0.08626673277144274,0.090233019335647,0.07808626673277144,0.21715418939018344,0.2464055528011899,0.19905800694100148,0.07089737233515121,0.22012890431333665,0.0835399107585523,0.11799702528507684
SKACTIVEML_QUIRE,0.11130391670798215,0.18145761031234506,0.07436787307882994,0.0805651958353991,0.09940505701536936,0.10114030738720872,0.1945959345562717,0.21343579573624194,0.09122459097669806,0.08775409023301933,0.09147248388696083,0.17055032226078334,0.17575607337630145,0.15319781854238967,0.07436787307882994,0.1457610312345067,0.11130391670798215,0.11502231036192365,0.13237481408031732,0.16980664352999505,0.18145761031234506,0.17402082300446206,0.18889439762022806,0.17922657411998016,0.17501239464551313,1.0,0.08899355478433317,0.090233019335647,0.08775409023301933,0.08477937530986614,0.1737729300941993,0.1871591472483887,0.19558750619732276,0.0835399107585523,0.1707982151710461,0.0887456618740704,0.0805651958353991
SKACTIVEML_US_ENTROPY,0.03891918691125434,0.08626673277144274,0.03247397124442241,0.03222607833415964,0.08031730292513634,0.06767476450173525,0.08750619732275657,0.09419930589985126,0.0850272682201289,0.07635101636093208,0.06693108577094695,0.08998512642538424,0.08750619732275657,0.07759048091224591,0.03247397124442241,0.0857709469509172,0.03891918691125434,0.07238472979672782,0.06122954883490332,0.0924640555280119,0.08924144769459594,0.08824987605354487,0.08924144769459594,0.09568666336142786,0.08676251859196826,0.08899355478433317,1.0,0.7446703024293505,0.7248388696083292,0.053792761527020325,0.09072880515617253,0.09072880515617253,0.07982151710461081,0.06494794248884482,0.0872583044124938,0.08775409023301933,0.03222607833415964
SKACTIVEML_US_LC,0.03346554288547347,0.09196826970748637,0.02949925632126921,0.027020327218641546,0.0894893406048587,0.07436787307882994,0.07535944471988101,0.09419930589985126,0.07040158651462568,0.08527516113039167,0.06544372830937036,0.0924640555280119,0.08552305404065444,0.07610312345066932,0.02949925632126921,0.08403569657907783,0.03346554288547347,0.07511155180961825,0.06494794248884482,0.08750619732275657,0.08701041150223103,0.07808626673277144,0.08403569657907783,0.0894893406048587,0.08626673277144274,0.090233019335647,0.7446703024293505,1.0,0.7332672285572632,0.059494298463063956,0.08081308874566187,0.08031730292513634,0.08205255329697571,0.07387208725830441,0.08031730292513634,0.06767476450173525,0.027020327218641546
SKACTIVEML_US_MARGIN,0.03173029251363411,0.0857709469509172,0.03520079325731284,0.03991075855230541,0.08006941001487357,0.09370352007932573,0.08552305404065444,0.09072880515617253,0.06569162121963312,0.06742687159147248,0.090233019335647,0.09643034209221617,0.09519087754090233,0.07982151710461081,0.03520079325731284,0.09072880515617253,0.03173029251363411,0.08006941001487357,0.06569162121963312,0.09866137828458106,0.08403569657907783,0.0917203767972236,0.090233019335647,0.0946950917203768,0.090233019335647,0.08775409023301933,0.7248388696083292,0.7332672285572632,1.0,0.08031730292513634,0.08651462568170551,0.0969261279127417,0.07833415964303421,0.05775904809122459,0.09345562716906297,0.06048587010411502,0.03991075855230541
SMALLTEXT_BREAKINGTIES,0.029995042141794746,0.07411998016856718,0.02404561229548835,0.03247397124442241,0.11328705999008429,0.21988101140307387,0.07238472979672782,0.07436787307882994,0.06147744174516609,0.06593951412989589,0.08552305404065444,0.07982151710461081,0.08031730292513634,0.07982151710461081,0.02404561229548835,0.07610312345066932,0.029995042141794746,0.1648487853247397,0.0932077342588002,0.07734258800198314,0.06941001487357462,0.08626673277144274,0.07535944471988101,0.08849776896380764,0.07808626673277144,0.08477937530986614,0.053792761527020325,0.059494298463063956,0.08031730292513634,1.0,0.07635101636093208,0.0842835894893406,0.07064947942488845,0.721864154685176,0.0842835894893406,0.7178978681209718,0.03247397124442241
SMALLTEXT_CONTRASTIVEAL,0.0946950917203768,0.153941497273178,0.09444719881011403,0.11799702528507684,0.10510659395141299,0.10634605850272683,0.2345066931085771,0.19558750619732276,0.09816559246405553,0.08750619732275657,0.0969261279127417,0.2226078334159643,0.2181457610312345,0.1628656420426376,0.09444719881011403,0.17649975210708974,0.0946950917203768,0.12320277640059495,0.13931581556767478,0.20823004462072384,0.17055032226078334,0.21046108081308876,0.2352503718393654,0.2166584035696579,0.21715418939018344,0.1737729300941993,0.09072880515617253,0.08081308874566187,0.08651462568170551,0.07635101636093208,1.0,0.2181457610312345,0.19186911254338126,0.08106098165592464,0.2035200793257313,0.0850272682201289,0.11799702528507684
SMALLTEXT_EMBEDDINGKMEANS,0.07907783837382251,0.14823996033713435,0.09890927119484383,0.13039167079821518,0.10337134357957363,0.10956866633614279,0.2627664848785325,0.1923648983639068,0.0880019831432821,0.08998512642538424,0.10213187902825979,0.24194348041646008,0.24764501735250372,0.17476450173525038,0.09890927119484383,0.18220128904313337,0.07907783837382251,0.1375805651958354,0.1626177491323748,0.2278135845314824,0.1782350024789291,0.23723351512146754,0.23847297967278136,0.23971244422409518,0.2464055528011899,0.1871591472483887,0.09072880515617253,0.08031730292513634,0.0969261279127417,0.0842835894893406,0.2181457610312345,1.0,0.20079325731284084,0.07907783837382251,0.22979672781358454,0.0805651958353991,0.13039167079821518
SMALLTEXT_GREEDYCORESET,0.14402578086266732,0.1633614278631631,0.0850272682201289,0.10609816559246406,0.09766980664352999,0.09766980664352999,0.20153693604362916,0.21492315319781854,0.08552305404065444,0.08924144769459594,0.0924640555280119,0.18914229053049084,0.20451165096678234,0.14154685176003967,0.0850272682201289,0.16584035696579078,0.14402578086266732,0.11527020327218641,0.13212692117005453,0.1893901834407536,0.16732771442736738,0.19335647000495787,0.1968269707486366,0.19509172037679723,0.19905800694100148,0.19558750619732276,0.07982151710461081,0.08205255329697571,0.07833415964303421,0.07064947942488845,0.19186911254338126,0.20079325731284084,1.0,0.07635101636093208,0.19881011403073873,0.08155676747645017,0.10609816559246406
SMALLTEXT_LEASTCONFIDENCE,0.028507684680218144,0.07635101636093208,0.02404561229548835,0.02602875557759048,0.21839365394149726,0.11874070401586515,0.06693108577094695,0.07337630143777887,0.06643529995042141,0.0835399107585523,0.06643529995042141,0.07635101636093208,0.07709469509172037,0.07560733763014378,0.02404561229548835,0.07535944471988101,0.028507684680218144,0.11650966782350025,0.07064947942488845,0.07560733763014378,0.07833415964303421,0.07932573128408528,0.07808626673277144,0.07337630143777887,0.07089737233515121,0.0835399107585523,0.06494794248884482,0.07387208725830441,0.05775904809122459,0.721864154685176,0.08106098165592464,0.07907783837382251,0.07635101636093208,1.0,0.07238472979672782,0.7330193356470005,0.02602875557759048
SMALLTEXT_LIGHTWEIGHTCORESET,0.08601883986117997,0.14105106593951414,0.0946950917203768,0.11204759543877045,0.0999008428358949,0.10783341596430342,0.22880515617253347,0.18071393158155677,0.08031730292513634,0.08477937530986614,0.09345562716906297,0.2315319781854239,0.22657411998016858,0.161378284581061,0.0946950917203768,0.19112543381259295,0.08601883986117997,0.12816063460585028,0.15617253346554288,0.21021318790282598,0.1663361427863163,0.21467526028755576,0.21021318790282598,0.2211204759543877,0.22012890431333665,0.1707982151710461,0.0872583044124938,0.08031730292513634,0.09345562716906297,0.0842835894893406,0.2035200793257313,0.22979672781358454,0.19881011403073873,0.07238472979672782,1.0,0.08230044620723848,0.11204759543877045
SMALLTEXT_PREDICTIONENTROPY,0.035448686167575606,0.0813088745661874,0.028011898859692613,0.029995042141794746,0.1271690629647992,0.11750123946455131,0.07511155180961825,0.0850272682201289,0.08676251859196826,0.08006941001487357,0.06569162121963312,0.08230044620723848,0.08230044620723848,0.07387208725830441,0.028011898859692613,0.07560733763014378,0.035448686167575606,0.10783341596430342,0.07659890927119484,0.07783837382250867,0.07957362419434805,0.0887456618740704,0.08403569657907783,0.08601883986117997,0.0835399107585523,0.0887456618740704,0.08775409023301933,0.06767476450173525,0.06048587010411502,0.7178978681209718,0.0850272682201289,0.0805651958353991,0.08155676747645017,0.7330193356470005,0.08230044620723848,1.0,0.029995042141794746
SMALLTEXT_RANDOM,0.03148239960337134,0.07188894397620228,0.0421417947446703,1.0,0.04189390183440753,0.0458601883986118,0.11973227565691621,0.09196826970748637,0.03743182944967774,0.03247397124442241,0.03520079325731284,0.12221120475954388,0.13113534952900346,0.08378780366881507,0.0421417947446703,0.10089241447694595,0.03148239960337134,0.07089737233515121,0.08626673277144274,0.11750123946455131,0.08750619732275657,0.1301437778879524,0.11403073872087258,0.11998016856717898,0.11799702528507684,0.0805651958353991,0.03222607833415964,0.027020327218641546,0.03991075855230541,0.03247397124442241,0.11799702528507684,0.13039167079821518,0.10609816559246406,0.02602875557759048,0.11204759543877045,0.029995042141794746,1.0
