,ALIPY_CORESET_GREEDY,ALIPY_DENSITY_WEIGHTED,ALIPY_GRAPH_DENSITY,ALIPY_RANDOM,ALIPY_UNCERTAINTY_LC,ALIPY_UNCERTAINTY_MM,LIBACT_DWUS,LIBACT_QUIRE,LIBACT_UNCERTAINTY_ENT,LIBACT_UNCERTAINTY_LC,LIBACT_UNCERTAINTY_SM,OPTIMAL_GREEDY_10,OPTIMAL_GREEDY_20,PLAYGROUND_BANDIT,PLAYGROUND_GRAPH_DENSITY,PLAYGROUND_INFORMATIVE_DIVERSE,PLAYGROUND_KCENTER_GREEDY,PLAYGROUND_MARGIN,PLAYGROUND_MIXTURE,PLAYGROUND_UNIFORM,SKACTIVEML_COST_EMBEDDING,SKACTIVEML_DAL,SKACTIVEML_DWUS,SKACTIVEML_QBC,SKACTIVEML_QBC_VOTE_ENTROPY,SKACTIVEML_QUIRE,SKACTIVEML_US_ENTROPY,SKACTIVEML_US_LC,SKACTIVEML_US_MARGIN,SMALLTEXT_BREAKINGTIES,SMALLTEXT_CONTRASTIVEAL,SMALLTEXT_EMBEDDINGKMEANS,SMALLTEXT_GREEDYCORESET,SMALLTEXT_LEASTCONFIDENCE,SMALLTEXT_LIGHTWEIGHTCORESET,SMALLTEXT_PREDICTIONENTROPY,SMALLTEXT_RANDOM
ALIPY_CORESET_GREEDY,1.0,0.10956866633614279,0.09221616261774913,0.1715418939018344,0.05081804660386713,0.05230540406544373,0.1360932077342588,0.11155180961824492,0.0443728309370352,0.0421417947446703,0.0436291522062469,0.21690629647992068,0.20624690133862172,0.10386712940009915,0.09221616261774913,0.13510163609320774,1.0,0.07188894397620228,0.1279127416955875,0.20252850768468023,0.12989588497768964,0.1650966782350025,0.07213683688646505,0.08031730292513634,0.19633118492811105,0.0857709469509172,0.044124938026772434,0.0436291522062469,0.04709965294992563,0.040406544372830935,0.09866137828458106,0.15270203272186417,0.29474467030242935,0.0443728309370352,0.13782845810609817,0.042637580565195836,0.1715418939018344
ALIPY_DENSITY_WEIGHTED,0.10956866633614279,1.0,0.04313336638572137,0.04933068914229053,0.17575607337630145,0.1745166088249876,0.0532969757064948,0.07858205255329698,0.15592464055528013,0.15518096182449181,0.15245413981160139,0.06494794248884482,0.07089737233515121,0.11626177491323748,0.04313336638572137,0.10708973723351513,0.10956866633614279,0.146504709965295,0.10485870104115022,0.06544372830937036,0.12345066931085771,0.07882994546355974,0.0969261279127417,0.05899851264253842,0.06916212196331185,0.10981655924640556,0.16931085770946952,0.16732771442736738,0.1611303916707982,0.1626177491323748,0.06346058502726822,0.06296479920674268,0.10386712940009915,0.17055032226078334,0.07833415964303421,0.16955875061973227,0.04933068914229053
ALIPY_GRAPH_DENSITY,0.09221616261774913,0.04313336638572137,1.0,0.08775409023301933,0.031978185423896875,0.03346554288547347,0.06519583539910759,0.02751611303916708,0.025532969757064948,0.028507684680218144,0.029747149231531978,0.10758552305404065,0.10808130887456618,0.05899851264253842,1.0,0.08006941001487357,0.09221616261774913,0.0428854734754586,0.07015369360436291,0.11105602379771938,0.06122954883490332,0.08180466038671294,0.07362419434804164,0.053792761527020325,0.10832920178482895,0.02751611303916708,0.028011898859692613,0.026524541398116015,0.030738720872583045,0.029251363411006447,0.044124938026772434,0.10461080813088745,0.07362419434804164,0.02528507684680218,0.10089241447694595,0.025780862667327716,0.08775409023301933
ALIPY_RANDOM,0.1715418939018344,0.04933068914229053,0.08775409023301933,1.0,0.0458601883986118,0.05651958353991076,0.06395637084779375,0.034209221616261776,0.05057015369360436,0.0421417947446703,0.051065939514129896,0.3765493306891423,0.3621715418939018,0.1301437778879524,0.08775409023301933,0.14080317302925136,0.1715418939018344,0.06792265741199802,0.16088249876053545,0.4189390183440754,0.11179970252850768,0.27863163113534956,0.09048091224590976,0.10411502231036192,0.4053049082796232,0.06246901338621715,0.044124938026772434,0.0451165096678235,0.05676747645017353,0.05528011898859692,0.05999008428358949,0.21417947446703026,0.13956370847793753,0.0421417947446703,0.25409023301933564,0.0473475458601884,1.0
ALIPY_UNCERTAINTY_LC,0.05081804660386713,0.17575607337630145,0.031978185423896875,0.0458601883986118,1.0,0.7813584531482399,0.0384234010907288,0.02057511155180962,0.25012394645513136,0.28805156172533464,0.22756569162121965,0.06866633614278632,0.07213683688646505,0.1648487853247397,0.031978185423896875,0.1588993554784333,0.05081804660386713,0.28011898859692613,0.15220624690133863,0.06593951412989589,0.15071888943976203,0.06817055032226078,0.06817055032226078,0.05775904809122459,0.06841844323252355,0.09221616261774913,0.255825483391175,0.2964799206742687,0.23202776400594943,0.3190381755081805,0.04709965294992563,0.07411998016856718,0.06668319286068418,0.45091720376797223,0.06544372830937036,0.3663857213683689,0.0458601883986118
ALIPY_UNCERTAINTY_MM,0.05230540406544373,0.1745166088249876,0.03346554288547347,0.05651958353991076,0.7813584531482399,1.0,0.03817550818046604,0.025780862667327716,0.20029747149231533,0.23029251363411007,0.29325731284085277,0.07808626673277144,0.08205255329697571,0.1812097174020823,0.03346554288547347,0.17997025285076848,0.05230540406544373,0.33763014377788797,0.17674764501735252,0.07089737233515121,0.1457610312345067,0.06593951412989589,0.06916212196331185,0.06271690629647993,0.07759048091224591,0.08824987605354487,0.20748636588993555,0.2322756569162122,0.289786812097174,0.4590976698066435,0.04164600892414477,0.06519583539910759,0.06544372830937036,0.3150718889439762,0.07362419434804164,0.29127416955875063,0.05651958353991076
LIBACT_DWUS,0.1360932077342588,0.0532969757064948,0.06519583539910759,0.06395637084779375,0.0384234010907288,0.03817550818046604,1.0,0.10039662865642042,0.036440257808626676,0.03619236489836391,0.03470500743678731,0.0813088745661874,0.08106098165592464,0.058750619732275654,0.06519583539910759,0.062221120475954385,0.1360932077342588,0.05751115518096182,0.06792265741199802,0.07585523054040655,0.07585523054040655,0.06792265741199802,0.16162617749132374,0.05701536936043629,0.06668319286068418,0.09295984134853744,0.03668815071888944,0.03668815071888944,0.03520079325731284,0.032969757064947945,0.06841844323252355,0.12097174020823004,0.1487357461576599,0.033217649975210706,0.0850272682201289,0.03346554288547347,0.06395637084779375
LIBACT_QUIRE,0.11155180961824492,0.07858205255329698,0.02751611303916708,0.034209221616261776,0.02057511155180962,0.025780862667327716,0.10039662865642042,1.0,0.022310361923648984,0.019583539910758552,0.02330193356470005,0.03520079325731284,0.03619236489836391,0.03891918691125434,0.02751611303916708,0.02330193356470005,0.11155180961824492,0.025532969757064948,0.03767972235994051,0.0406544372830937,0.023797719385225583,0.0421417947446703,0.036440257808626676,0.033217649975210706,0.03991075855230541,0.08998512642538424,0.02404561229548835,0.019335647000495785,0.023054040654437283,0.023054040654437283,0.09940505701536936,0.03247397124442241,0.09370352007932573,0.01834407535944472,0.04610808130887457,0.020079325731284084,0.034209221616261776
LIBACT_UNCERTAINTY_ENT,0.0443728309370352,0.15592464055528013,0.025532969757064948,0.05057015369360436,0.25012394645513136,0.20029747149231533,0.036440257808626676,0.022310361923648984,1.0,0.8143282102131879,0.7523549826474962,0.06866633614278632,0.06742687159147248,0.11874070401586515,0.025532969757064948,0.14303420922161625,0.0443728309370352,0.15840356965790778,0.10832920178482895,0.07982151710461081,0.14377788795240456,0.06941001487357462,0.07635101636093208,0.06023797719385226,0.06990580069410014,0.08849776896380764,0.2672285572632623,0.22533465542885472,0.18368864650470995,0.23475458601883986,0.062221120475954385,0.07288051561725335,0.06023797719385226,0.2900347050074368,0.05924640555280119,0.3294496777392167,0.05057015369360436
LIBACT_UNCERTAINTY_LC,0.0421417947446703,0.15518096182449181,0.028507684680218144,0.0421417947446703,0.28805156172533464,0.23029251363411007,0.03619236489836391,0.019583539910758552,0.8143282102131879,1.0,0.7920178482895389,0.05850272682201289,0.062221120475954385,0.12766484878532475,0.028507684680218144,0.15790778383738224,0.0421417947446703,0.17476450173525038,0.11874070401586515,0.06122954883490332,0.14600892414476946,0.06147744174516609,0.06742687159147248,0.05577590480912246,0.059742191373326724,0.08676251859196826,0.24367873078829946,0.27863163113534956,0.2055032226078334,0.2583044124938027,0.03991075855230541,0.07213683688646505,0.059494298463063956,0.32721864154685176,0.061973227565691624,0.3034209221616262,0.0421417947446703
LIBACT_UNCERTAINTY_SM,0.0436291522062469,0.15245413981160139,0.029747149231531978,0.051065939514129896,0.22756569162121965,0.29325731284085277,0.03470500743678731,0.02330193356470005,0.7523549826474962,0.7920178482895389,1.0,0.06941001487357462,0.07040158651462568,0.13634110064452157,0.029747149231531978,0.17352503718393653,0.0436291522062469,0.19484382746653445,0.12592959841348536,0.06916212196331185,0.1412989588497769,0.057263262270699056,0.07486365889935548,0.06470004957858205,0.07164105106593951,0.08477937530986614,0.19633118492811105,0.2114526524541398,0.270699058006941,0.33143282102131877,0.03941497273177987,0.06395637084779375,0.06370847793753098,0.2672285572632623,0.06370847793753098,0.259048091224591,0.051065939514129896
OPTIMAL_GREEDY_10,0.21690629647992068,0.06494794248884482,0.10758552305404065,0.3765493306891423,0.06866633614278632,0.07808626673277144,0.0813088745661874,0.03520079325731284,0.06866633614278632,0.05850272682201289,0.06941001487357462,1.0,0.5575111551809618,0.1663361427863163,0.10758552305404065,0.20748636588993555,0.21690629647992068,0.11155180961824492,0.22285572632622708,0.42860684184432324,0.1457610312345067,0.3289538919186911,0.10039662865642042,0.1212196331184928,0.4303420922161626,0.090233019335647,0.06693108577094695,0.06569162121963312,0.07734258800198314,0.06841844323252355,0.06172533465542886,0.2555775904809122,0.1648487853247397,0.05775904809122459,0.2863163113534953,0.06023797719385226,0.3765493306891423
OPTIMAL_GREEDY_20,0.20624690133862172,0.07089737233515121,0.10808130887456618,0.3621715418939018,0.07213683688646505,0.08205255329697571,0.08106098165592464,0.03619236489836391,0.06742687159147248,0.062221120475954385,0.07040158651462568,0.5575111551809618,1.0,0.17203767972235995,0.10808130887456618,0.20674268715914726,0.20624690133862172,0.10981655924640556,0.22607833415964304,0.42017848289538917,0.14526524541398117,0.3254833911750124,0.09593455627169063,0.12667327714427368,0.41745166088249874,0.09048091224590976,0.06246901338621715,0.06519583539910759,0.07064947942488845,0.06941001487357462,0.06593951412989589,0.24690133862171543,0.16831928606841845,0.059742191373326724,0.2751611303916708,0.05899851264253842,0.3621715418939018
PLAYGROUND_BANDIT,0.10386712940009915,0.11626177491323748,0.05899851264253842,0.1301437778879524,0.1648487853247397,0.1812097174020823,0.058750619732275654,0.03891918691125434,0.11874070401586515,0.12766484878532475,0.13634110064452157,0.1663361427863163,0.17203767972235995,1.0,0.05899851264253842,0.39439762022806146,0.10386712940009915,0.5666831928606841,0.4923153197818542,0.17501239464551313,0.27689638076351014,0.13559742191373328,0.08006941001487357,0.08998512642538424,0.153941497273178,0.18393653941497273,0.12171541893901834,0.12667327714427368,0.13262270699058007,0.16980664352999505,0.06643529995042141,0.124194348041646,0.12667327714427368,0.14774417451660882,0.14253842340109074,0.14253842340109074,0.1301437778879524
PLAYGROUND_GRAPH_DENSITY,0.09221616261774913,0.04313336638572137,1.0,0.08775409023301933,0.031978185423896875,0.03346554288547347,0.06519583539910759,0.02751611303916708,0.025532969757064948,0.028507684680218144,0.029747149231531978,0.10758552305404065,0.10808130887456618,0.05899851264253842,1.0,0.08006941001487357,0.09221616261774913,0.0428854734754586,0.07015369360436291,0.11105602379771938,0.06122954883490332,0.08180466038671294,0.07362419434804164,0.053792761527020325,0.10832920178482895,0.02751611303916708,0.028011898859692613,0.026524541398116015,0.030738720872583045,0.029251363411006447,0.044124938026772434,0.10461080813088745,0.07362419434804164,0.02528507684680218,0.10089241447694595,0.025780862667327716,0.08775409023301933
PLAYGROUND_INFORMATIVE_DIVERSE,0.13510163609320774,0.10708973723351513,0.08006941001487357,0.14080317302925136,0.1588993554784333,0.17997025285076848,0.062221120475954385,0.02330193356470005,0.14303420922161625,0.15790778383738224,0.17352503718393653,0.20748636588993555,0.20674268715914726,0.39439762022806146,0.08006941001487357,1.0,0.13510163609320774,0.42563212692117003,0.4038175508180466,0.15418939018344074,0.26574119980168565,0.13658899355478432,0.07213683688646505,0.10312345066931086,0.1737729300941993,0.17203767972235995,0.14848785324739713,0.15592464055528013,0.17302925136341102,0.17055032226078334,0.06618740704015866,0.15666831928606842,0.12543381259295985,0.14377788795240456,0.14923153197818542,0.14749628160634606,0.14080317302925136
PLAYGROUND_KCENTER_GREEDY,1.0,0.10956866633614279,0.09221616261774913,0.1715418939018344,0.05081804660386713,0.05230540406544373,0.1360932077342588,0.11155180961824492,0.0443728309370352,0.0421417947446703,0.0436291522062469,0.21690629647992068,0.20624690133862172,0.10386712940009915,0.09221616261774913,0.13510163609320774,1.0,0.07188894397620228,0.1279127416955875,0.20252850768468023,0.12989588497768964,0.1650966782350025,0.07213683688646505,0.08031730292513634,0.19633118492811105,0.0857709469509172,0.044124938026772434,0.0436291522062469,0.04709965294992563,0.040406544372830935,0.09866137828458106,0.15270203272186417,0.29474467030242935,0.0443728309370352,0.13782845810609817,0.042637580565195836,0.1715418939018344
PLAYGROUND_MARGIN,0.07188894397620228,0.146504709965295,0.0428854734754586,0.06792265741199802,0.28011898859692613,0.33763014377788797,0.05751115518096182,0.025532969757064948,0.15840356965790778,0.17476450173525038,0.19484382746653445,0.11155180961824492,0.10981655924640556,0.5666831928606841,0.0428854734754586,0.42563212692117003,0.07188894397620228,1.0,0.4727317798710957,0.0932077342588002,0.2672285572632623,0.07362419434804164,0.06767476450173525,0.0813088745661874,0.09568666336142786,0.17873078829945463,0.17476450173525038,0.1849281110560238,0.19533961328705998,0.3254833911750124,0.06346058502726822,0.08676251859196826,0.0932077342588002,0.26078334159643035,0.10312345066931086,0.24293505205751115,0.06792265741199802
PLAYGROUND_MIXTURE,0.1279127416955875,0.10485870104115022,0.07015369360436291,0.16088249876053545,0.15220624690133863,0.17674764501735252,0.06792265741199802,0.03767972235994051,0.10832920178482895,0.11874070401586515,0.12592959841348536,0.22285572632622708,0.22607833415964304,0.4923153197818542,0.07015369360436291,0.4038175508180466,0.1279127416955875,0.4727317798710957,1.0,0.20649479424888448,0.2464055528011899,0.15047099652949925,0.08775409023301933,0.11303916707982152,0.19707486365889937,0.16162617749132374,0.10882498760535449,0.11527020327218641,0.1264253842340109,0.16559246405552802,0.06717897868120971,0.1648487853247397,0.16906296479920674,0.13485374318294496,0.17104610808130888,0.12865642042637582,0.16088249876053545
PLAYGROUND_UNIFORM,0.20252850768468023,0.06544372830937036,0.11105602379771938,0.4189390183440754,0.06593951412989589,0.07089737233515121,0.07585523054040655,0.0406544372830937,0.07982151710461081,0.06122954883490332,0.06916212196331185,0.42860684184432324,0.42017848289538917,0.17501239464551313,0.11105602379771938,0.15418939018344074,0.20252850768468023,0.0932077342588002,0.20649479424888448,1.0,0.14898363906792267,0.2957362419434804,0.09643034209221617,0.12617749132374814,0.4516608824987605,0.08180466038671294,0.058750619732275654,0.058254833911750126,0.06891422905304909,0.07238472979672782,0.06767476450173525,0.23648983639067922,0.1707982151710461,0.06445215666831929,0.27540902330193356,0.06717897868120971,0.4189390183440754
SKACTIVEML_COST_EMBEDDING,0.12989588497768964,0.12345066931085771,0.06122954883490332,0.11179970252850768,0.15071888943976203,0.1457610312345067,0.07585523054040655,0.023797719385225583,0.14377788795240456,0.14600892414476946,0.1412989588497769,0.1457610312345067,0.14526524541398117,0.27689638076351014,0.06122954883490332,0.26574119980168565,0.12989588497768964,0.2672285572632623,0.2464055528011899,0.14898363906792267,1.0,0.10560237977193852,0.10411502231036192,0.09866137828458106,0.14328210213187903,0.20252850768468023,0.1442736737729301,0.14700049578582053,0.13857213683688646,0.13113534952900346,0.06494794248884482,0.1346058502726822,0.1383242439266237,0.13510163609320774,0.1308874566187407,0.13882002974714924,0.11179970252850768
SKACTIVEML_DAL,0.1650966782350025,0.07882994546355974,0.08180466038671294,0.27863163113534956,0.06817055032226078,0.06593951412989589,0.06792265741199802,0.0421417947446703,0.06941001487357462,0.06147744174516609,0.057263262270699056,0.3289538919186911,0.3254833911750124,0.13559742191373328,0.08180466038671294,0.13658899355478432,0.1650966782350025,0.07362419434804164,0.15047099652949925,0.2957362419434804,0.10560237977193852,1.0,0.10535448686167576,0.1036192364898364,0.30862667327714427,0.06891422905304909,0.061973227565691624,0.06246901338621715,0.062221120475954385,0.06172533465542886,0.06742687159147248,0.17352503718393653,0.12692117005453643,0.06271690629647993,0.22012890431333665,0.06122954883490332,0.27863163113534956
SKACTIVEML_DWUS,0.07213683688646505,0.0969261279127417,0.07362419434804164,0.09048091224590976,0.06817055032226078,0.06916212196331185,0.16162617749132374,0.036440257808626676,0.07635101636093208,0.06742687159147248,0.07486365889935548,0.10039662865642042,0.09593455627169063,0.08006941001487357,0.07362419434804164,0.07213683688646505,0.07213683688646505,0.06767476450173525,0.08775409023301933,0.09643034209221617,0.10411502231036192,0.10535448686167576,1.0,0.07139315815567675,0.10237977193852256,0.06296479920674268,0.07585523054040655,0.07139315815567675,0.07387208725830441,0.07312840852751612,0.04709965294992563,0.10237977193852256,0.08106098165592464,0.06916212196331185,0.09643034209221617,0.07337630143777887,0.09048091224590976
SKACTIVEML_QBC,0.08031730292513634,0.05899851264253842,0.053792761527020325,0.10411502231036192,0.05775904809122459,0.06271690629647993,0.05701536936043629,0.033217649975210706,0.06023797719385226,0.05577590480912246,0.06470004957858205,0.1212196331184928,0.12667327714427368,0.08998512642538424,0.053792761527020325,0.10312345066931086,0.08031730292513634,0.0813088745661874,0.11303916707982152,0.12617749132374814,0.09866137828458106,0.1036192364898364,0.07139315815567675,1.0,0.11923648983639068,0.062221120475954385,0.05304908279623203,0.05404065443728309,0.06172533465542886,0.060981655924640554,0.07759048091224591,0.11056023797719385,0.0932077342588002,0.057263262270699056,0.11056023797719385,0.05751115518096182,0.10411502231036192
SKACTIVEML_QBC_VOTE_ENTROPY,0.19633118492811105,0.06916212196331185,0.10832920178482895,0.4053049082796232,0.06841844323252355,0.07759048091224591,0.06668319286068418,0.03991075855230541,0.06990580069410014,0.059742191373326724,0.07164105106593951,0.4303420922161626,0.41745166088249874,0.153941497273178,0.10832920178482895,0.1737729300941993,0.19633118492811105,0.09568666336142786,0.19707486365889937,0.4516608824987605,0.14328210213187903,0.30862667327714427,0.10237977193852256,0.11923648983639068,1.0,0.08403569657907783,0.06023797719385226,0.05999008428358949,0.07709469509172037,0.06841844323252355,0.06866633614278632,0.24814080317302925,0.16460089241447695,0.05651958353991076,0.27987109568666335,0.05676747645017353,0.4053049082796232
SKACTIVEML_QUIRE,0.0857709469509172,0.10981655924640556,0.02751611303916708,0.06246901338621715,0.09221616261774913,0.08824987605354487,0.09295984134853744,0.08998512642538424,0.08849776896380764,0.08676251859196826,0.08477937530986614,0.090233019335647,0.09048091224590976,0.18393653941497273,0.02751611303916708,0.17203767972235995,0.0857709469509172,0.17873078829945463,0.16162617749132374,0.08180466038671294,0.20252850768468023,0.06891422905304909,0.06296479920674268,0.062221120475954385,0.08403569657907783,1.0,0.08378780366881507,0.08081308874566187,0.07808626673277144,0.08304412493802678,0.06271690629647993,0.05899851264253842,0.11527020327218641,0.08701041150223103,0.06941001487357462,0.0872583044124938,0.06246901338621715
SKACTIVEML_US_ENTROPY,0.044124938026772434,0.16931085770946952,0.028011898859692613,0.044124938026772434,0.255825483391175,0.20748636588993555,0.03668815071888944,0.02404561229548835,0.2672285572632623,0.24367873078829946,0.19633118492811105,0.06693108577094695,0.06246901338621715,0.12171541893901834,0.028011898859692613,0.14848785324739713,0.044124938026772434,0.17476450173525038,0.10882498760535449,0.058750619732275654,0.1442736737729301,0.061973227565691624,0.07585523054040655,0.05304908279623203,0.06023797719385226,0.08378780366881507,1.0,0.8349033217649975,0.7657411998016856,0.17550818046603867,0.0466038671294001,0.06470004957858205,0.0532969757064948,0.23574615765989093,0.058750619732275654,0.28135845314824,0.044124938026772434
SKACTIVEML_US_LC,0.0436291522062469,0.16732771442736738,0.026524541398116015,0.0451165096678235,0.2964799206742687,0.2322756569162122,0.03668815071888944,0.019335647000495785,0.22533465542885472,0.27863163113534956,0.2114526524541398,0.06569162121963312,0.06519583539910759,0.12667327714427368,0.026524541398116015,0.15592464055528013,0.0436291522062469,0.1849281110560238,0.11527020327218641,0.058254833911750126,0.14700049578582053,0.06246901338621715,0.07139315815567675,0.05404065443728309,0.05999008428358949,0.08081308874566187,0.8349033217649975,1.0,0.801437778879524,0.2020327218641547,0.0428854734754586,0.06544372830937036,0.05552801189885969,0.26425384234010907,0.05999008428358949,0.2374814080317303,0.0451165096678235
SKACTIVEML_US_MARGIN,0.04709965294992563,0.1611303916707982,0.030738720872583045,0.05676747645017353,0.23202776400594943,0.289786812097174,0.03520079325731284,0.023054040654437283,0.18368864650470995,0.2055032226078334,0.270699058006941,0.07734258800198314,0.07064947942488845,0.13262270699058007,0.030738720872583045,0.17302925136341102,0.04709965294992563,0.19533961328705998,0.1264253842340109,0.06891422905304909,0.13857213683688646,0.062221120475954385,0.07387208725830441,0.06172533465542886,0.07709469509172037,0.07808626673277144,0.7657411998016856,0.801437778879524,1.0,0.2543381259295984,0.0384234010907288,0.06122954883490332,0.05528011898859692,0.20674268715914726,0.06891422905304909,0.1886465047099653,0.05676747645017353
SMALLTEXT_BREAKINGTIES,0.040406544372830935,0.1626177491323748,0.029251363411006447,0.05528011898859692,0.3190381755081805,0.4590976698066435,0.032969757064947945,0.023054040654437283,0.23475458601883986,0.2583044124938027,0.33143282102131877,0.06841844323252355,0.06941001487357462,0.16980664352999505,0.029251363411006447,0.17055032226078334,0.040406544372830935,0.3254833911750124,0.16559246405552802,0.07238472979672782,0.13113534952900346,0.06172533465542886,0.07312840852751612,0.060981655924640554,0.06841844323252355,0.08304412493802678,0.17550818046603867,0.2020327218641547,0.2543381259295984,1.0,0.04238968765493307,0.05899851264253842,0.05800694100148736,0.7845810609816559,0.07139315815567675,0.7600396628656421,0.05528011898859692
SMALLTEXT_CONTRASTIVEAL,0.09866137828458106,0.06346058502726822,0.044124938026772434,0.05999008428358949,0.04709965294992563,0.04164600892414477,0.06841844323252355,0.09940505701536936,0.062221120475954385,0.03991075855230541,0.03941497273177987,0.06172533465542886,0.06593951412989589,0.06643529995042141,0.044124938026772434,0.06618740704015866,0.09866137828458106,0.06346058502726822,0.06717897868120971,0.06767476450173525,0.06494794248884482,0.06742687159147248,0.04709965294992563,0.07759048091224591,0.06866633614278632,0.06271690629647993,0.0466038671294001,0.0428854734754586,0.0384234010907288,0.04238968765493307,1.0,0.07957362419434805,0.14724838869608328,0.04610808130887457,0.07535944471988101,0.04610808130887457,0.05999008428358949
SMALLTEXT_EMBEDDINGKMEANS,0.15270203272186417,0.06296479920674268,0.10461080813088745,0.21417947446703026,0.07411998016856718,0.06519583539910759,0.12097174020823004,0.03247397124442241,0.07288051561725335,0.07213683688646505,0.06395637084779375,0.2555775904809122,0.24690133862171543,0.124194348041646,0.10461080813088745,0.15666831928606842,0.15270203272186417,0.08676251859196826,0.1648487853247397,0.23648983639067922,0.1346058502726822,0.17352503718393653,0.10237977193852256,0.11056023797719385,0.24814080317302925,0.05899851264253842,0.06470004957858205,0.06544372830937036,0.06122954883490332,0.05899851264253842,0.07957362419434805,1.0,0.18889439762022806,0.06941001487357462,0.2285572632622707,0.06817055032226078,0.21417947446703026
SMALLTEXT_GREEDYCORESET,0.29474467030242935,0.10386712940009915,0.07362419434804164,0.13956370847793753,0.06668319286068418,0.06544372830937036,0.1487357461576599,0.09370352007932573,0.06023797719385226,0.059494298463063956,0.06370847793753098,0.1648487853247397,0.16831928606841845,0.12667327714427368,0.07362419434804164,0.12543381259295985,0.29474467030242935,0.0932077342588002,0.16906296479920674,0.1707982151710461,0.1383242439266237,0.12692117005453643,0.08106098165592464,0.0932077342588002,0.16460089241447695,0.11527020327218641,0.0532969757064948,0.05552801189885969,0.05528011898859692,0.05800694100148736,0.14724838869608328,0.18889439762022806,1.0,0.05775904809122459,0.1737729300941993,0.05503222607833416,0.13956370847793753
SMALLTEXT_LEASTCONFIDENCE,0.0443728309370352,0.17055032226078334,0.02528507684680218,0.0421417947446703,0.45091720376797223,0.3150718889439762,0.033217649975210706,0.01834407535944472,0.2900347050074368,0.32721864154685176,0.2672285572632623,0.05775904809122459,0.059742191373326724,0.14774417451660882,0.02528507684680218,0.14377788795240456,0.0443728309370352,0.26078334159643035,0.13485374318294496,0.06445215666831929,0.13510163609320774,0.06271690629647993,0.06916212196331185,0.057263262270699056,0.05651958353991076,0.08701041150223103,0.23574615765989093,0.26425384234010907,0.20674268715914726,0.7845810609816559,0.04610808130887457,0.06941001487357462,0.05775904809122459,1.0,0.062221120475954385,0.8435795736241943,0.0421417947446703
SMALLTEXT_LIGHTWEIGHTCORESET,0.13782845810609817,0.07833415964303421,0.10089241447694595,0.25409023301933564,0.06544372830937036,0.07362419434804164,0.0850272682201289,0.04610808130887457,0.05924640555280119,0.061973227565691624,0.06370847793753098,0.2863163113534953,0.2751611303916708,0.14253842340109074,0.10089241447694595,0.14923153197818542,0.13782845810609817,0.10312345066931086,0.17104610808130888,0.27540902330193356,0.1308874566187407,0.22012890431333665,0.09643034209221617,0.11056023797719385,0.27987109568666335,0.06941001487357462,0.058750619732275654,0.05999008428358949,0.06891422905304909,0.07139315815567675,0.07535944471988101,0.2285572632622707,0.1737729300941993,0.062221120475954385,1.0,0.06321269211700545,0.25409023301933564
SMALLTEXT_PREDICTIONENTROPY,0.042637580565195836,0.16955875061973227,0.025780862667327716,0.0473475458601884,0.3663857213683689,0.29127416955875063,0.03346554288547347,0.020079325731284084,0.3294496777392167,0.3034209221616262,0.259048091224591,0.06023797719385226,0.05899851264253842,0.14253842340109074,0.025780862667327716,0.14749628160634606,0.042637580565195836,0.24293505205751115,0.12865642042637582,0.06717897868120971,0.13882002974714924,0.06122954883490332,0.07337630143777887,0.05751115518096182,0.05676747645017353,0.0872583044124938,0.28135845314824,0.2374814080317303,0.1886465047099653,0.7600396628656421,0.04610808130887457,0.06817055032226078,0.05503222607833416,0.8435795736241943,0.06321269211700545,1.0,0.0473475458601884
SMALLTEXT_RANDOM,0.1715418939018344,0.04933068914229053,0.08775409023301933,1.0,0.0458601883986118,0.05651958353991076,0.06395637084779375,0.034209221616261776,0.05057015369360436,0.0421417947446703,0.051065939514129896,0.3765493306891423,0.3621715418939018,0.1301437778879524,0.08775409023301933,0.14080317302925136,0.1715418939018344,0.06792265741199802,0.16088249876053545,0.4189390183440754,0.11179970252850768,0.27863163113534956,0.09048091224590976,0.10411502231036192,0.4053049082796232,0.06246901338621715,0.044124938026772434,0.0451165096678235,0.05676747645017353,0.05528011898859692,0.05999008428358949,0.21417947446703026,0.13956370847793753,0.0421417947446703,0.25409023301933564,0.0473475458601884,1.0
