,ALIPY_CORESET_GREEDY,ALIPY_DENSITY_WEIGHTED,ALIPY_GRAPH_DENSITY,ALIPY_RANDOM,ALIPY_UNCERTAINTY_LC,ALIPY_UNCERTAINTY_MM,LIBACT_DWUS,LIBACT_QUIRE,LIBACT_UNCERTAINTY_ENT,LIBACT_UNCERTAINTY_LC,LIBACT_UNCERTAINTY_SM,OPTIMAL_GREEDY_10,OPTIMAL_GREEDY_20,PLAYGROUND_BANDIT,PLAYGROUND_GRAPH_DENSITY,PLAYGROUND_INFORMATIVE_DIVERSE,PLAYGROUND_KCENTER_GREEDY,PLAYGROUND_MARGIN,PLAYGROUND_MIXTURE,PLAYGROUND_UNIFORM,SKACTIVEML_COST_EMBEDDING,SKACTIVEML_DAL,SKACTIVEML_DWUS,SKACTIVEML_QBC,SKACTIVEML_QBC_VOTE_ENTROPY,SKACTIVEML_QUIRE,SKACTIVEML_US_ENTROPY,SKACTIVEML_US_LC,SKACTIVEML_US_MARGIN,SMALLTEXT_BREAKINGTIES,SMALLTEXT_CONTRASTIVEAL,SMALLTEXT_EMBEDDINGKMEANS,SMALLTEXT_GREEDYCORESET,SMALLTEXT_LEASTCONFIDENCE,SMALLTEXT_LIGHTWEIGHTCORESET,SMALLTEXT_PREDICTIONENTROPY,SMALLTEXT_RANDOM
ALIPY_CORESET_GREEDY,1.0,0.14080317302925136,0.08849776896380764,0.09766980664352999,0.08106098165592464,0.08106098165592464,0.07734258800198314,0.1294000991571641,0.061973227565691624,0.05800694100148736,0.05701536936043629,0.16212196331184928,0.16732771442736738,0.10064452156668319,0.08849776896380764,0.11725334655428855,1.0,0.08998512642538424,0.12617749132374814,0.14253842340109074,0.11601388200297472,0.15294992563212692,0.10708973723351513,0.12022806147744175,0.15666831928606842,0.12072384729796728,0.06792265741199802,0.07436787307882994,0.06916212196331185,0.06668319286068418,0.11477441745166088,0.1611303916707982,0.2020327218641547,0.07238472979672782,0.15195835399107585,0.07263262270699058,0.09766980664352999
ALIPY_DENSITY_WEIGHTED,0.14080317302925136,1.0,0.10634605850272683,0.10857709469509172,0.14105106593951414,0.14080317302925136,0.146504709965295,0.1841844323252355,0.11254338125929599,0.11750123946455131,0.11502231036192365,0.18740704015865145,0.18220128904313337,0.14526524541398117,0.10634605850272683,0.15071888943976203,0.14080317302925136,0.13336638572136836,0.14303420922161625,0.17773921665840356,0.1576598909271195,0.19583539910758552,0.1841844323252355,0.14377788795240456,0.18071393158155677,0.2035200793257313,0.11898859692612791,0.12816063460585028,0.12766484878532475,0.11849281110560238,0.14898363906792267,0.1752602875557759,0.20401586514625683,0.11973227565691621,0.1812097174020823,0.12097174020823004,0.10857709469509172
ALIPY_GRAPH_DENSITY,0.08849776896380764,0.10634605850272683,1.0,0.10560237977193852,0.06841844323252355,0.07461576598909271,0.10485870104115022,0.09345562716906297,0.05899851264253842,0.05081804660386713,0.06172533465542886,0.18368864650470995,0.17922657411998016,0.0969261279127417,1.0,0.10510659395141299,0.08849776896380764,0.08006941001487357,0.11799702528507684,0.1685671789786812,0.10585027268220129,0.14823996033713435,0.12394645513138325,0.1331184928111056,0.16807139315815567,0.09667823500247893,0.06346058502726822,0.06346058502726822,0.06817055032226078,0.06767476450173525,0.0946950917203768,0.17699553792761527,0.1457610312345067,0.05701536936043629,0.1648487853247397,0.06668319286068418,0.10560237977193852
ALIPY_RANDOM,0.09766980664352999,0.10857709469509172,0.10560237977193852,1.0,0.07783837382250867,0.08081308874566187,0.0917203767972236,0.0984134853743183,0.06023797719385226,0.058750619732275654,0.06519583539910759,0.21566683192860683,0.2181457610312345,0.10386712940009915,0.10560237977193852,0.13485374318294496,0.09766980664352999,0.0984134853743183,0.14774417451660882,0.19657907783837383,0.11204759543877045,0.18220128904313337,0.10237977193852256,0.14452156668319285,0.2020327218641547,0.11551809618244918,0.06792265741199802,0.06916212196331185,0.07585523054040655,0.06395637084779375,0.10634605850272683,0.19162121963311848,0.1338621715418939,0.06073376301437779,0.1819533961328706,0.06445215666831929,1.0
ALIPY_UNCERTAINTY_LC,0.08106098165592464,0.14105106593951414,0.06841844323252355,0.07783837382250867,1.0,0.7469013386217154,0.0880019831432821,0.09221616261774913,0.12196331184928111,0.14303420922161625,0.11279127416955875,0.1375805651958354,0.13708477937530986,0.17848289538919188,0.06841844323252355,0.13634110064452157,0.08106098165592464,0.1968269707486366,0.15047099652949925,0.13138324243926625,0.13634110064452157,0.13931581556767478,0.12345066931085771,0.10733763014377788,0.13063956370847793,0.13237481408031732,0.1383242439266237,0.16608824987605356,0.12964799206742686,0.20277640059494298,0.10907288051561725,0.12840852751611304,0.11799702528507684,0.3334159643034209,0.13782845810609817,0.22806147744174515,0.07783837382250867
ALIPY_UNCERTAINTY_MM,0.08106098165592464,0.14080317302925136,0.07461576598909271,0.08081308874566187,0.7469013386217154,1.0,0.0991571641051066,0.09370352007932573,0.09866137828458106,0.10312345066931086,0.1554288547347546,0.14600892414476946,0.1412989588497769,0.19633118492811105,0.07461576598909271,0.14005949429846307,0.08106098165592464,0.25632126921170056,0.18294496777392166,0.14030738720872582,0.13287059990084282,0.14452156668319285,0.1360932077342588,0.11551809618244918,0.14030738720872582,0.131631135349529,0.11700545364402579,0.1279127416955875,0.16162617749132374,0.3289538919186911,0.10907288051561725,0.139067922657412,0.13336638572136836,0.2077342588001983,0.14476945959345563,0.1819533961328706,0.08081308874566187
LIBACT_DWUS,0.07734258800198314,0.146504709965295,0.10485870104115022,0.0917203767972236,0.0880019831432821,0.0991571641051066,1.0,0.14080317302925136,0.07610312345066932,0.07040158651462568,0.08329201784828955,0.1479920674268716,0.13807635101636093,0.10560237977193852,0.10485870104115022,0.10188398611799702,0.07734258800198314,0.09717402082300446,0.09370352007932573,0.1405552801189886,0.12915220624690135,0.15443728309370353,0.17352503718393653,0.15146256817055032,0.1588993554784333,0.1360932077342588,0.07288051561725335,0.07164105106593951,0.07982151710461081,0.08304412493802678,0.146504709965295,0.18145761031234506,0.14030738720872582,0.07610312345066932,0.14749628160634606,0.0813088745661874,0.0917203767972236
LIBACT_QUIRE,0.1294000991571641,0.1841844323252355,0.09345562716906297,0.0984134853743183,0.09221616261774913,0.09370352007932573,0.14080317302925136,1.0,0.07957362419434805,0.07238472979672782,0.07982151710461081,0.1670798215171046,0.1626177491323748,0.12592959841348536,0.09345562716906297,0.13435795736241943,0.1294000991571641,0.10832920178482895,0.12196331184928111,0.16162617749132374,0.1353495290034705,0.16732771442736738,0.1574119980168567,0.1576598909271195,0.1670798215171046,0.18591968269707487,0.09122459097669806,0.0887456618740704,0.0932077342588002,0.07833415964303421,0.1663361427863163,0.16162617749132374,0.17327714427367377,0.07411998016856718,0.16683192860684184,0.08081308874566187,0.0984134853743183
LIBACT_UNCERTAINTY_ENT,0.061973227565691624,0.11254338125929599,0.05899851264253842,0.06023797719385226,0.12196331184928111,0.09866137828458106,0.07610312345066932,0.07957362419434805,1.0,0.7808626673277145,0.7441745166088249,0.10386712940009915,0.10188398611799702,0.0909766980664353,0.05899851264253842,0.1256817055032226,0.061973227565691624,0.08676251859196826,0.08329201784828955,0.09816559246405553,0.10907288051561725,0.10956866633614279,0.11874070401586515,0.08651462568170551,0.11080813088745661,0.09766980664352999,0.15245413981160139,0.11551809618244918,0.09643034209221617,0.12816063460585028,0.07982151710461081,0.10337134357957363,0.10213187902825979,0.14972731779871096,0.10262766484878533,0.18963807635101637,0.06023797719385226
LIBACT_UNCERTAINTY_LC,0.05800694100148736,0.11750123946455131,0.05081804660386713,0.058750619732275654,0.14303420922161625,0.10312345066931086,0.07040158651462568,0.07238472979672782,0.7808626673277145,1.0,0.7647496281606346,0.10708973723351513,0.10510659395141299,0.09816559246405553,0.05081804660386713,0.13708477937530986,0.05800694100148736,0.0932077342588002,0.0857709469509172,0.0984134853743183,0.11279127416955875,0.10857709469509172,0.11725334655428855,0.08552305404065444,0.10783341596430342,0.0887456618740704,0.11799702528507684,0.15195835399107585,0.10832920178482895,0.12989588497768964,0.07833415964303421,0.10461080813088745,0.0961824491819534,0.17402082300446206,0.10510659395141299,0.15146256817055032,0.058750619732275654
LIBACT_UNCERTAINTY_SM,0.05701536936043629,0.11502231036192365,0.06172533465542886,0.06519583539910759,0.11279127416955875,0.1554288547347546,0.08329201784828955,0.07982151710461081,0.7441745166088249,0.7647496281606346,1.0,0.11502231036192365,0.11403073872087258,0.10089241447694595,0.06172533465542886,0.13733267228557264,0.05701536936043629,0.09345562716906297,0.090233019335647,0.10808130887456618,0.11477441745166088,0.11403073872087258,0.13113534952900346,0.09791769955379276,0.11403073872087258,0.0969261279127417,0.09717402082300446,0.10634605850272683,0.14352999504214178,0.17773921665840356,0.08155676747645017,0.11155180961824492,0.10237977193852256,0.1420426375805652,0.11179970252850768,0.13584531482399603,0.06519583539910759
OPTIMAL_GREEDY_10,0.16212196331184928,0.18740704015865145,0.18368864650470995,0.21566683192860683,0.1375805651958354,0.14600892414476946,0.1479920674268716,0.1670798215171046,0.10386712940009915,0.10708973723351513,0.11502231036192365,1.0,0.5463559742191373,0.17278135845314824,0.18368864650470995,0.20500743678730787,0.16212196331184928,0.14452156668319285,0.23425880019831433,0.315319781854239,0.18220128904313337,0.29102627664848785,0.17278135845314824,0.2352503718393654,0.32052553296975705,0.19905800694100148,0.11650966782350025,0.12171541893901834,0.1301437778879524,0.1256817055032226,0.17302925136341102,0.3522558254833912,0.2255825483391175,0.11923648983639068,0.30937035200793256,0.11849281110560238,0.21566683192860683
OPTIMAL_GREEDY_20,0.16732771442736738,0.18220128904313337,0.17922657411998016,0.2181457610312345,0.13708477937530986,0.1412989588497769,0.13807635101636093,0.1626177491323748,0.10188398611799702,0.10510659395141299,0.11403073872087258,0.5463559742191373,1.0,0.17203767972235995,0.17922657411998016,0.2057511155180962,0.16732771442736738,0.14179474467030243,0.2285572632622707,0.30515617253346555,0.16732771442736738,0.28755577590480913,0.16906296479920674,0.22880515617253347,0.32126921170054534,0.18443232523549827,0.11849281110560238,0.124194348041646,0.13559742191373328,0.11303916707982152,0.1685671789786812,0.3475458601883986,0.21021318790282598,0.10956866633614279,0.2922657411998017,0.10907288051561725,0.2181457610312345
PLAYGROUND_BANDIT,0.10064452156668319,0.14526524541398117,0.0969261279127417,0.10386712940009915,0.17848289538919188,0.19633118492811105,0.10560237977193852,0.12592959841348536,0.0909766980664353,0.09816559246405553,0.10089241447694595,0.17278135845314824,0.17203767972235995,1.0,0.0969261279127417,0.3740704015865146,0.10064452156668319,0.6075855230540407,0.39018344075359446,0.18765493306891423,0.2345066931085771,0.1737729300941993,0.131631135349529,0.15220624690133863,0.18244918195339613,0.17649975210708974,0.11303916707982152,0.11675756073376302,0.11626177491323748,0.1737729300941993,0.12692117005453643,0.16236985622211206,0.15344571145265246,0.15666831928606842,0.1715418939018344,0.14700049578582053,0.10386712940009915
PLAYGROUND_GRAPH_DENSITY,0.08849776896380764,0.10634605850272683,1.0,0.10560237977193852,0.06841844323252355,0.07461576598909271,0.10485870104115022,0.09345562716906297,0.05899851264253842,0.05081804660386713,0.06172533465542886,0.18368864650470995,0.17922657411998016,0.0969261279127417,1.0,0.10510659395141299,0.08849776896380764,0.08006941001487357,0.11799702528507684,0.1685671789786812,0.10585027268220129,0.14823996033713435,0.12394645513138325,0.1331184928111056,0.16807139315815567,0.09667823500247893,0.06346058502726822,0.06346058502726822,0.06817055032226078,0.06767476450173525,0.0946950917203768,0.17699553792761527,0.1457610312345067,0.05701536936043629,0.1648487853247397,0.06668319286068418,0.10560237977193852
PLAYGROUND_INFORMATIVE_DIVERSE,0.11725334655428855,0.15071888943976203,0.10510659395141299,0.13485374318294496,0.13634110064452157,0.14005949429846307,0.10188398611799702,0.13435795736241943,0.1256817055032226,0.13708477937530986,0.13733267228557264,0.20500743678730787,0.2057511155180962,0.3740704015865146,0.10510659395141299,1.0,0.11725334655428855,0.35746157659890926,0.34705007436787305,0.1906296479920674,0.20401586514625683,0.18790282597917699,0.1353495290034705,0.14600892414476946,0.1893901834407536,0.16236985622211206,0.11948438274665345,0.13237481408031732,0.13187902825979178,0.12146752602875557,0.1256817055032226,0.1901338621715419,0.15270203272186417,0.11774913237481408,0.18443232523549827,0.11403073872087258,0.13485374318294496
PLAYGROUND_KCENTER_GREEDY,1.0,0.14080317302925136,0.08849776896380764,0.09766980664352999,0.08106098165592464,0.08106098165592464,0.07734258800198314,0.1294000991571641,0.061973227565691624,0.05800694100148736,0.05701536936043629,0.16212196331184928,0.16732771442736738,0.10064452156668319,0.08849776896380764,0.11725334655428855,1.0,0.08998512642538424,0.12617749132374814,0.14253842340109074,0.11601388200297472,0.15294992563212692,0.10708973723351513,0.12022806147744175,0.15666831928606842,0.12072384729796728,0.06792265741199802,0.07436787307882994,0.06916212196331185,0.06668319286068418,0.11477441745166088,0.1611303916707982,0.2020327218641547,0.07238472979672782,0.15195835399107585,0.07263262270699058,0.09766980664352999
PLAYGROUND_MARGIN,0.08998512642538424,0.13336638572136836,0.08006941001487357,0.0984134853743183,0.1968269707486366,0.25632126921170056,0.09717402082300446,0.10832920178482895,0.08676251859196826,0.0932077342588002,0.09345562716906297,0.14452156668319285,0.14179474467030243,0.6075855230540407,0.08006941001487357,0.35746157659890926,0.08998512642538424,1.0,0.47297967278135844,0.1554288547347546,0.21467526028755576,0.14352999504214178,0.11626177491323748,0.13485374318294496,0.14848785324739713,0.15790778383738224,0.10237977193852256,0.10956866633614279,0.11303916707982152,0.24343083787803668,0.11576598909271195,0.14402578086266732,0.14179474467030243,0.18666336142786316,0.14377788795240456,0.1633614278631631,0.0984134853743183
PLAYGROUND_MIXTURE,0.12617749132374814,0.14303420922161625,0.11799702528507684,0.14774417451660882,0.15047099652949925,0.18294496777392166,0.09370352007932573,0.12196331184928111,0.08329201784828955,0.0857709469509172,0.090233019335647,0.23425880019831433,0.2285572632622707,0.39018344075359446,0.11799702528507684,0.34705007436787305,0.12617749132374814,0.47297967278135844,1.0,0.22905304908279622,0.18839861179970252,0.18839861179970252,0.11973227565691621,0.15666831928606842,0.21194843827466534,0.1494794248884482,0.09766980664352999,0.10163609320773426,0.10783341596430342,0.15617253346554288,0.11378284581060982,0.20327218641546851,0.15592464055528013,0.13063956370847793,0.19137332672285573,0.11874070401586515,0.14774417451660882
PLAYGROUND_UNIFORM,0.14253842340109074,0.17773921665840356,0.1685671789786812,0.19657907783837383,0.13138324243926625,0.14030738720872582,0.1405552801189886,0.16162617749132374,0.09816559246405553,0.0984134853743183,0.10808130887456618,0.315319781854239,0.30515617253346555,0.18765493306891423,0.1685671789786812,0.1906296479920674,0.14253842340109074,0.1554288547347546,0.22905304908279622,1.0,0.18616757560733763,0.25111551809618243,0.16608824987605356,0.2226078334159643,0.28805156172533464,0.18765493306891423,0.11675756073376302,0.12072384729796728,0.12915220624690135,0.12196331184928111,0.16831928606841845,0.288795240456123,0.20228061477441744,0.11675756073376302,0.24690133862171543,0.11551809618244918,0.19657907783837383
SKACTIVEML_COST_EMBEDDING,0.11601388200297472,0.1576598909271195,0.10585027268220129,0.11204759543877045,0.13634110064452157,0.13287059990084282,0.12915220624690135,0.1353495290034705,0.10907288051561725,0.11279127416955875,0.11477441745166088,0.18220128904313337,0.16732771442736738,0.2345066931085771,0.10585027268220129,0.20401586514625683,0.11601388200297472,0.21467526028755576,0.18839861179970252,0.18616757560733763,1.0,0.18815071888943977,0.14724838869608328,0.1626177491323748,0.18294496777392166,0.20079325731284084,0.12592959841348536,0.12518591968269707,0.1264253842340109,0.11502231036192365,0.13882002974714924,0.17649975210708974,0.16311353495290035,0.11948438274665345,0.17873078829945463,0.12146752602875557,0.11204759543877045
SKACTIVEML_DAL,0.15294992563212692,0.19583539910758552,0.14823996033713435,0.18220128904313337,0.13931581556767478,0.14452156668319285,0.15443728309370353,0.16732771442736738,0.10956866633614279,0.10857709469509172,0.11403073872087258,0.29102627664848785,0.28755577590480913,0.1737729300941993,0.14823996033713435,0.18790282597917699,0.15294992563212692,0.14352999504214178,0.18839861179970252,0.25111551809618243,0.18815071888943977,1.0,0.19881011403073873,0.2020327218641547,0.2654933068914229,0.19038175508180466,0.12964799206742686,0.12964799206742686,0.1368368864650471,0.12320277640059495,0.17674764501735252,0.2746653445711453,0.21616261774913237,0.11626177491323748,0.2521070897372335,0.11105602379771938,0.18220128904313337
SKACTIVEML_DWUS,0.10708973723351513,0.1841844323252355,0.12394645513138325,0.10237977193852256,0.12345066931085771,0.1360932077342588,0.17352503718393653,0.1574119980168567,0.11874070401586515,0.11725334655428855,0.13113534952900346,0.17278135845314824,0.16906296479920674,0.131631135349529,0.12394645513138325,0.1353495290034705,0.10708973723351513,0.11626177491323748,0.11973227565691621,0.16608824987605356,0.14724838869608328,0.19881011403073873,1.0,0.16460089241447695,0.18220128904313337,0.16906296479920674,0.11898859692612791,0.11403073872087258,0.1279127416955875,0.11279127416955875,0.16162617749132374,0.18616757560733763,0.17873078829945463,0.10312345066931086,0.18170550322260784,0.11328705999008429,0.10237977193852256
SKACTIVEML_QBC,0.12022806147744175,0.14377788795240456,0.1331184928111056,0.14452156668319285,0.10733763014377788,0.11551809618244918,0.15146256817055032,0.1576598909271195,0.08651462568170551,0.08552305404065444,0.09791769955379276,0.2352503718393654,0.22880515617253347,0.15220624690133863,0.1331184928111056,0.14600892414476946,0.12022806147744175,0.13485374318294496,0.15666831928606842,0.2226078334159643,0.1626177491323748,0.2020327218641547,0.16460089241447695,1.0,0.2337630143777888,0.18443232523549827,0.09271194843827467,0.0954387704511651,0.11452652454139811,0.0969261279127417,0.16212196331184928,0.221864154685176,0.1752602875557759,0.09345562716906297,0.20748636588993555,0.09717402082300446,0.14452156668319285
SKACTIVEML_QBC_VOTE_ENTROPY,0.15666831928606842,0.18071393158155677,0.16807139315815567,0.2020327218641547,0.13063956370847793,0.14030738720872582,0.1588993554784333,0.1670798215171046,0.11080813088745661,0.10783341596430342,0.11403073872087258,0.32052553296975705,0.32126921170054534,0.18244918195339613,0.16807139315815567,0.1893901834407536,0.15666831928606842,0.14848785324739713,0.21194843827466534,0.28805156172533464,0.18294496777392166,0.2654933068914229,0.18220128904313337,0.2337630143777888,1.0,0.19038175508180466,0.12022806147744175,0.12146752602875557,0.1331184928111056,0.11130391670798215,0.17674764501735252,0.2962320277640059,0.21789786812097173,0.10411502231036192,0.2704511650966782,0.10857709469509172,0.2020327218641547
SKACTIVEML_QUIRE,0.12072384729796728,0.2035200793257313,0.09667823500247893,0.11551809618244918,0.13237481408031732,0.131631135349529,0.1360932077342588,0.18591968269707487,0.09766980664352999,0.0887456618740704,0.0969261279127417,0.19905800694100148,0.18443232523549827,0.17649975210708974,0.09667823500247893,0.16236985622211206,0.12072384729796728,0.15790778383738224,0.1494794248884482,0.18765493306891423,0.20079325731284084,0.19038175508180466,0.16906296479920674,0.18443232523549827,0.19038175508180466,1.0,0.10064452156668319,0.09866137828458106,0.10411502231036192,0.1028755577590481,0.1700545364402578,0.18468021814576102,0.18889439762022806,0.10064452156668319,0.18096182449181952,0.10882498760535449,0.11551809618244918
SKACTIVEML_US_ENTROPY,0.06792265741199802,0.11898859692612791,0.06346058502726822,0.06792265741199802,0.1383242439266237,0.11700545364402579,0.07288051561725335,0.09122459097669806,0.15245413981160139,0.11799702528507684,0.09717402082300446,0.11650966782350025,0.11849281110560238,0.11303916707982152,0.06346058502726822,0.11948438274665345,0.06792265741199802,0.10237977193852256,0.09766980664352999,0.11675756073376302,0.12592959841348536,0.12964799206742686,0.11898859692612791,0.09271194843827467,0.12022806147744175,0.10064452156668319,1.0,0.7764005949429846,0.7434308378780367,0.08899355478433317,0.08230044620723848,0.11725334655428855,0.11056023797719385,0.12221120475954388,0.11601388200297472,0.16410510659395142,0.06792265741199802
SKACTIVEML_US_LC,0.07436787307882994,0.12816063460585028,0.06346058502726822,0.06916212196331185,0.16608824987605356,0.1279127416955875,0.07164105106593951,0.0887456618740704,0.11551809618244918,0.15195835399107585,0.10634605850272683,0.12171541893901834,0.124194348041646,0.11675756073376302,0.06346058502726822,0.13237481408031732,0.07436787307882994,0.10956866633614279,0.10163609320773426,0.12072384729796728,0.12518591968269707,0.12964799206742686,0.11403073872087258,0.0954387704511651,0.12146752602875557,0.09866137828458106,0.7764005949429846,1.0,0.7592959841348538,0.1036192364898364,0.08701041150223103,0.12146752602875557,0.11626177491323748,0.14972731779871096,0.12320277640059495,0.124194348041646,0.06916212196331185
SKACTIVEML_US_MARGIN,0.06916212196331185,0.12766484878532475,0.06817055032226078,0.07585523054040655,0.12964799206742686,0.16162617749132374,0.07982151710461081,0.0932077342588002,0.09643034209221617,0.10832920178482895,0.14352999504214178,0.1301437778879524,0.13559742191373328,0.11626177491323748,0.06817055032226078,0.13187902825979178,0.06916212196331185,0.11303916707982152,0.10783341596430342,0.12915220624690135,0.1264253842340109,0.1368368864650471,0.1279127416955875,0.11452652454139811,0.1331184928111056,0.10411502231036192,0.7434308378780367,0.7592959841348538,1.0,0.14005949429846307,0.0872583044124938,0.1301437778879524,0.11874070401586515,0.10535448686167576,0.12766484878532475,0.09791769955379276,0.07585523054040655
SMALLTEXT_BREAKINGTIES,0.06668319286068418,0.11849281110560238,0.06767476450173525,0.06395637084779375,0.20277640059494298,0.3289538919186911,0.08304412493802678,0.07833415964303421,0.12816063460585028,0.12989588497768964,0.17773921665840356,0.1256817055032226,0.11303916707982152,0.1737729300941993,0.06767476450173525,0.12146752602875557,0.06668319286068418,0.24343083787803668,0.15617253346554288,0.12196331184928111,0.11502231036192365,0.12320277640059495,0.11279127416955875,0.0969261279127417,0.11130391670798215,0.1028755577590481,0.08899355478433317,0.1036192364898364,0.14005949429846307,1.0,0.09593455627169063,0.11750123946455131,0.11551809618244918,0.7444224095190878,0.12270699058006941,0.7280614774417452,0.06395637084779375
SMALLTEXT_CONTRASTIVEAL,0.11477441745166088,0.14898363906792267,0.0946950917203768,0.10634605850272683,0.10907288051561725,0.10907288051561725,0.146504709965295,0.1663361427863163,0.07982151710461081,0.07833415964303421,0.08155676747645017,0.17302925136341102,0.1685671789786812,0.12692117005453643,0.0946950917203768,0.1256817055032226,0.11477441745166088,0.11576598909271195,0.11378284581060982,0.16831928606841845,0.13882002974714924,0.17674764501735252,0.16162617749132374,0.16212196331184928,0.17674764501735252,0.1700545364402578,0.08230044620723848,0.08701041150223103,0.0872583044124938,0.09593455627169063,1.0,0.17922657411998016,0.17278135845314824,0.09940505701536936,0.18170550322260784,0.09965294992563213,0.10634605850272683
SMALLTEXT_EMBEDDINGKMEANS,0.1611303916707982,0.1752602875557759,0.17699553792761527,0.19162121963311848,0.12840852751611304,0.139067922657412,0.18145761031234506,0.16162617749132374,0.10337134357957363,0.10461080813088745,0.11155180961824492,0.3522558254833912,0.3475458601883986,0.16236985622211206,0.17699553792761527,0.1901338621715419,0.1611303916707982,0.14402578086266732,0.20327218641546851,0.288795240456123,0.17649975210708974,0.2746653445711453,0.18616757560733763,0.221864154685176,0.2962320277640059,0.18468021814576102,0.11725334655428855,0.12146752602875557,0.1301437778879524,0.11750123946455131,0.17922657411998016,1.0,0.21021318790282598,0.11006445215666832,0.27863163113534956,0.11750123946455131,0.19162121963311848
SMALLTEXT_GREEDYCORESET,0.2020327218641547,0.20401586514625683,0.1457610312345067,0.1338621715418939,0.11799702528507684,0.13336638572136836,0.14030738720872582,0.17327714427367377,0.10213187902825979,0.0961824491819534,0.10237977193852256,0.2255825483391175,0.21021318790282598,0.15344571145265246,0.1457610312345067,0.15270203272186417,0.2020327218641547,0.14179474467030243,0.15592464055528013,0.20228061477441744,0.16311353495290035,0.21616261774913237,0.17873078829945463,0.1752602875557759,0.21789786812097173,0.18889439762022806,0.11056023797719385,0.11626177491323748,0.11874070401586515,0.11551809618244918,0.17278135845314824,0.21021318790282598,1.0,0.11279127416955875,0.20104115022310362,0.11725334655428855,0.1338621715418939
SMALLTEXT_LEASTCONFIDENCE,0.07238472979672782,0.11973227565691621,0.05701536936043629,0.06073376301437779,0.3334159643034209,0.2077342588001983,0.07610312345066932,0.07411998016856718,0.14972731779871096,0.17402082300446206,0.1420426375805652,0.11923648983639068,0.10956866633614279,0.15666831928606842,0.05701536936043629,0.11774913237481408,0.07238472979672782,0.18666336142786316,0.13063956370847793,0.11675756073376302,0.11948438274665345,0.11626177491323748,0.10312345066931086,0.09345562716906297,0.10411502231036192,0.10064452156668319,0.12221120475954388,0.14972731779871096,0.10535448686167576,0.7444224095190878,0.09940505701536936,0.11006445215666832,0.11279127416955875,1.0,0.11452652454139811,0.7741695587506198,0.06073376301437779
SMALLTEXT_LIGHTWEIGHTCORESET,0.15195835399107585,0.1812097174020823,0.1648487853247397,0.1819533961328706,0.13782845810609817,0.14476945959345563,0.14749628160634606,0.16683192860684184,0.10262766484878533,0.10510659395141299,0.11179970252850768,0.30937035200793256,0.2922657411998017,0.1715418939018344,0.1648487853247397,0.18443232523549827,0.15195835399107585,0.14377788795240456,0.19137332672285573,0.24690133862171543,0.17873078829945463,0.2521070897372335,0.18170550322260784,0.20748636588993555,0.2704511650966782,0.18096182449181952,0.11601388200297472,0.12320277640059495,0.12766484878532475,0.12270699058006941,0.18170550322260784,0.27863163113534956,0.20104115022310362,0.11452652454139811,1.0,0.11898859692612791,0.1819533961328706
SMALLTEXT_PREDICTIONENTROPY,0.07263262270699058,0.12097174020823004,0.06668319286068418,0.06445215666831929,0.22806147744174515,0.1819533961328706,0.0813088745661874,0.08081308874566187,0.18963807635101637,0.15146256817055032,0.13584531482399603,0.11849281110560238,0.10907288051561725,0.14700049578582053,0.06668319286068418,0.11403073872087258,0.07263262270699058,0.1633614278631631,0.11874070401586515,0.11551809618244918,0.12146752602875557,0.11105602379771938,0.11328705999008429,0.09717402082300446,0.10857709469509172,0.10882498760535449,0.16410510659395142,0.124194348041646,0.09791769955379276,0.7280614774417452,0.09965294992563213,0.11750123946455131,0.11725334655428855,0.7741695587506198,0.11898859692612791,1.0,0.06445215666831929
SMALLTEXT_RANDOM,0.09766980664352999,0.10857709469509172,0.10560237977193852,1.0,0.07783837382250867,0.08081308874566187,0.0917203767972236,0.0984134853743183,0.06023797719385226,0.058750619732275654,0.06519583539910759,0.21566683192860683,0.2181457610312345,0.10386712940009915,0.10560237977193852,0.13485374318294496,0.09766980664352999,0.0984134853743183,0.14774417451660882,0.19657907783837383,0.11204759543877045,0.18220128904313337,0.10237977193852256,0.14452156668319285,0.2020327218641547,0.11551809618244918,0.06792265741199802,0.06916212196331185,0.07585523054040655,0.06395637084779375,0.10634605850272683,0.19162121963311848,0.1338621715418939,0.06073376301437779,0.1819533961328706,0.06445215666831929,1.0
