,ALIPY_CORESET_GREEDY,ALIPY_DENSITY_WEIGHTED,ALIPY_GRAPH_DENSITY,ALIPY_RANDOM,ALIPY_UNCERTAINTY_LC,ALIPY_UNCERTAINTY_MM,LIBACT_DWUS,LIBACT_QUIRE,LIBACT_UNCERTAINTY_ENT,LIBACT_UNCERTAINTY_LC,LIBACT_UNCERTAINTY_SM,OPTIMAL_GREEDY_10,OPTIMAL_GREEDY_20,PLAYGROUND_BANDIT,PLAYGROUND_GRAPH_DENSITY,PLAYGROUND_INFORMATIVE_DIVERSE,PLAYGROUND_KCENTER_GREEDY,PLAYGROUND_MARGIN,PLAYGROUND_MIXTURE,PLAYGROUND_UNIFORM,SKACTIVEML_COST_EMBEDDING,SKACTIVEML_DAL,SKACTIVEML_DWUS,SKACTIVEML_QBC,SKACTIVEML_QBC_VOTE_ENTROPY,SKACTIVEML_QUIRE,SKACTIVEML_US_ENTROPY,SKACTIVEML_US_LC,SKACTIVEML_US_MARGIN,SMALLTEXT_BREAKINGTIES,SMALLTEXT_CONTRASTIVEAL,SMALLTEXT_EMBEDDINGKMEANS,SMALLTEXT_GREEDYCORESET,SMALLTEXT_LEASTCONFIDENCE,SMALLTEXT_LIGHTWEIGHTCORESET,SMALLTEXT_PREDICTIONENTROPY,SMALLTEXT_RANDOM
ALIPY_CORESET_GREEDY,1.0,0.13857213683688646,0.13559742191373328,0.13113534952900346,0.09890927119484383,0.09766980664352999,0.0451165096678235,0.09221616261774913,0.06569162121963312,0.07139315815567675,0.06916212196331185,0.23772930094199307,0.23822508676251858,0.1271690629647992,0.13559742191373328,0.13212692117005453,0.9992563212692117,0.10114030738720872,0.16187407040158652,0.1826970748636589,0.13857213683688646,0.1707982151710461,0.0932077342588002,0.08527516113039167,0.16881507188894398,0.12221120475954388,0.0872583044124938,0.0917203767972236,0.09072880515617253,0.07635101636093208,0.08477937530986614,0.124194348041646,0.2389687654933069,0.08304412493802678,0.14476945959345563,0.08006941001487357,0.13113534952900346
ALIPY_DENSITY_WEIGHTED,0.13857213683688646,1.0,0.08304412493802678,0.11279127416955875,0.15294992563212692,0.14476945959345563,0.044124938026772434,0.10956866633614279,0.131631135349529,0.1301437778879524,0.12865642042637582,0.139067922657412,0.14229053049082796,0.14823996033713435,0.08304412493802678,0.15666831928606842,0.13857213683688646,0.15270203272186417,0.15567674764501735,0.1279127416955875,0.17674764501735252,0.12766484878532475,0.11576598909271195,0.07858205255329698,0.11874070401586515,0.15815567674764502,0.1554288547347546,0.14774417451660882,0.1494794248884482,0.1412989588497769,0.08527516113039167,0.09271194843827467,0.13882002974714924,0.15840356965790778,0.1264253842340109,0.16088249876053545,0.11279127416955875
ALIPY_GRAPH_DENSITY,0.13559742191373328,0.08304412493802678,1.0,0.16732771442736738,0.06841844323252355,0.07858205255329698,0.06742687159147248,0.05081804660386713,0.05057015369360436,0.04858701041150223,0.05899851264253842,0.17253346554288548,0.16931085770946952,0.10832920178482895,1.0,0.10014873574615767,0.1360932077342588,0.07610312345066932,0.12667327714427368,0.214427367377293,0.10932077342588002,0.17649975210708974,0.10064452156668319,0.10808130887456618,0.2077342588001983,0.07858205255329698,0.05751115518096182,0.057263262270699056,0.06593951412989589,0.06544372830937036,0.06147744174516609,0.1442736737729301,0.15989092711948438,0.05850272682201289,0.18071393158155677,0.05999008428358949,0.16732771442736738
ALIPY_RANDOM,0.13113534952900346,0.11279127416955875,0.16732771442736738,1.0,0.09494298463063956,0.10560237977193852,0.06767476450173525,0.09965294992563213,0.07040158651462568,0.07114526524541398,0.08849776896380764,0.23996033713435796,0.2337630143777888,0.1420426375805652,0.16732771442736738,0.1442736737729301,0.1308874566187407,0.11824491819533961,0.16360932077342588,0.28061477441745164,0.14476945959345563,0.23996033713435796,0.1028755577590481,0.1420426375805652,0.300446207238473,0.10684184432325236,0.08651462568170551,0.09196826970748637,0.09890927119484383,0.08775409023301933,0.08626673277144274,0.20624690133862172,0.19162121963311848,0.07907783837382251,0.2627664848785325,0.07734258800198314,1.0
ALIPY_UNCERTAINTY_LC,0.09890927119484383,0.15294992563212692,0.06841844323252355,0.09494298463063956,1.0,0.7813584531482399,0.03272186415468518,0.0480912245909767,0.21492315319781854,0.25756073376301436,0.20823004462072384,0.1834407535944472,0.1871591472483887,0.2518591968269707,0.06841844323252355,0.22211204759543876,0.09866137828458106,0.2994546355974219,0.24814080317302925,0.1264253842340109,0.20649479424888448,0.12295488349033218,0.09072880515617253,0.06271690629647993,0.11774913237481408,0.11155180961824492,0.2543381259295984,0.28383738225086763,0.23574615765989093,0.31755081804660384,0.06593951412989589,0.08601883986117997,0.10039662865642042,0.4295984134853743,0.11799702528507684,0.3396132870599901,0.09494298463063956
ALIPY_UNCERTAINTY_MM,0.09766980664352999,0.14476945959345563,0.07858205255329698,0.10560237977193852,0.7813584531482399,1.0,0.03891918691125434,0.049826474962816066,0.18591968269707487,0.20302429350520576,0.26425384234010907,0.1983143282102132,0.20525532969757065,0.26574119980168565,0.07858205255329698,0.23574615765989093,0.09791769955379276,0.3455627169062965,0.2677243430837878,0.13584531482399603,0.19484382746653445,0.13039167079821518,0.10188398611799702,0.06990580069410014,0.12369856222112048,0.11130391670798215,0.21988101140307387,0.236737729300942,0.2845810609816559,0.4370352007932573,0.06147744174516609,0.0894893406048587,0.10188398611799702,0.3150718889439762,0.12667327714427368,0.2892910262766485,0.10560237977193852
LIBACT_DWUS,0.0451165096678235,0.044124938026772434,0.06742687159147248,0.06767476450173525,0.03272186415468518,0.03891918691125434,1.0,0.06395637084779375,0.025780862667327716,0.026524541398116015,0.03148239960337134,0.04709965294992563,0.047595438770451165,0.044124938026772434,0.06742687159147248,0.037927615270203274,0.0451165096678235,0.0421417947446703,0.0421417947446703,0.08651462568170551,0.051313832424392664,0.06618740704015866,0.07188894397620228,0.08477937530986614,0.08552305404065444,0.0480912245909767,0.02949925632126921,0.02900347050074368,0.036936043629152204,0.03222607833415964,0.07882994546355974,0.09742191373326722,0.05627169062964799,0.02825979176995538,0.07610312345066932,0.026772434308378782,0.06767476450173525
LIBACT_QUIRE,0.09221616261774913,0.10956866633614279,0.05081804660386713,0.09965294992563213,0.0480912245909767,0.049826474962816066,0.06395637084779375,1.0,0.04115022310361924,0.0384234010907288,0.042637580565195836,0.08552305404065444,0.08527516113039167,0.06271690629647993,0.05081804660386713,0.05528011898859692,0.09221616261774913,0.057263262270699056,0.06841844323252355,0.11502231036192365,0.07337630143777887,0.09791769955379276,0.06569162121963312,0.1036192364898364,0.11328705999008429,0.10832920178482895,0.04338125929598413,0.0451165096678235,0.048834903321764996,0.044868616757560736,0.10585027268220129,0.09419930589985126,0.09890927119484383,0.0406544372830937,0.11179970252850768,0.040406544372830935,0.09965294992563213
LIBACT_UNCERTAINTY_ENT,0.06569162121963312,0.131631135349529,0.05057015369360436,0.07040158651462568,0.21492315319781854,0.18591968269707487,0.025780862667327716,0.04115022310361924,1.0,0.8130887456618741,0.7630143777887952,0.14898363906792267,0.14600892414476946,0.15989092711948438,0.05057015369360436,0.2129400099157164,0.06569162121963312,0.17129400099157163,0.16212196331184928,0.10684184432325236,0.16063460585027267,0.09866137828458106,0.08750619732275657,0.051313832424392664,0.09742191373326722,0.0909766980664353,0.23946455131383243,0.20004957858205255,0.1752602875557759,0.25359444719881014,0.059742191373326724,0.07089737233515121,0.0857709469509172,0.2848289538919187,0.0924640555280119,0.322756569162122,0.07040158651462568
LIBACT_UNCERTAINTY_LC,0.07139315815567675,0.1301437778879524,0.04858701041150223,0.07114526524541398,0.25756073376301436,0.20302429350520576,0.026524541398116015,0.0384234010907288,0.8130887456618741,1.0,0.7987109568666336,0.15518096182449181,0.15666831928606842,0.1797223599405057,0.04858701041150223,0.2285572632622707,0.07164105106593951,0.18244918195339613,0.1745166088249876,0.09345562716906297,0.16782350024789291,0.10039662865642042,0.08998512642538424,0.05081804660386713,0.09345562716906297,0.0857709469509172,0.2166584035696579,0.23822508676251858,0.1968269707486366,0.26474962816063463,0.0532969757064948,0.07362419434804164,0.08006941001487357,0.33118492811105604,0.0946950917203768,0.29771938522558256,0.07114526524541398
LIBACT_UNCERTAINTY_SM,0.06916212196331185,0.12865642042637582,0.05899851264253842,0.08849776896380764,0.20823004462072384,0.26425384234010907,0.03148239960337134,0.042637580565195836,0.7630143777887952,0.7987109568666336,1.0,0.16385721368368864,0.16559246405552802,0.18071393158155677,0.05899851264253842,0.2352503718393654,0.06941001487357462,0.19211700545364402,0.1834407535944472,0.10485870104115022,0.16931085770946952,0.10758552305404065,0.09593455627169063,0.060981655924640554,0.09965294992563213,0.08601883986117997,0.1797223599405057,0.1968269707486366,0.24913237481408032,0.3366385721368369,0.0480912245909767,0.07411998016856718,0.08254833911750124,0.26896380763510164,0.0991571641051066,0.2583044124938027,0.08849776896380764
OPTIMAL_GREEDY_10,0.23772930094199307,0.139067922657412,0.17253346554288548,0.23996033713435796,0.1834407535944472,0.1983143282102132,0.04709965294992563,0.08552305404065444,0.14898363906792267,0.15518096182449181,0.16385721368368864,1.0,0.6822012890431334,0.26945959345562714,0.17253346554288548,0.2885473475458602,0.23822508676251858,0.2345066931085771,0.3406048587010411,0.2783837382250868,0.22731779871095686,0.2845810609816559,0.09196826970748637,0.14253842340109074,0.27268220128904314,0.15493306891422906,0.17327714427367377,0.18021814576103123,0.19781854238968766,0.18839861179970252,0.0805651958353991,0.23648983639067922,0.17873078829945463,0.17402082300446206,0.26425384234010907,0.16980664352999505,0.23996033713435796
OPTIMAL_GREEDY_20,0.23822508676251858,0.14229053049082796,0.16931085770946952,0.2337630143777888,0.1871591472483887,0.20525532969757065,0.047595438770451165,0.08527516113039167,0.14600892414476946,0.15666831928606842,0.16559246405552802,0.6822012890431334,1.0,0.27193852255825485,0.16931085770946952,0.2853247397124442,0.2374814080317303,0.23326722855726326,0.33168071393158155,0.266484878532474,0.2151710461080813,0.26524541398116014,0.09122459097669806,0.1375805651958354,0.2692117005453644,0.15691621219633117,0.17848289538919188,0.1834407535944472,0.20426375805651958,0.19707486365889937,0.08676251859196826,0.2300446207238473,0.17848289538919188,0.17724343083787802,0.26003966286564206,0.17203767972235995,0.2337630143777888
PLAYGROUND_BANDIT,0.1271690629647992,0.14823996033713435,0.10832920178482895,0.1420426375805652,0.2518591968269707,0.26574119980168565,0.044124938026772434,0.06271690629647993,0.15989092711948438,0.1797223599405057,0.18071393158155677,0.26945959345562714,0.27193852255825485,1.0,0.10832920178482895,0.44645513138324244,0.12741695587506197,0.639067922657412,0.4898363906792266,0.1849281110560238,0.32746653445711454,0.17426871591472484,0.09072880515617253,0.09643034209221617,0.161378284581061,0.17699553792761527,0.19881011403073873,0.20624690133862172,0.21764997521070897,0.2498760535448686,0.06941001487357462,0.11006445215666832,0.11725334655428855,0.236737729300942,0.16460089241447695,0.22062469013386218,0.1420426375805652
PLAYGROUND_GRAPH_DENSITY,0.13559742191373328,0.08304412493802678,1.0,0.16732771442736738,0.06841844323252355,0.07858205255329698,0.06742687159147248,0.05081804660386713,0.05057015369360436,0.04858701041150223,0.05899851264253842,0.17253346554288548,0.16931085770946952,0.10832920178482895,1.0,0.10014873574615767,0.1360932077342588,0.07610312345066932,0.12667327714427368,0.214427367377293,0.10932077342588002,0.17649975210708974,0.10064452156668319,0.10808130887456618,0.2077342588001983,0.07858205255329698,0.05751115518096182,0.057263262270699056,0.06593951412989589,0.06544372830937036,0.06147744174516609,0.1442736737729301,0.15989092711948438,0.05850272682201289,0.18071393158155677,0.05999008428358949,0.16732771442736738
PLAYGROUND_INFORMATIVE_DIVERSE,0.13212692117005453,0.15666831928606842,0.10014873574615767,0.1442736737729301,0.22211204759543876,0.23574615765989093,0.037927615270203274,0.05528011898859692,0.2129400099157164,0.2285572632622707,0.2352503718393654,0.2885473475458602,0.2853247397124442,0.44645513138324244,0.10014873574615767,1.0,0.13262270699058007,0.4454635597421914,0.42439266236985623,0.17030242935052056,0.29300941993059,0.16559246405552802,0.09196826970748637,0.09667823500247893,0.16608824987605356,0.1591472483886961,0.21269211700545365,0.22657411998016858,0.2389687654933069,0.2203767972235994,0.06990580069410014,0.12890431333663857,0.11874070401586515,0.21417947446703026,0.16608824987605356,0.20376797223599405,0.1442736737729301
PLAYGROUND_KCENTER_GREEDY,0.9992563212692117,0.13857213683688646,0.1360932077342588,0.1308874566187407,0.09866137828458106,0.09791769955379276,0.0451165096678235,0.09221616261774913,0.06569162121963312,0.07164105106593951,0.06941001487357462,0.23822508676251858,0.2374814080317303,0.12741695587506197,0.1360932077342588,0.13262270699058007,1.0,0.10138820029747149,0.16187407040158652,0.1826970748636589,0.13882002974714924,0.17104610808130888,0.0932077342588002,0.08552305404065444,0.16931085770946952,0.12221120475954388,0.0872583044124938,0.09196826970748637,0.09072880515617253,0.07659890927119484,0.0842835894893406,0.12394645513138325,0.23946455131383243,0.0835399107585523,0.1450173525037184,0.08006941001487357,0.1308874566187407
PLAYGROUND_MARGIN,0.10114030738720872,0.15270203272186417,0.07610312345066932,0.11824491819533961,0.2994546355974219,0.3455627169062965,0.0421417947446703,0.057263262270699056,0.17129400099157163,0.18244918195339613,0.19211700545364402,0.2345066931085771,0.23326722855726326,0.639067922657412,0.07610312345066932,0.4454635597421914,0.10138820029747149,1.0,0.5334655428854734,0.15443728309370353,0.32399603371343577,0.13807635101636093,0.0850272682201289,0.0909766980664353,0.14030738720872582,0.17501239464551313,0.20699058006941,0.21690629647992068,0.22806147744174515,0.33465542885473476,0.06841844323252355,0.09940505701536936,0.10237977193852256,0.28805156172533464,0.13981160138820029,0.26797223599405057,0.11824491819533961
PLAYGROUND_MIXTURE,0.16187407040158652,0.15567674764501735,0.12667327714427368,0.16360932077342588,0.24814080317302925,0.2677243430837878,0.0421417947446703,0.06841844323252355,0.16212196331184928,0.1745166088249876,0.1834407535944472,0.3406048587010411,0.33168071393158155,0.4898363906792266,0.12667327714427368,0.42439266236985623,0.16187407040158652,0.5334655428854734,1.0,0.2352503718393654,0.27491323748140806,0.19707486365889937,0.090233019335647,0.10907288051561725,0.20426375805651958,0.16162617749132374,0.20054536440257809,0.20252850768468023,0.21616261774913237,0.251611303916708,0.07734258800198314,0.14923153197818542,0.12741695587506197,0.2263262270699058,0.17947446703024295,0.22087258304412494,0.16360932077342588
PLAYGROUND_UNIFORM,0.1826970748636589,0.1279127416955875,0.214427367377293,0.28061477441745164,0.1264253842340109,0.13584531482399603,0.08651462568170551,0.11502231036192365,0.10684184432325236,0.09345562716906297,0.10485870104115022,0.2783837382250868,0.266484878532474,0.1849281110560238,0.214427367377293,0.17030242935052056,0.1826970748636589,0.15443728309370353,0.2352503718393654,1.0,0.17129400099157163,0.25359444719881014,0.11998016856717898,0.1576598909271195,0.3135845314823996,0.14080317302925136,0.12072384729796728,0.11923648983639068,0.12989588497768964,0.12320277640059495,0.11031234506693109,0.22954883490332176,0.2094695091720377,0.11031234506693109,0.278135845314824,0.10832920178482895,0.28061477441745164
SKACTIVEML_COST_EMBEDDING,0.13857213683688646,0.17674764501735252,0.10932077342588002,0.14476945959345563,0.20649479424888448,0.19484382746653445,0.051313832424392664,0.07337630143777887,0.16063460585027267,0.16782350024789291,0.16931085770946952,0.22731779871095686,0.2151710461080813,0.32746653445711454,0.10932077342588002,0.29300941993059,0.13882002974714924,0.32399603371343577,0.27491323748140806,0.17129400099157163,1.0,0.17402082300446206,0.11179970252850768,0.10634605850272683,0.17327714427367377,0.18889439762022806,0.19162121963311848,0.19162121963311848,0.19360436291522062,0.1841844323252355,0.07783837382250867,0.11849281110560238,0.1536936043629152,0.18914229053049084,0.1670798215171046,0.18691125433812594,0.14476945959345563
SKACTIVEML_DAL,0.1707982151710461,0.12766484878532475,0.17649975210708974,0.23996033713435796,0.12295488349033218,0.13039167079821518,0.06618740704015866,0.09791769955379276,0.09866137828458106,0.10039662865642042,0.10758552305404065,0.2845810609816559,0.26524541398116014,0.17426871591472484,0.17649975210708974,0.16559246405552802,0.17104610808130888,0.13807635101636093,0.19707486365889937,0.25359444719881014,0.17402082300446206,1.0,0.12171541893901834,0.12989588497768964,0.26524541398116014,0.10956866633614279,0.11576598909271195,0.11923648983639068,0.12890431333663857,0.10808130887456618,0.10138820029747149,0.20823004462072384,0.18815071888943977,0.10634605850272683,0.2602875557759048,0.10510659395141299,0.23996033713435796
SKACTIVEML_DWUS,0.0932077342588002,0.11576598909271195,0.10064452156668319,0.1028755577590481,0.09072880515617253,0.10188398611799702,0.07188894397620228,0.06569162121963312,0.08750619732275657,0.08998512642538424,0.09593455627169063,0.09196826970748637,0.09122459097669806,0.09072880515617253,0.10064452156668319,0.09196826970748637,0.0932077342588002,0.0850272682201289,0.090233019335647,0.11998016856717898,0.11179970252850768,0.12171541893901834,1.0,0.0961824491819534,0.11774913237481408,0.0842835894893406,0.0946950917203768,0.0961824491819534,0.10337134357957363,0.08676251859196826,0.061973227565691624,0.10312345066931086,0.10436291522062469,0.08254833911750124,0.11675756073376302,0.0835399107585523,0.1028755577590481
SKACTIVEML_QBC,0.08527516113039167,0.07858205255329698,0.10808130887456618,0.1420426375805652,0.06271690629647993,0.06990580069410014,0.08477937530986614,0.1036192364898364,0.051313832424392664,0.05081804660386713,0.060981655924640554,0.14253842340109074,0.1375805651958354,0.09643034209221617,0.10808130887456618,0.09667823500247893,0.08552305404065444,0.0909766980664353,0.10907288051561725,0.1576598909271195,0.10634605850272683,0.12989588497768964,0.0961824491819534,1.0,0.16460089241447695,0.12592959841348536,0.05924640555280119,0.06172533465542886,0.07188894397620228,0.06122954883490332,0.11105602379771938,0.1353495290034705,0.11725334655428855,0.05304908279623203,0.14030738720872582,0.05428854734754586,0.1420426375805652
SKACTIVEML_QBC_VOTE_ENTROPY,0.16881507188894398,0.11874070401586515,0.2077342588001983,0.300446207238473,0.11774913237481408,0.12369856222112048,0.08552305404065444,0.11328705999008429,0.09742191373326722,0.09345562716906297,0.09965294992563213,0.27268220128904314,0.2692117005453644,0.161378284581061,0.2077342588001983,0.16608824987605356,0.16931085770946952,0.14030738720872582,0.20426375805651958,0.3135845314823996,0.17327714427367377,0.26524541398116014,0.11774913237481408,0.16460089241447695,1.0,0.11973227565691621,0.11601388200297472,0.11700545364402579,0.12345066931085771,0.09717402082300446,0.0961824491819534,0.2307882994546356,0.21566683192860683,0.09519087754090233,0.30143777887952405,0.0946950917203768,0.300446207238473
SKACTIVEML_QUIRE,0.12221120475954388,0.15815567674764502,0.07858205255329698,0.10684184432325236,0.11155180961824492,0.11130391670798215,0.0480912245909767,0.10832920178482895,0.0909766980664353,0.0857709469509172,0.08601883986117997,0.15493306891422906,0.15691621219633117,0.17699553792761527,0.07858205255329698,0.1591472483886961,0.12221120475954388,0.17501239464551313,0.16162617749132374,0.14080317302925136,0.18889439762022806,0.10956866633614279,0.0842835894893406,0.12592959841348536,0.11973227565691621,1.0,0.09940505701536936,0.0961824491819534,0.09890927119484383,0.10585027268220129,0.10981655924640556,0.09196826970748637,0.12667327714427368,0.10535448686167576,0.1249380267724343,0.10808130887456618,0.10684184432325236
SKACTIVEML_US_ENTROPY,0.0872583044124938,0.1554288547347546,0.05751115518096182,0.08651462568170551,0.2543381259295984,0.21988101140307387,0.02949925632126921,0.04338125929598413,0.23946455131383243,0.2166584035696579,0.1797223599405057,0.17327714427367377,0.17848289538919188,0.19881011403073873,0.05751115518096182,0.21269211700545365,0.0872583044124938,0.20699058006941,0.20054536440257809,0.12072384729796728,0.19162121963311848,0.11576598909271195,0.0946950917203768,0.05924640555280119,0.11601388200297472,0.09940505701536936,1.0,0.8173029251363411,0.7714427367377293,0.20004957858205255,0.053544868616757564,0.07709469509172037,0.09965294992563213,0.23698562221120476,0.10758552305404065,0.27863163113534956,0.08651462568170551
SKACTIVEML_US_LC,0.0917203767972236,0.14774417451660882,0.057263262270699056,0.09196826970748637,0.28383738225086763,0.236737729300942,0.02900347050074368,0.0451165096678235,0.20004957858205255,0.23822508676251858,0.1968269707486366,0.18021814576103123,0.1834407535944472,0.20624690133862172,0.057263262270699056,0.22657411998016858,0.09196826970748637,0.21690629647992068,0.20252850768468023,0.11923648983639068,0.19162121963311848,0.11923648983639068,0.0961824491819534,0.06172533465542886,0.11700545364402579,0.0961824491819534,0.8173029251363411,1.0,0.7935052057511155,0.21368368864650472,0.05651958353991076,0.08155676747645017,0.09766980664352999,0.2662369856222112,0.10585027268220129,0.23401090728805157,0.09196826970748637
SKACTIVEML_US_MARGIN,0.09072880515617253,0.1494794248884482,0.06593951412989589,0.09890927119484383,0.23574615765989093,0.2845810609816559,0.036936043629152204,0.048834903321764996,0.1752602875557759,0.1968269707486366,0.24913237481408032,0.19781854238968766,0.20426375805651958,0.21764997521070897,0.06593951412989589,0.2389687654933069,0.09072880515617253,0.22806147744174515,0.21616261774913237,0.12989588497768964,0.19360436291522062,0.12890431333663857,0.10337134357957363,0.07188894397620228,0.12345066931085771,0.09890927119484383,0.7714427367377293,0.7935052057511155,1.0,0.26871591472483886,0.051065939514129896,0.0857709469509172,0.09419930589985126,0.21938522558254833,0.11725334655428855,0.1968269707486366,0.09890927119484383
SMALLTEXT_BREAKINGTIES,0.07635101636093208,0.1412989588497769,0.06544372830937036,0.08775409023301933,0.31755081804660384,0.4370352007932573,0.03222607833415964,0.044868616757560736,0.25359444719881014,0.26474962816063463,0.3366385721368369,0.18839861179970252,0.19707486365889937,0.2498760535448686,0.06544372830937036,0.2203767972235994,0.07659890927119484,0.33465542885473476,0.251611303916708,0.12320277640059495,0.1841844323252355,0.10808130887456618,0.08676251859196826,0.06122954883490332,0.09717402082300446,0.10585027268220129,0.20004957858205255,0.21368368864650472,0.26871591472483886,1.0,0.05081804660386713,0.08378780366881507,0.08924144769459594,0.7818542389687655,0.1065939514129896,0.7568170550322261,0.08775409023301933
SMALLTEXT_CONTRASTIVEAL,0.08477937530986614,0.08527516113039167,0.06147744174516609,0.08626673277144274,0.06593951412989589,0.06147744174516609,0.07882994546355974,0.10585027268220129,0.059742191373326724,0.0532969757064948,0.0480912245909767,0.0805651958353991,0.08676251859196826,0.06941001487357462,0.06147744174516609,0.06990580069410014,0.0842835894893406,0.06841844323252355,0.07734258800198314,0.11031234506693109,0.07783837382250867,0.10138820029747149,0.061973227565691624,0.11105602379771938,0.0961824491819534,0.10981655924640556,0.053544868616757564,0.05651958353991076,0.051065939514129896,0.05081804660386713,1.0,0.0954387704511651,0.11179970252850768,0.05850272682201289,0.10485870104115022,0.053792761527020325,0.08626673277144274
SMALLTEXT_EMBEDDINGKMEANS,0.124194348041646,0.09271194843827467,0.1442736737729301,0.20624690133862172,0.08601883986117997,0.0894893406048587,0.09742191373326722,0.09419930589985126,0.07089737233515121,0.07362419434804164,0.07411998016856718,0.23648983639067922,0.2300446207238473,0.11006445215666832,0.1442736737729301,0.12890431333663857,0.12394645513138325,0.09940505701536936,0.14923153197818542,0.22954883490332176,0.11849281110560238,0.20823004462072384,0.10312345066931086,0.1353495290034705,0.2307882994546356,0.09196826970748637,0.07709469509172037,0.08155676747645017,0.0857709469509172,0.08378780366881507,0.0954387704511651,1.0,0.15642042637580567,0.07833415964303421,0.248388696083292,0.07783837382250867,0.20624690133862172
SMALLTEXT_GREEDYCORESET,0.2389687654933069,0.13882002974714924,0.15989092711948438,0.19162121963311848,0.10039662865642042,0.10188398611799702,0.05627169062964799,0.09890927119484383,0.0857709469509172,0.08006941001487357,0.08254833911750124,0.17873078829945463,0.17848289538919188,0.11725334655428855,0.15989092711948438,0.11874070401586515,0.23946455131383243,0.10237977193852256,0.12741695587506197,0.2094695091720377,0.1536936043629152,0.18815071888943977,0.10436291522062469,0.11725334655428855,0.21566683192860683,0.12667327714427368,0.09965294992563213,0.09766980664352999,0.09419930589985126,0.08924144769459594,0.11179970252850768,0.15642042637580567,1.0,0.0917203767972236,0.2092216162617749,0.0984134853743183,0.19162121963311848
SMALLTEXT_LEASTCONFIDENCE,0.08304412493802678,0.15840356965790778,0.05850272682201289,0.07907783837382251,0.4295984134853743,0.3150718889439762,0.02825979176995538,0.0406544372830937,0.2848289538919187,0.33118492811105604,0.26896380763510164,0.17402082300446206,0.17724343083787802,0.236737729300942,0.05850272682201289,0.21417947446703026,0.0835399107585523,0.28805156172533464,0.2263262270699058,0.11031234506693109,0.18914229053049084,0.10634605850272683,0.08254833911750124,0.05304908279623203,0.09519087754090233,0.10535448686167576,0.23698562221120476,0.2662369856222112,0.21938522558254833,0.7818542389687655,0.05850272682201289,0.07833415964303421,0.0917203767972236,1.0,0.0991571641051066,0.8168071393158156,0.07907783837382251
SMALLTEXT_LIGHTWEIGHTCORESET,0.14476945959345563,0.1264253842340109,0.18071393158155677,0.2627664848785325,0.11799702528507684,0.12667327714427368,0.07610312345066932,0.11179970252850768,0.0924640555280119,0.0946950917203768,0.0991571641051066,0.26425384234010907,0.26003966286564206,0.16460089241447695,0.18071393158155677,0.16608824987605356,0.1450173525037184,0.13981160138820029,0.17947446703024295,0.278135845314824,0.1670798215171046,0.2602875557759048,0.11675756073376302,0.14030738720872582,0.30143777887952405,0.1249380267724343,0.10758552305404065,0.10585027268220129,0.11725334655428855,0.1065939514129896,0.10485870104115022,0.248388696083292,0.2092216162617749,0.0991571641051066,1.0,0.09791769955379276,0.2627664848785325
SMALLTEXT_PREDICTIONENTROPY,0.08006941001487357,0.16088249876053545,0.05999008428358949,0.07734258800198314,0.3396132870599901,0.2892910262766485,0.026772434308378782,0.040406544372830935,0.322756569162122,0.29771938522558256,0.2583044124938027,0.16980664352999505,0.17203767972235995,0.22062469013386218,0.05999008428358949,0.20376797223599405,0.08006941001487357,0.26797223599405057,0.22087258304412494,0.10832920178482895,0.18691125433812594,0.10510659395141299,0.0835399107585523,0.05428854734754586,0.0946950917203768,0.10808130887456618,0.27863163113534956,0.23401090728805157,0.1968269707486366,0.7568170550322261,0.053792761527020325,0.07783837382250867,0.0984134853743183,0.8168071393158156,0.09791769955379276,1.0,0.07734258800198314
SMALLTEXT_RANDOM,0.13113534952900346,0.11279127416955875,0.16732771442736738,1.0,0.09494298463063956,0.10560237977193852,0.06767476450173525,0.09965294992563213,0.07040158651462568,0.07114526524541398,0.08849776896380764,0.23996033713435796,0.2337630143777888,0.1420426375805652,0.16732771442736738,0.1442736737729301,0.1308874566187407,0.11824491819533961,0.16360932077342588,0.28061477441745164,0.14476945959345563,0.23996033713435796,0.1028755577590481,0.1420426375805652,0.300446207238473,0.10684184432325236,0.08651462568170551,0.09196826970748637,0.09890927119484383,0.08775409023301933,0.08626673277144274,0.20624690133862172,0.19162121963311848,0.07907783837382251,0.2627664848785325,0.07734258800198314,1.0
