,ALIPY_CORESET_GREEDY,ALIPY_DENSITY_WEIGHTED,ALIPY_GRAPH_DENSITY,ALIPY_RANDOM,ALIPY_UNCERTAINTY_LC,ALIPY_UNCERTAINTY_MM,LIBACT_DWUS,LIBACT_QUIRE,LIBACT_UNCERTAINTY_ENT,LIBACT_UNCERTAINTY_LC,LIBACT_UNCERTAINTY_SM,OPTIMAL_GREEDY_10,OPTIMAL_GREEDY_20,PLAYGROUND_BANDIT,PLAYGROUND_GRAPH_DENSITY,PLAYGROUND_INFORMATIVE_DIVERSE,PLAYGROUND_KCENTER_GREEDY,PLAYGROUND_MARGIN,PLAYGROUND_MIXTURE,PLAYGROUND_UNIFORM,SKACTIVEML_COST_EMBEDDING,SKACTIVEML_DAL,SKACTIVEML_DWUS,SKACTIVEML_QBC,SKACTIVEML_QBC_VOTE_ENTROPY,SKACTIVEML_QUIRE,SKACTIVEML_US_ENTROPY,SKACTIVEML_US_LC,SKACTIVEML_US_MARGIN,SMALLTEXT_BREAKINGTIES,SMALLTEXT_CONTRASTIVEAL,SMALLTEXT_EMBEDDINGKMEANS,SMALLTEXT_GREEDYCORESET,SMALLTEXT_LEASTCONFIDENCE,SMALLTEXT_LIGHTWEIGHTCORESET,SMALLTEXT_PREDICTIONENTROPY,SMALLTEXT_RANDOM
ALIPY_CORESET_GREEDY,1.0,0.17922657411998016,0.10857709469509172,0.12270699058006941,0.13559742191373328,0.1212196331184928,0.06172533465542886,0.16385721368368864,0.12692117005453643,0.12097174020823004,0.11303916707982152,0.14253842340109074,0.13361427863163114,0.13559742191373328,0.10857709469509172,0.14476945959345563,0.9995042141794744,0.12741695587506197,0.13485374318294496,0.12667327714427368,0.1383242439266237,0.13882002974714924,0.11105602379771938,0.10510659395141299,0.13361427863163114,0.14749628160634606,0.13287059990084282,0.13039167079821518,0.11650966782350025,0.11403073872087258,0.10684184432325236,0.12964799206742686,0.1893901834407536,0.13336638572136836,0.12840852751611304,0.13336638572136836,0.11923648983639068
ALIPY_DENSITY_WEIGHTED,0.17922657411998016,1.0,0.08775409023301933,0.09742191373326722,0.13435795736241943,0.1249380267724343,0.07288051561725335,0.180466038671294,0.12221120475954388,0.1271690629647992,0.11824491819533961,0.09940505701536936,0.10609816559246406,0.1264253842340109,0.08775409023301933,0.12692117005453643,0.17922657411998016,0.11898859692612791,0.11675756073376302,0.10138820029747149,0.12345066931085771,0.11527020327218641,0.10436291522062469,0.09271194843827467,0.11923648983639068,0.16187407040158652,0.13187902825979178,0.13212692117005453,0.12295488349033218,0.12320277640059495,0.09742191373326722,0.10163609320773426,0.13262270699058007,0.13708477937530986,0.11378284581060982,0.1331184928111056,0.09444719881011403
ALIPY_GRAPH_DENSITY,0.10857709469509172,0.08775409023301933,1.0,0.15518096182449181,0.09742191373326722,0.10932077342588002,0.15195835399107585,0.06470004957858205,0.0991571641051066,0.09196826970748637,0.1036192364898364,0.16807139315815567,0.17030242935052056,0.12394645513138325,1.0,0.1294000991571641,0.10832920178482895,0.11650966782350025,0.13584531482399603,0.17327714427367377,0.10560237977193852,0.1450173525037184,0.1665840356965791,0.13039167079821518,0.1628656420426376,0.09345562716906297,0.09791769955379276,0.09742191373326722,0.10535448686167576,0.10684184432325236,0.0909766980664353,0.1774913237481408,0.12915220624690135,0.09717402082300446,0.17327714427367377,0.09717402082300446,0.15146256817055032
ALIPY_RANDOM,0.12270699058006941,0.09742191373326722,0.15518096182449181,1.0,0.11799702528507684,0.11849281110560238,0.0969261279127417,0.08403569657907783,0.10857709469509172,0.10733763014377788,0.11031234506693109,0.1886465047099653,0.1856717897868121,0.13559742191373328,0.15518096182449181,0.1375805651958354,0.12295488349033218,0.12692117005453643,0.15815567674764502,0.1886465047099653,0.11502231036192365,0.15245413981160139,0.12989588497768964,0.13039167079821518,0.17873078829945463,0.09667823500247893,0.11155180961824492,0.11056023797719385,0.11700545364402579,0.11130391670798215,0.09717402082300446,0.17997025285076848,0.12518591968269707,0.11179970252850768,0.17278135845314824,0.11056023797719385,0.9920674268715914
ALIPY_UNCERTAINTY_LC,0.13559742191373328,0.13435795736241943,0.09742191373326722,0.11799702528507684,1.0,0.7407040158651462,0.07635101636093208,0.10138820029747149,0.1901338621715419,0.23847297967278136,0.1648487853247397,0.13634110064452157,0.12394645513138325,0.19137332672285573,0.09742191373326722,0.15815567674764502,0.13559742191373328,0.221864154685176,0.17129400099157163,0.13113534952900346,0.14848785324739713,0.12320277640059495,0.12146752602875557,0.10758552305404065,0.12171541893901834,0.12692117005453643,0.2077342588001983,0.2498760535448686,0.17501239464551313,0.24219137332672286,0.0954387704511651,0.11824491819533961,0.11849281110560238,0.37307882994546354,0.11675756073376302,0.2746653445711453,0.11427863163113534
ALIPY_UNCERTAINTY_MM,0.1212196331184928,0.1249380267724343,0.10932077342588002,0.11849281110560238,0.7407040158651462,1.0,0.08006941001487357,0.0917203767972236,0.16460089241447695,0.17030242935052056,0.23549826474962815,0.13361427863163114,0.1294000991571641,0.20525532969757065,0.10932077342588002,0.16360932077342588,0.1212196331184928,0.278135845314824,0.20054536440257809,0.13658899355478432,0.14377788795240456,0.1249380267724343,0.11898859692612791,0.10907288051561725,0.12320277640059495,0.11774913237481408,0.17501239464551313,0.1715418939018344,0.23425880019831433,0.3676251859196827,0.09048091224590976,0.11675756073376302,0.11874070401586515,0.24070401586514625,0.11750123946455131,0.22979672781358454,0.11502231036192365
LIBACT_DWUS,0.06172533465542886,0.07288051561725335,0.15195835399107585,0.0969261279127417,0.07635101636093208,0.08006941001487357,1.0,0.07238472979672782,0.06817055032226078,0.06246901338621715,0.07040158651462568,0.07808626673277144,0.08477937530986614,0.08081308874566187,0.15195835399107585,0.08378780366881507,0.06172533465542886,0.08279623202776401,0.07982151710461081,0.10932077342588002,0.09568666336142786,0.08775409023301933,0.12444224095190877,0.10114030738720872,0.11303916707982152,0.07560733763014378,0.07411998016856718,0.07535944471988101,0.07957362419434805,0.07337630143777887,0.08527516113039167,0.1249380267724343,0.08973723351512147,0.06866633614278632,0.1028755577590481,0.07213683688646505,0.09370352007932573
LIBACT_QUIRE,0.16385721368368864,0.180466038671294,0.06470004957858205,0.08403569657907783,0.10138820029747149,0.0917203767972236,0.07238472979672782,1.0,0.0991571641051066,0.10163609320773426,0.09295984134853744,0.07808626673277144,0.07411998016856718,0.09866137828458106,0.06470004957858205,0.10461080813088745,0.16385721368368864,0.09593455627169063,0.09568666336142786,0.09048091224590976,0.10213187902825979,0.0924640555280119,0.09568666336142786,0.08750619732275657,0.08998512642538424,0.14229053049082796,0.09890927119484383,0.10337134357957363,0.09122459097669806,0.09147248388696083,0.11254338125929599,0.0909766980664353,0.12196331184928111,0.10213187902825979,0.09345562716906297,0.10262766484878533,0.08279623202776401
LIBACT_UNCERTAINTY_ENT,0.12692117005453643,0.12221120475954388,0.0991571641051066,0.10857709469509172,0.1901338621715419,0.16460089241447695,0.06817055032226078,0.0991571641051066,1.0,0.7845810609816559,0.7369856222112048,0.12270699058006941,0.12592959841348536,0.15146256817055032,0.0991571641051066,0.1574119980168567,0.12667327714427368,0.14452156668319285,0.1346058502726822,0.13113534952900346,0.1405552801189886,0.12444224095190877,0.10882498760535449,0.09494298463063956,0.12270699058006941,0.11948438274665345,0.2278135845314824,0.18368864650470995,0.1588993554784333,0.255825483391175,0.09271194843827467,0.12394645513138325,0.12072384729796728,0.28705999008428357,0.11576598909271195,0.3334159643034209,0.10560237977193852
LIBACT_UNCERTAINTY_LC,0.12097174020823004,0.1271690629647992,0.09196826970748637,0.10733763014377788,0.23847297967278136,0.17030242935052056,0.06246901338621715,0.10163609320773426,0.7845810609816559,1.0,0.7488844819038175,0.12840852751611304,0.12840852751611304,0.15468517600396628,0.09196826970748637,0.15294992563212692,0.12072384729796728,0.1502231036192365,0.13113534952900346,0.12617749132374814,0.14105106593951414,0.12245909766980664,0.11427863163113534,0.09717402082300446,0.12345066931085771,0.12221120475954388,0.18666336142786316,0.2315319781854239,0.16410510659395142,0.26524541398116014,0.09419930589985126,0.124194348041646,0.12469013386217154,0.3368864650470996,0.11254338125929599,0.2890431333663857,0.10386712940009915
LIBACT_UNCERTAINTY_SM,0.11303916707982152,0.11824491819533961,0.1036192364898364,0.11031234506693109,0.1648487853247397,0.23549826474962815,0.07040158651462568,0.09295984134853744,0.7369856222112048,0.7488844819038175,1.0,0.1279127416955875,0.13485374318294496,0.15418939018344074,0.1036192364898364,0.15964303420922163,0.11279127416955875,0.15195835399107585,0.14229053049082796,0.13584531482399603,0.13187902825979178,0.12741695587506197,0.11229548834903322,0.10386712940009915,0.12915220624690135,0.11056023797719385,0.15964303420922163,0.16063460585027267,0.2278135845314824,0.3292017848289539,0.0880019831432821,0.1256817055032226,0.11601388200297472,0.26425384234010907,0.11824491819533961,0.25632126921170056,0.10684184432325236
OPTIMAL_GREEDY_10,0.14253842340109074,0.09940505701536936,0.16807139315815567,0.1886465047099653,0.13634110064452157,0.13361427863163114,0.07808626673277144,0.07808626673277144,0.12270699058006941,0.12840852751611304,0.1279127416955875,1.0,0.42042637580565195,0.13807635101636093,0.16807139315815567,0.1611303916707982,0.1427863163113535,0.13584531482399603,0.18765493306891423,0.22012890431333665,0.11452652454139811,0.18021814576103123,0.12741695587506197,0.14625681705503224,0.21541893901834408,0.0991571641051066,0.12741695587506197,0.1338621715418939,0.13435795736241943,0.13361427863163114,0.09221616261774913,0.2203767972235994,0.13485374318294496,0.12816063460585028,0.19856222112047595,0.12692117005453643,0.1849281110560238
OPTIMAL_GREEDY_20,0.13361427863163114,0.10609816559246406,0.17030242935052056,0.1856717897868121,0.12394645513138325,0.1294000991571641,0.08477937530986614,0.07411998016856718,0.12592959841348536,0.12840852751611304,0.13485374318294496,0.42042637580565195,1.0,0.14154685176003967,0.17030242935052056,0.17798710956866634,0.1331184928111056,0.13584531482399603,0.18517600396628656,0.21740208230044622,0.11551809618244918,0.17997025285076848,0.1249380267724343,0.14352999504214178,0.20847793753098662,0.10981655924640556,0.11477441745166088,0.12766484878532475,0.124194348041646,0.1353495290034705,0.08403569657907783,0.21913733267228558,0.1301437778879524,0.12816063460585028,0.19261279127416955,0.1264253842340109,0.18170550322260784
PLAYGROUND_BANDIT,0.13559742191373328,0.1264253842340109,0.12394645513138325,0.13559742191373328,0.19137332672285573,0.20525532969757065,0.08081308874566187,0.09866137828458106,0.15146256817055032,0.15468517600396628,0.15418939018344074,0.13807635101636093,0.14154685176003967,1.0,0.12394645513138325,0.31928606841844326,0.1353495290034705,0.5515617253346554,0.3520079325731284,0.14848785324739713,0.2315319781854239,0.14923153197818542,0.12245909766980664,0.10882498760535449,0.13956370847793753,0.1383242439266237,0.15443728309370353,0.15294992563212692,0.15468517600396628,0.20054536440257809,0.10188398611799702,0.13733267228557264,0.11898859692612791,0.18294496777392166,0.13882002974714924,0.18244918195339613,0.131631135349529
PLAYGROUND_GRAPH_DENSITY,0.10857709469509172,0.08775409023301933,1.0,0.15518096182449181,0.09742191373326722,0.10932077342588002,0.15195835399107585,0.06470004957858205,0.0991571641051066,0.09196826970748637,0.1036192364898364,0.16807139315815567,0.17030242935052056,0.12394645513138325,1.0,0.1294000991571641,0.10832920178482895,0.11650966782350025,0.13584531482399603,0.17327714427367377,0.10560237977193852,0.1450173525037184,0.1665840356965791,0.13039167079821518,0.1628656420426376,0.09345562716906297,0.09791769955379276,0.09742191373326722,0.10535448686167576,0.10684184432325236,0.0909766980664353,0.1774913237481408,0.12915220624690135,0.09717402082300446,0.17327714427367377,0.09717402082300446,0.15146256817055032
PLAYGROUND_INFORMATIVE_DIVERSE,0.14476945959345563,0.12692117005453643,0.1294000991571641,0.1375805651958354,0.15815567674764502,0.16360932077342588,0.08378780366881507,0.10461080813088745,0.1574119980168567,0.15294992563212692,0.15964303420922163,0.1611303916707982,0.17798710956866634,0.31928606841844326,0.1294000991571641,1.0,0.14476945959345563,0.31631135349529005,0.31606346058502727,0.15270203272186417,0.1774913237481408,0.1517104610808131,0.12592959841348536,0.11923648983639068,0.15096678235002478,0.13882002974714924,0.15220624690133863,0.15195835399107585,0.1576598909271195,0.15493306891422906,0.10461080813088745,0.15344571145265246,0.12369856222112048,0.1479920674268716,0.13956370847793753,0.1499752107089737,0.13361427863163114
PLAYGROUND_KCENTER_GREEDY,0.9995042141794744,0.17922657411998016,0.10832920178482895,0.12295488349033218,0.13559742191373328,0.1212196331184928,0.06172533465542886,0.16385721368368864,0.12667327714427368,0.12072384729796728,0.11279127416955875,0.1427863163113535,0.1331184928111056,0.1353495290034705,0.10832920178482895,0.14476945959345563,1.0,0.12741695587506197,0.1346058502726822,0.12667327714427368,0.13782845810609817,0.13857213683688646,0.11080813088745661,0.10510659395141299,0.13361427863163114,0.14749628160634606,0.1331184928111056,0.13063956370847793,0.11675756073376302,0.11378284581060982,0.10684184432325236,0.1294000991571641,0.18963807635101637,0.1331184928111056,0.12840852751611304,0.1331184928111056,0.11948438274665345
PLAYGROUND_MARGIN,0.12741695587506197,0.11898859692612791,0.11650966782350025,0.12692117005453643,0.221864154685176,0.278135845314824,0.08279623202776401,0.09593455627169063,0.14452156668319285,0.1502231036192365,0.15195835399107585,0.13584531482399603,0.13584531482399603,0.5515617253346554,0.11650966782350025,0.31631135349529005,0.12741695587506197,1.0,0.4541398116013882,0.1375805651958354,0.22657411998016858,0.13361427863163114,0.11502231036192365,0.11204759543877045,0.131631135349529,0.13857213683688646,0.15840356965790778,0.153941497273178,0.16187407040158652,0.26574119980168565,0.0954387704511651,0.1249380267724343,0.12196331184928111,0.20872583044124937,0.12196331184928111,0.20599900842835894,0.12345066931085771
PLAYGROUND_MIXTURE,0.13485374318294496,0.11675756073376302,0.13584531482399603,0.15815567674764502,0.17129400099157163,0.20054536440257809,0.07982151710461081,0.09568666336142786,0.1346058502726822,0.13113534952900346,0.14229053049082796,0.18765493306891423,0.18517600396628656,0.3520079325731284,0.13584531482399603,0.31606346058502727,0.1346058502726822,0.4541398116013882,1.0,0.1938522558254834,0.1650966782350025,0.16236985622211206,0.11551809618244918,0.12295488349033218,0.16757560733763013,0.124194348041646,0.13882002974714924,0.14080317302925136,0.1487357461576599,0.1923648983639068,0.09444719881011403,0.16435299950421417,0.12221120475954388,0.1633614278631631,0.15865146256817056,0.1576598909271195,0.15493306891422906
PLAYGROUND_UNIFORM,0.12667327714427368,0.10138820029747149,0.17327714427367377,0.1886465047099653,0.13113534952900346,0.13658899355478432,0.10932077342588002,0.09048091224590976,0.13113534952900346,0.12617749132374814,0.13584531482399603,0.22012890431333665,0.21740208230044622,0.14848785324739713,0.17327714427367377,0.15270203272186417,0.12667327714427368,0.1375805651958354,0.1938522558254834,1.0,0.12444224095190877,0.1774913237481408,0.13435795736241943,0.14105106593951414,0.19162121963311848,0.10114030738720872,0.11700545364402579,0.11725334655428855,0.12196331184928111,0.1360932077342588,0.10188398611799702,0.20500743678730787,0.13931581556767478,0.131631135349529,0.18517600396628656,0.12989588497768964,0.18368864650470995
SKACTIVEML_COST_EMBEDDING,0.1383242439266237,0.12345066931085771,0.10560237977193852,0.11502231036192365,0.14848785324739713,0.14377788795240456,0.09568666336142786,0.10213187902825979,0.1405552801189886,0.14105106593951414,0.13187902825979178,0.11452652454139811,0.11551809618244918,0.2315319781854239,0.10560237977193852,0.1774913237481408,0.13782845810609817,0.22657411998016858,0.1650966782350025,0.12444224095190877,1.0,0.11973227565691621,0.11675756073376302,0.10436291522062469,0.11626177491323748,0.1554288547347546,0.13931581556767478,0.13882002974714924,0.13658899355478432,0.1442736737729301,0.09147248388696083,0.12543381259295985,0.12320277640059495,0.1450173525037184,0.11725334655428855,0.15121467526028756,0.11155180961824492
SKACTIVEML_DAL,0.13882002974714924,0.11527020327218641,0.1450173525037184,0.15245413981160139,0.12320277640059495,0.1249380267724343,0.08775409023301933,0.0924640555280119,0.12444224095190877,0.12245909766980664,0.12741695587506197,0.18021814576103123,0.17997025285076848,0.14923153197818542,0.1450173525037184,0.1517104610808131,0.13857213683688646,0.13361427863163114,0.16236985622211206,0.1774913237481408,0.11973227565691621,1.0,0.1249380267724343,0.12444224095190877,0.16683192860684184,0.11279127416955875,0.1271690629647992,0.12915220624690135,0.1294000991571641,0.12245909766980664,0.10585027268220129,0.16980664352999505,0.1301437778879524,0.11948438274665345,0.16980664352999505,0.11849281110560238,0.14972731779871096
SKACTIVEML_DWUS,0.11105602379771938,0.10436291522062469,0.1665840356965791,0.12989588497768964,0.12146752602875557,0.11898859692612791,0.12444224095190877,0.09568666336142786,0.10882498760535449,0.11427863163113534,0.11229548834903322,0.12741695587506197,0.1249380267724343,0.12245909766980664,0.1665840356965791,0.12592959841348536,0.11080813088745661,0.11502231036192365,0.11551809618244918,0.13435795736241943,0.11675756073376302,0.1249380267724343,1.0,0.10560237977193852,0.13287059990084282,0.11105602379771938,0.10783341596430342,0.11105602379771938,0.11750123946455131,0.11824491819533961,0.10312345066931086,0.13212692117005453,0.11328705999008429,0.11774913237481408,0.13039167079821518,0.11403073872087258,0.1264253842340109
SKACTIVEML_QBC,0.10510659395141299,0.09271194843827467,0.13039167079821518,0.13039167079821518,0.10758552305404065,0.10907288051561725,0.10114030738720872,0.08750619732275657,0.09494298463063956,0.09717402082300446,0.10386712940009915,0.14625681705503224,0.14352999504214178,0.10882498760535449,0.13039167079821518,0.11923648983639068,0.10510659395141299,0.11204759543877045,0.12295488349033218,0.14105106593951414,0.10436291522062469,0.12444224095190877,0.10560237977193852,1.0,0.15666831928606842,0.10337134357957363,0.10560237977193852,0.10684184432325236,0.11056023797719385,0.10114030738720872,0.09643034209221617,0.13733267228557264,0.10461080813088745,0.09816559246405553,0.13287059990084282,0.0946950917203768,0.1279127416955875
SKACTIVEML_QBC_VOTE_ENTROPY,0.13361427863163114,0.11923648983639068,0.1628656420426376,0.17873078829945463,0.12171541893901834,0.12320277640059495,0.11303916707982152,0.08998512642538424,0.12270699058006941,0.12345066931085771,0.12915220624690135,0.21541893901834408,0.20847793753098662,0.13956370847793753,0.1628656420426376,0.15096678235002478,0.13361427863163114,0.131631135349529,0.16757560733763013,0.19162121963311848,0.11626177491323748,0.16683192860684184,0.13287059990084282,0.15666831928606842,1.0,0.11427863163113534,0.12543381259295985,0.1294000991571641,0.13336638572136836,0.12345066931085771,0.0961824491819534,0.19484382746653445,0.1494794248884482,0.11774913237481408,0.18790282597917699,0.1212196331184928,0.1752602875557759
SKACTIVEML_QUIRE,0.14749628160634606,0.16187407040158652,0.09345562716906297,0.09667823500247893,0.12692117005453643,0.11774913237481408,0.07560733763014378,0.14229053049082796,0.11948438274665345,0.12221120475954388,0.11056023797719385,0.0991571641051066,0.10981655924640556,0.1383242439266237,0.09345562716906297,0.13882002974714924,0.14749628160634606,0.13857213683688646,0.124194348041646,0.10114030738720872,0.1554288547347546,0.11279127416955875,0.11105602379771938,0.10337134357957363,0.11427863163113534,1.0,0.1331184928111056,0.13485374318294496,0.124194348041646,0.11849281110560238,0.09593455627169063,0.10188398611799702,0.13287059990084282,0.1271690629647992,0.11105602379771938,0.12989588497768964,0.09494298463063956
SKACTIVEML_US_ENTROPY,0.13287059990084282,0.13187902825979178,0.09791769955379276,0.11155180961824492,0.2077342588001983,0.17501239464551313,0.07411998016856718,0.09890927119484383,0.2278135845314824,0.18666336142786316,0.15964303420922163,0.12741695587506197,0.11477441745166088,0.15443728309370353,0.09791769955379276,0.15220624690133863,0.1331184928111056,0.15840356965790778,0.13882002974714924,0.11700545364402579,0.13931581556767478,0.1271690629647992,0.10783341596430342,0.10560237977193852,0.12543381259295985,0.1331184928111056,1.0,0.7801189885969261,0.7379771938522558,0.16807139315815567,0.0932077342588002,0.11378284581060982,0.1256817055032226,0.20376797223599405,0.11254338125929599,0.248388696083292,0.10832920178482895
SKACTIVEML_US_LC,0.13039167079821518,0.13212692117005453,0.09742191373326722,0.11056023797719385,0.2498760535448686,0.1715418939018344,0.07535944471988101,0.10337134357957363,0.18368864650470995,0.2315319781854239,0.16063460585027267,0.1338621715418939,0.12766484878532475,0.15294992563212692,0.09742191373326722,0.15195835399107585,0.13063956370847793,0.153941497273178,0.14080317302925136,0.11725334655428855,0.13882002974714924,0.12915220624690135,0.11105602379771938,0.10684184432325236,0.1294000991571641,0.13485374318294496,0.7801189885969261,1.0,0.7518591968269708,0.17055032226078334,0.09791769955379276,0.11750123946455131,0.1249380267724343,0.24566187407040158,0.11576598909271195,0.2020327218641547,0.1065939514129896
SKACTIVEML_US_MARGIN,0.11650966782350025,0.12295488349033218,0.10535448686167576,0.11700545364402579,0.17501239464551313,0.23425880019831433,0.07957362419434805,0.09122459097669806,0.1588993554784333,0.16410510659395142,0.2278135845314824,0.13435795736241943,0.124194348041646,0.15468517600396628,0.10535448686167576,0.1576598909271195,0.11675756073376302,0.16187407040158652,0.1487357461576599,0.12196331184928111,0.13658899355478432,0.1294000991571641,0.11750123946455131,0.11056023797719385,0.13336638572136836,0.124194348041646,0.7379771938522558,0.7518591968269708,1.0,0.23648983639067922,0.0954387704511651,0.12394645513138325,0.11923648983639068,0.16980664352999505,0.11874070401586515,0.1670798215171046,0.11328705999008429
SMALLTEXT_BREAKINGTIES,0.11403073872087258,0.12320277640059495,0.10684184432325236,0.11130391670798215,0.24219137332672286,0.3676251859196827,0.07337630143777887,0.09147248388696083,0.255825483391175,0.26524541398116014,0.3292017848289539,0.13361427863163114,0.1353495290034705,0.20054536440257809,0.10684184432325236,0.15493306891422906,0.11378284581060982,0.26574119980168565,0.1923648983639068,0.1360932077342588,0.1442736737729301,0.12245909766980664,0.11824491819533961,0.10114030738720872,0.12345066931085771,0.11849281110560238,0.16807139315815567,0.17055032226078334,0.23648983639067922,1.0,0.0894893406048587,0.11477441745166088,0.11700545364402579,0.7416955875061974,0.1212196331184928,0.729300941993059,0.10832920178482895
SMALLTEXT_CONTRASTIVEAL,0.10684184432325236,0.09742191373326722,0.0909766980664353,0.09717402082300446,0.0954387704511651,0.09048091224590976,0.08527516113039167,0.11254338125929599,0.09271194843827467,0.09419930589985126,0.0880019831432821,0.09221616261774913,0.08403569657907783,0.10188398611799702,0.0909766980664353,0.10461080813088745,0.10684184432325236,0.0954387704511651,0.09444719881011403,0.10188398611799702,0.09147248388696083,0.10585027268220129,0.10312345066931086,0.09643034209221617,0.0961824491819534,0.09593455627169063,0.0932077342588002,0.09791769955379276,0.0954387704511651,0.0894893406048587,1.0,0.09345562716906297,0.12667327714427368,0.09196826970748637,0.1028755577590481,0.09643034209221617,0.0946950917203768
SMALLTEXT_EMBEDDINGKMEANS,0.12964799206742686,0.10163609320773426,0.1774913237481408,0.17997025285076848,0.11824491819533961,0.11675756073376302,0.1249380267724343,0.0909766980664353,0.12394645513138325,0.124194348041646,0.1256817055032226,0.2203767972235994,0.21913733267228558,0.13733267228557264,0.1774913237481408,0.15344571145265246,0.1294000991571641,0.1249380267724343,0.16435299950421417,0.20500743678730787,0.12543381259295985,0.16980664352999505,0.13212692117005453,0.13733267228557264,0.19484382746653445,0.10188398611799702,0.11378284581060982,0.11750123946455131,0.12394645513138325,0.11477441745166088,0.09345562716906297,1.0,0.1294000991571641,0.11328705999008429,0.19112543381259295,0.10956866633614279,0.1760039662865642
SMALLTEXT_GREEDYCORESET,0.1893901834407536,0.13262270699058007,0.12915220624690135,0.12518591968269707,0.11849281110560238,0.11874070401586515,0.08973723351512147,0.12196331184928111,0.12072384729796728,0.12469013386217154,0.11601388200297472,0.13485374318294496,0.1301437778879524,0.11898859692612791,0.12915220624690135,0.12369856222112048,0.18963807635101637,0.12196331184928111,0.12221120475954388,0.13931581556767478,0.12320277640059495,0.1301437778879524,0.11328705999008429,0.10461080813088745,0.1494794248884482,0.13287059990084282,0.1256817055032226,0.1249380267724343,0.11923648983639068,0.11700545364402579,0.12667327714427368,0.1294000991571641,1.0,0.12097174020823004,0.13113534952900346,0.12667327714427368,0.12171541893901834
SMALLTEXT_LEASTCONFIDENCE,0.13336638572136836,0.13708477937530986,0.09717402082300446,0.11179970252850768,0.37307882994546354,0.24070401586514625,0.06866633614278632,0.10213187902825979,0.28705999008428357,0.3368864650470996,0.26425384234010907,0.12816063460585028,0.12816063460585028,0.18294496777392166,0.09717402082300446,0.1479920674268716,0.1331184928111056,0.20872583044124937,0.1633614278631631,0.131631135349529,0.1450173525037184,0.11948438274665345,0.11774913237481408,0.09816559246405553,0.11774913237481408,0.1271690629647992,0.20376797223599405,0.24566187407040158,0.16980664352999505,0.7416955875061974,0.09196826970748637,0.11328705999008429,0.12097174020823004,1.0,0.11700545364402579,0.7783837382250868,0.10832920178482895
SMALLTEXT_LIGHTWEIGHTCORESET,0.12840852751611304,0.11378284581060982,0.17327714427367377,0.17278135845314824,0.11675756073376302,0.11750123946455131,0.1028755577590481,0.09345562716906297,0.11576598909271195,0.11254338125929599,0.11824491819533961,0.19856222112047595,0.19261279127416955,0.13882002974714924,0.17327714427367377,0.13956370847793753,0.12840852751611304,0.12196331184928111,0.15865146256817056,0.18517600396628656,0.11725334655428855,0.16980664352999505,0.13039167079821518,0.13287059990084282,0.18790282597917699,0.11105602379771938,0.11254338125929599,0.11576598909271195,0.11874070401586515,0.1212196331184928,0.1028755577590481,0.19112543381259295,0.13113534952900346,0.11700545364402579,1.0,0.11849281110560238,0.16955875061973227
SMALLTEXT_PREDICTIONENTROPY,0.13336638572136836,0.1331184928111056,0.09717402082300446,0.11056023797719385,0.2746653445711453,0.22979672781358454,0.07213683688646505,0.10262766484878533,0.3334159643034209,0.2890431333663857,0.25632126921170056,0.12692117005453643,0.1264253842340109,0.18244918195339613,0.09717402082300446,0.1499752107089737,0.1331184928111056,0.20599900842835894,0.1576598909271195,0.12989588497768964,0.15121467526028756,0.11849281110560238,0.11403073872087258,0.0946950917203768,0.1212196331184928,0.12989588497768964,0.248388696083292,0.2020327218641547,0.1670798215171046,0.729300941993059,0.09643034209221617,0.10956866633614279,0.12667327714427368,0.7783837382250868,0.11849281110560238,1.0,0.10758552305404065
SMALLTEXT_RANDOM,0.11923648983639068,0.09444719881011403,0.15146256817055032,0.9920674268715914,0.11427863163113534,0.11502231036192365,0.09370352007932573,0.08279623202776401,0.10560237977193852,0.10386712940009915,0.10684184432325236,0.1849281110560238,0.18170550322260784,0.131631135349529,0.15146256817055032,0.13361427863163114,0.11948438274665345,0.12345066931085771,0.15493306891422906,0.18368864650470995,0.11155180961824492,0.14972731779871096,0.1264253842340109,0.1279127416955875,0.1752602875557759,0.09494298463063956,0.10832920178482895,0.1065939514129896,0.11328705999008429,0.10832920178482895,0.0946950917203768,0.1760039662865642,0.12171541893901834,0.10832920178482895,0.16955875061973227,0.10758552305404065,1.0
