,ALIPY_CORESET_GREEDY,ALIPY_DENSITY_WEIGHTED,ALIPY_GRAPH_DENSITY,ALIPY_RANDOM,ALIPY_UNCERTAINTY_LC,ALIPY_UNCERTAINTY_MM,LIBACT_DWUS,LIBACT_QUIRE,LIBACT_UNCERTAINTY_ENT,LIBACT_UNCERTAINTY_LC,LIBACT_UNCERTAINTY_SM,OPTIMAL_GREEDY_10,OPTIMAL_GREEDY_20,PLAYGROUND_BANDIT,PLAYGROUND_GRAPH_DENSITY,PLAYGROUND_INFORMATIVE_DIVERSE,PLAYGROUND_KCENTER_GREEDY,PLAYGROUND_MARGIN,PLAYGROUND_MIXTURE,PLAYGROUND_UNIFORM,SKACTIVEML_COST_EMBEDDING,SKACTIVEML_DAL,SKACTIVEML_DWUS,SKACTIVEML_QBC,SKACTIVEML_QBC_VOTE_ENTROPY,SKACTIVEML_QUIRE,SKACTIVEML_US_ENTROPY,SKACTIVEML_US_LC,SKACTIVEML_US_MARGIN,SMALLTEXT_BREAKINGTIES,SMALLTEXT_CONTRASTIVEAL,SMALLTEXT_EMBEDDINGKMEANS,SMALLTEXT_GREEDYCORESET,SMALLTEXT_LEASTCONFIDENCE,SMALLTEXT_LIGHTWEIGHTCORESET,SMALLTEXT_PREDICTIONENTROPY,SMALLTEXT_RANDOM
ALIPY_CORESET_GREEDY,1.0,0.2952404561229549,0.026772434308378782,0.045364402578086264,0.05899851264253842,0.0451165096678235,0.03619236489836391,0.3770451165096678,0.06470004957858205,0.05528011898859692,0.04709965294992563,0.07709469509172037,0.08453148239960337,0.0857709469509172,0.026772434308378782,0.09643034209221617,1.0,0.06023797719385226,0.08254833911750124,0.08601883986117997,0.1442736737729301,0.12345066931085771,0.07560733763014378,0.08527516113039167,0.07907783837382251,0.18294496777392166,0.053792761527020325,0.05304908279623203,0.0406544372830937,0.036440257808626676,0.22211204759543876,0.10163609320773426,0.45761031234506694,0.051065939514129896,0.1420426375805652,0.05701536936043629,0.045364402578086264
ALIPY_DENSITY_WEIGHTED,0.2952404561229549,1.0,0.03743182944967774,0.05404065443728309,0.12890431333663857,0.11998016856717898,0.050322260783341594,0.307882994546356,0.12617749132374814,0.12320277640059495,0.10832920178482895,0.0887456618740704,0.09593455627169063,0.11502231036192365,0.03743182944967774,0.12295488349033218,0.2952404561229549,0.12072384729796728,0.0991571641051066,0.08304412493802678,0.16732771442736738,0.11229548834903322,0.08601883986117997,0.07734258800198314,0.0932077342588002,0.21021318790282598,0.12840852751611304,0.12915220624690135,0.11006445215666832,0.10609816559246406,0.18021814576103123,0.0924640555280119,0.3587010411502231,0.11874070401586515,0.13584531482399603,0.12816063460585028,0.05404065443728309
ALIPY_GRAPH_DENSITY,0.026772434308378782,0.03743182944967774,1.0,0.0917203767972236,0.0428854734754586,0.044124938026772434,0.12097174020823004,0.06544372830937036,0.03222607833415964,0.031234506693108576,0.03445711452652454,0.1457610312345067,0.14005949429846307,0.06841844323252355,1.0,0.06941001487357462,0.026772434308378782,0.04313336638572137,0.048834903321764996,0.12840852751611304,0.09766980664352999,0.12816063460585028,0.11130391670798215,0.1331184928111056,0.13782845810609817,0.06643529995042141,0.035696579077838374,0.034209221616261776,0.033217649975210706,0.035448686167575606,0.10163609320773426,0.13882002974714924,0.05552801189885969,0.030738720872583045,0.12146752602875557,0.03396132870599901,0.0917203767972236
ALIPY_RANDOM,0.045364402578086264,0.05404065443728309,0.0917203767972236,1.0,0.052553296975706494,0.05800694100148736,0.1499752107089737,0.08924144769459594,0.03991075855230541,0.03619236489836391,0.047595438770451165,0.23971244422409518,0.24144769459593457,0.11898859692612791,0.0917203767972236,0.10882498760535449,0.045364402578086264,0.06941001487357462,0.11179970252850768,0.25706494794248885,0.1442736737729301,0.21541893901834408,0.14625681705503224,0.23277144273673772,0.2506197322756569,0.11551809618244918,0.04933068914229053,0.04462072384729797,0.05453644025780863,0.050322260783341594,0.15096678235002478,0.20624690133862172,0.07957362419434805,0.04313336638572137,0.17030242935052056,0.0421417947446703,1.0
ALIPY_UNCERTAINTY_LC,0.05899851264253842,0.12890431333663857,0.0428854734754586,0.052553296975706494,1.0,0.7612791274169559,0.05850272682201289,0.06767476450173525,0.18815071888943977,0.20128904313336637,0.16831928606841845,0.0880019831432821,0.09866137828458106,0.14600892414476946,0.0428854734754586,0.16162617749132374,0.05899851264253842,0.20500743678730787,0.12667327714427368,0.09147248388696083,0.12369856222112048,0.09419930589985126,0.07238472979672782,0.07808626673277144,0.09345562716906297,0.1028755577590481,0.18815071888943977,0.19856222112047595,0.16757560733763013,0.21417947446703026,0.09568666336142786,0.08081308874566187,0.06593951412989589,0.32350024789291026,0.11576598909271195,0.23574615765989093,0.052553296975706494
ALIPY_UNCERTAINTY_MM,0.0451165096678235,0.11998016856717898,0.044124938026772434,0.05800694100148736,0.7612791274169559,1.0,0.060981655924640554,0.05651958353991076,0.161378284581061,0.1665840356965791,0.19930589985126426,0.09816559246405553,0.10436291522062469,0.15319781854238967,0.044124938026772434,0.16534457114526524,0.0451165096678235,0.24863658899355479,0.14923153197818542,0.0969261279127417,0.12369856222112048,0.10138820029747149,0.08031730292513634,0.0880019831432821,0.10337134357957363,0.09568666336142786,0.15691621219633117,0.1737729300941993,0.1968269707486366,0.31705503222607834,0.0894893406048587,0.08453148239960337,0.05627169062964799,0.21616261774913237,0.12667327714427368,0.20599900842835894,0.05800694100148736
LIBACT_DWUS,0.03619236489836391,0.050322260783341594,0.12097174020823004,0.1499752107089737,0.05850272682201289,0.060981655924640554,1.0,0.11675756073376302,0.0495785820525533,0.04784333168071393,0.05304908279623203,0.2630143777887952,0.2553296975706495,0.11155180961824492,0.12097174020823004,0.11527020327218641,0.03619236489836391,0.06717897868120971,0.08378780366881507,0.26103123450669313,0.1405552801189886,0.23599405057015369,0.3591968269707486,0.29424888448190384,0.26078334159643035,0.12840852751611304,0.045364402578086264,0.04709965294992563,0.05057015369360436,0.04313336638572137,0.17055032226078334,0.3891918691125434,0.08403569657907783,0.04015865146256817,0.18170550322260784,0.0458601883986118,0.1499752107089737
LIBACT_QUIRE,0.3770451165096678,0.307882994546356,0.06544372830937036,0.08924144769459594,0.06767476450173525,0.05651958353991076,0.11675756073376302,1.0,0.07709469509172037,0.06296479920674268,0.05453644025780863,0.14179474467030243,0.15468517600396628,0.10014873574615767,0.06544372830937036,0.1065939514129896,0.3770451165096678,0.06717897868120971,0.08849776896380764,0.15195835399107585,0.16410510659395142,0.16013882002974714,0.13584531482399603,0.1591472483886961,0.15047099652949925,0.21492315319781854,0.07015369360436291,0.06544372830937036,0.0532969757064948,0.04561229548834903,0.2662369856222112,0.1588993554784333,0.42860684184432324,0.05850272682201289,0.16013882002974714,0.06445215666831929,0.08924144769459594
LIBACT_UNCERTAINTY_ENT,0.06470004957858205,0.12617749132374814,0.03222607833415964,0.03991075855230541,0.18815071888943977,0.161378284581061,0.0495785820525533,0.07709469509172037,1.0,0.7942488844819038,0.7565691621219633,0.0813088745661874,0.08329201784828955,0.11427863163113534,0.03222607833415964,0.14328210213187903,0.06470004957858205,0.131631135349529,0.09370352007932573,0.08477937530986614,0.11700545364402579,0.08477937530986614,0.07188894397620228,0.07238472979672782,0.08527516113039167,0.09890927119484383,0.20798215171046108,0.18170550322260784,0.15294992563212692,0.15790778383738224,0.10436291522062469,0.06916212196331185,0.06668319286068418,0.1849281110560238,0.10312345066931086,0.21789786812097173,0.03991075855230541
LIBACT_UNCERTAINTY_LC,0.05528011898859692,0.12320277640059495,0.031234506693108576,0.03619236489836391,0.20128904313336637,0.1665840356965791,0.04784333168071393,0.06296479920674268,0.7942488844819038,1.0,0.7761527020327219,0.07858205255329698,0.07486365889935548,0.11551809618244918,0.031234506693108576,0.1502231036192365,0.05528011898859692,0.13708477937530986,0.09717402082300446,0.07461576598909271,0.11477441745166088,0.07982151710461081,0.06643529995042141,0.06395637084779375,0.08155676747645017,0.08849776896380764,0.17922657411998016,0.19558750619732276,0.15617253346554288,0.16782350024789291,0.09395141298958849,0.061973227565691624,0.061973227565691624,0.20475954387704512,0.1028755577590481,0.19905800694100148,0.03619236489836391
LIBACT_UNCERTAINTY_SM,0.04709965294992563,0.10832920178482895,0.03445711452652454,0.047595438770451165,0.16831928606841845,0.19930589985126426,0.05304908279623203,0.05453644025780863,0.7565691621219633,0.7761527020327219,1.0,0.0872583044124938,0.08701041150223103,0.12146752602875557,0.03445711452652454,0.1457610312345067,0.04709965294992563,0.1479920674268716,0.10237977193852256,0.0857709469509172,0.11874070401586515,0.09048091224590976,0.07164105106593951,0.07659890927119484,0.0894893406048587,0.08180466038671294,0.1499752107089737,0.1611303916707982,0.18790282597917699,0.19707486365889937,0.08180466038671294,0.06817055032226078,0.050322260783341594,0.1665840356965791,0.11229548834903322,0.17302925136341102,0.047595438770451165
OPTIMAL_GREEDY_10,0.07709469509172037,0.0887456618740704,0.1457610312345067,0.23971244422409518,0.0880019831432821,0.09816559246405553,0.2630143777887952,0.14179474467030243,0.0813088745661874,0.07858205255329698,0.0872583044124938,1.0,0.37952404561229547,0.18591968269707487,0.1457610312345067,0.17848289538919188,0.07709469509172037,0.11675756073376302,0.16782350024789291,0.3705999008428359,0.21219633118492812,0.32077342588001984,0.25111551809618243,0.3455627169062965,0.3743182944967774,0.17129400099157163,0.07387208725830441,0.07882994546355974,0.08676251859196826,0.08601883986117997,0.21269211700545365,0.3358948934060486,0.11650966782350025,0.07560733763014378,0.2729300941993059,0.07882994546355974,0.23971244422409518
OPTIMAL_GREEDY_20,0.08453148239960337,0.09593455627169063,0.14005949429846307,0.24144769459593457,0.09866137828458106,0.10436291522062469,0.2553296975706495,0.15468517600396628,0.08329201784828955,0.07486365889935548,0.08701041150223103,0.37952404561229547,1.0,0.18443232523549827,0.14005949429846307,0.1834407535944472,0.08453148239960337,0.11700545364402579,0.16559246405552802,0.3621715418939018,0.2196331184928111,0.32052553296975705,0.2543381259295984,0.33986117997025284,0.3601883986117997,0.17699553792761527,0.0872583044124938,0.0857709469509172,0.09494298463063956,0.07907783837382251,0.21641051065939515,0.3358948934060486,0.1271690629647992,0.07139315815567675,0.28334159643034207,0.07783837382250867,0.24144769459593457
PLAYGROUND_BANDIT,0.0857709469509172,0.11502231036192365,0.06841844323252355,0.11898859692612791,0.14600892414476946,0.15319781854238967,0.11155180961824492,0.10014873574615767,0.11427863163113534,0.11551809618244918,0.12146752602875557,0.18591968269707487,0.18443232523549827,1.0,0.06841844323252355,0.3936539414972732,0.0857709469509172,0.40431333663857216,0.4147248388696083,0.17724343083787802,0.19261279127416955,0.20426375805651958,0.13361427863163114,0.15592464055528013,0.18666336142786316,0.15096678235002478,0.12097174020823004,0.12097174020823004,0.12617749132374814,0.13138324243926625,0.1591472483886961,0.16013882002974714,0.10188398611799702,0.124194348041646,0.21417947446703026,0.12245909766980664,0.11898859692612791
PLAYGROUND_GRAPH_DENSITY,0.026772434308378782,0.03743182944967774,1.0,0.0917203767972236,0.0428854734754586,0.044124938026772434,0.12097174020823004,0.06544372830937036,0.03222607833415964,0.031234506693108576,0.03445711452652454,0.1457610312345067,0.14005949429846307,0.06841844323252355,1.0,0.06941001487357462,0.026772434308378782,0.04313336638572137,0.048834903321764996,0.12840852751611304,0.09766980664352999,0.12816063460585028,0.11130391670798215,0.1331184928111056,0.13782845810609817,0.06643529995042141,0.035696579077838374,0.034209221616261776,0.033217649975210706,0.035448686167575606,0.10163609320773426,0.13882002974714924,0.05552801189885969,0.030738720872583045,0.12146752602875557,0.03396132870599901,0.0917203767972236
PLAYGROUND_INFORMATIVE_DIVERSE,0.09643034209221617,0.12295488349033218,0.06941001487357462,0.10882498760535449,0.16162617749132374,0.16534457114526524,0.11527020327218641,0.1065939514129896,0.14328210213187903,0.1502231036192365,0.1457610312345067,0.17848289538919188,0.1834407535944472,0.3936539414972732,0.06941001487357462,1.0,0.09643034209221617,0.3634110064452157,0.3616757560733763,0.16584035696579078,0.1864154685176004,0.1931085770946951,0.12097174020823004,0.14898363906792267,0.17873078829945463,0.15443728309370353,0.15146256817055032,0.1487357461576599,0.15790778383738224,0.14526524541398117,0.15939514129895885,0.16931085770946952,0.11427863163113534,0.13857213683688646,0.22310361923648983,0.13857213683688646,0.10882498760535449
PLAYGROUND_KCENTER_GREEDY,1.0,0.2952404561229549,0.026772434308378782,0.045364402578086264,0.05899851264253842,0.0451165096678235,0.03619236489836391,0.3770451165096678,0.06470004957858205,0.05528011898859692,0.04709965294992563,0.07709469509172037,0.08453148239960337,0.0857709469509172,0.026772434308378782,0.09643034209221617,1.0,0.06023797719385226,0.08254833911750124,0.08601883986117997,0.1442736737729301,0.12345066931085771,0.07560733763014378,0.08527516113039167,0.07907783837382251,0.18294496777392166,0.053792761527020325,0.05304908279623203,0.0406544372830937,0.036440257808626676,0.22211204759543876,0.10163609320773426,0.45761031234506694,0.051065939514129896,0.1420426375805652,0.05701536936043629,0.045364402578086264
PLAYGROUND_MARGIN,0.06023797719385226,0.12072384729796728,0.04313336638572137,0.06941001487357462,0.20500743678730787,0.24863658899355479,0.06717897868120971,0.06717897868120971,0.131631135349529,0.13708477937530986,0.1479920674268716,0.11675756073376302,0.11700545364402579,0.40431333663857216,0.04313336638572137,0.3634110064452157,0.06023797719385226,1.0,0.48264749628160636,0.11452652454139811,0.14898363906792267,0.1279127416955875,0.0850272682201289,0.09816559246405553,0.11626177491323748,0.12617749132374814,0.13931581556767478,0.14526524541398117,0.1502231036192365,0.21864154685176004,0.10163609320773426,0.0924640555280119,0.07387208725830441,0.17649975210708974,0.14848785324739713,0.17104610808130888,0.06941001487357462
PLAYGROUND_MIXTURE,0.08254833911750124,0.0991571641051066,0.048834903321764996,0.11179970252850768,0.12667327714427368,0.14923153197818542,0.08378780366881507,0.08849776896380764,0.09370352007932573,0.09717402082300446,0.10237977193852256,0.16782350024789291,0.16559246405552802,0.4147248388696083,0.048834903321764996,0.3616757560733763,0.08254833911750124,0.48264749628160636,1.0,0.17674764501735252,0.16435299950421417,0.18616757560733763,0.10461080813088745,0.13584531482399603,0.17501239464551313,0.1353495290034705,0.09345562716906297,0.08775409023301933,0.10114030738720872,0.12964799206742686,0.14154685176003967,0.1412989588497769,0.09667823500247893,0.1065939514129896,0.20500743678730787,0.10535448686167576,0.11179970252850768
PLAYGROUND_UNIFORM,0.08601883986117997,0.08304412493802678,0.12840852751611304,0.25706494794248885,0.09147248388696083,0.0969261279127417,0.26103123450669313,0.15195835399107585,0.08477937530986614,0.07461576598909271,0.0857709469509172,0.3705999008428359,0.3621715418939018,0.17724343083787802,0.12840852751611304,0.16584035696579078,0.08601883986117997,0.11452652454139811,0.17674764501735252,1.0,0.22682201289043133,0.3371343579573624,0.25384234010907286,0.3366385721368369,0.3522558254833912,0.16584035696579078,0.07882994546355974,0.07585523054040655,0.08527516113039167,0.07436787307882994,0.22359940505701537,0.3299454635597422,0.12022806147744175,0.07089737233515121,0.2654933068914229,0.07387208725830441,0.25706494794248885
SKACTIVEML_COST_EMBEDDING,0.1442736737729301,0.16732771442736738,0.09766980664352999,0.1442736737729301,0.12369856222112048,0.12369856222112048,0.1405552801189886,0.16410510659395142,0.11700545364402579,0.11477441745166088,0.11874070401586515,0.21219633118492812,0.2196331184928111,0.19261279127416955,0.09766980664352999,0.1864154685176004,0.1442736737729301,0.14898363906792267,0.16435299950421417,0.22682201289043133,1.0,0.2077342588001983,0.15146256817055032,0.1901338621715419,0.221864154685176,0.20451165096678234,0.11378284581060982,0.11279127416955875,0.11105602379771938,0.10163609320773426,0.18839861179970252,0.20128904313336637,0.15964303420922163,0.1065939514129896,0.2307882994546356,0.11155180961824492,0.1442736737729301
SKACTIVEML_DAL,0.12345066931085771,0.11229548834903322,0.12816063460585028,0.21541893901834408,0.09419930589985126,0.10138820029747149,0.23599405057015369,0.16013882002974714,0.08477937530986614,0.07982151710461081,0.09048091224590976,0.32077342588001984,0.32052553296975705,0.20426375805651958,0.12816063460585028,0.1931085770946951,0.12345066931085771,0.1279127416955875,0.18616757560733763,0.3371343579573624,0.2077342588001983,1.0,0.23500247892910262,0.31259295984134855,0.33143282102131877,0.18294496777392166,0.0887456618740704,0.08453148239960337,0.09494298463063956,0.08106098165592464,0.2498760535448686,0.3326722855726326,0.15121467526028756,0.07759048091224591,0.3143282102131879,0.08552305404065444,0.21541893901834408
SKACTIVEML_DWUS,0.07560733763014378,0.08601883986117997,0.11130391670798215,0.14625681705503224,0.07238472979672782,0.08031730292513634,0.3591968269707486,0.13584531482399603,0.07188894397620228,0.06643529995042141,0.07164105106593951,0.25111551809618243,0.2543381259295984,0.13361427863163114,0.11130391670798215,0.12097174020823004,0.07560733763014378,0.0850272682201289,0.10461080813088745,0.25384234010907286,0.15146256817055032,0.23500247892910262,1.0,0.2778879524045612,0.2508676251859197,0.15468517600396628,0.07238472979672782,0.07263262270699058,0.07411998016856718,0.06023797719385226,0.1760039662865642,0.33763014377788797,0.11006445215666832,0.05899851264253842,0.17798710956866634,0.06073376301437779,0.14625681705503224
SKACTIVEML_QBC,0.08527516113039167,0.07734258800198314,0.1331184928111056,0.23277144273673772,0.07808626673277144,0.0880019831432821,0.29424888448190384,0.1591472483886961,0.07238472979672782,0.06395637084779375,0.07659890927119484,0.3455627169062965,0.33986117997025284,0.15592464055528013,0.1331184928111056,0.14898363906792267,0.08527516113039167,0.09816559246405553,0.13584531482399603,0.3366385721368369,0.1901338621715419,0.31259295984134855,0.2778879524045612,1.0,0.35746157659890926,0.16757560733763013,0.07089737233515121,0.06916212196331185,0.07932573128408528,0.06792265741199802,0.2151710461080813,0.3505205751115518,0.12617749132374814,0.06048587010411502,0.24343083787803668,0.06643529995042141,0.23277144273673772
SKACTIVEML_QBC_VOTE_ENTROPY,0.07907783837382251,0.0932077342588002,0.13782845810609817,0.2506197322756569,0.09345562716906297,0.10337134357957363,0.26078334159643035,0.15047099652949925,0.08527516113039167,0.08155676747645017,0.0894893406048587,0.3743182944967774,0.3601883986117997,0.18666336142786316,0.13782845810609817,0.17873078829945463,0.07907783837382251,0.11626177491323748,0.17501239464551313,0.3522558254833912,0.221864154685176,0.33143282102131877,0.2508676251859197,0.35746157659890926,1.0,0.1722855726326227,0.08378780366881507,0.0880019831432821,0.0946950917203768,0.08552305404065444,0.22012890431333665,0.3341596430342092,0.12444224095190877,0.07659890927119484,0.26871591472483886,0.08180466038671294,0.2506197322756569
SKACTIVEML_QUIRE,0.18294496777392166,0.21021318790282598,0.06643529995042141,0.11551809618244918,0.1028755577590481,0.09568666336142786,0.12840852751611304,0.21492315319781854,0.09890927119484383,0.08849776896380764,0.08180466038671294,0.17129400099157163,0.17699553792761527,0.15096678235002478,0.06643529995042141,0.15443728309370353,0.18294496777392166,0.12617749132374814,0.1353495290034705,0.16584035696579078,0.20451165096678234,0.18294496777392166,0.15468517600396628,0.16757560733763013,0.1722855726326227,1.0,0.09866137828458106,0.09766980664352999,0.08775409023301933,0.07635101636093208,0.20996529499256322,0.1611303916707982,0.2555775904809122,0.09072880515617253,0.19286068418443233,0.0961824491819534,0.11551809618244918
SKACTIVEML_US_ENTROPY,0.053792761527020325,0.12840852751611304,0.035696579077838374,0.04933068914229053,0.18815071888943977,0.15691621219633117,0.045364402578086264,0.07015369360436291,0.20798215171046108,0.17922657411998016,0.1499752107089737,0.07387208725830441,0.0872583044124938,0.12097174020823004,0.035696579077838374,0.15146256817055032,0.053792761527020325,0.13931581556767478,0.09345562716906297,0.07882994546355974,0.11378284581060982,0.0887456618740704,0.07238472979672782,0.07089737233515121,0.08378780366881507,0.09866137828458106,1.0,0.8041646008924145,0.7635101636093208,0.1405552801189886,0.09667823500247893,0.06941001487357462,0.06693108577094695,0.15964303420922163,0.11353495290034706,0.1945959345562717,0.04933068914229053
SKACTIVEML_US_LC,0.05304908279623203,0.12915220624690135,0.034209221616261776,0.04462072384729797,0.19856222112047595,0.1737729300941993,0.04709965294992563,0.06544372830937036,0.18170550322260784,0.19558750619732276,0.1611303916707982,0.07882994546355974,0.0857709469509172,0.12097174020823004,0.034209221616261776,0.1487357461576599,0.05304908279623203,0.14526524541398117,0.08775409023301933,0.07585523054040655,0.11279127416955875,0.08453148239960337,0.07263262270699058,0.06916212196331185,0.0880019831432821,0.09766980664352999,0.8041646008924145,1.0,0.7734258800198315,0.1427863163113535,0.09221616261774913,0.06593951412989589,0.05850272682201289,0.1752602875557759,0.11130391670798215,0.17575607337630145,0.04462072384729797
SKACTIVEML_US_MARGIN,0.0406544372830937,0.11006445215666832,0.033217649975210706,0.05453644025780863,0.16757560733763013,0.1968269707486366,0.05057015369360436,0.0532969757064948,0.15294992563212692,0.15617253346554288,0.18790282597917699,0.08676251859196826,0.09494298463063956,0.12617749132374814,0.033217649975210706,0.15790778383738224,0.0406544372830937,0.1502231036192365,0.10114030738720872,0.08527516113039167,0.11105602379771938,0.09494298463063956,0.07411998016856718,0.07932573128408528,0.0946950917203768,0.08775409023301933,0.7635101636093208,0.7734258800198315,1.0,0.17253346554288548,0.09196826970748637,0.07312840852751612,0.05156172533465543,0.14551313832424392,0.11502231036192365,0.14253842340109074,0.05453644025780863
SMALLTEXT_BREAKINGTIES,0.036440257808626676,0.10609816559246406,0.035448686167575606,0.050322260783341594,0.21417947446703026,0.31705503222607834,0.04313336638572137,0.04561229548834903,0.15790778383738224,0.16782350024789291,0.19707486365889937,0.08601883986117997,0.07907783837382251,0.13138324243926625,0.035448686167575606,0.14526524541398117,0.036440257808626676,0.21864154685176004,0.12964799206742686,0.07436787307882994,0.10163609320773426,0.08106098165592464,0.06023797719385226,0.06792265741199802,0.08552305404065444,0.07635101636093208,0.1405552801189886,0.1427863163113535,0.17253346554288548,1.0,0.07635101636093208,0.06420426375805652,0.04610808130887457,0.7585523054040655,0.0999008428358949,0.7555775904809122,0.050322260783341594
SMALLTEXT_CONTRASTIVEAL,0.22211204759543876,0.18021814576103123,0.10163609320773426,0.15096678235002478,0.09568666336142786,0.0894893406048587,0.17055032226078334,0.2662369856222112,0.10436291522062469,0.09395141298958849,0.08180466038671294,0.21269211700545365,0.21641051065939515,0.1591472483886961,0.10163609320773426,0.15939514129895885,0.22211204759543876,0.10163609320773426,0.14154685176003967,0.22359940505701537,0.18839861179970252,0.2498760535448686,0.1760039662865642,0.2151710461080813,0.22012890431333665,0.20996529499256322,0.09667823500247893,0.09221616261774913,0.09196826970748637,0.07635101636093208,1.0,0.22756569162121965,0.27565691621219635,0.08180466038671294,0.22459097669806644,0.0909766980664353,0.15096678235002478
SMALLTEXT_EMBEDDINGKMEANS,0.10163609320773426,0.0924640555280119,0.13882002974714924,0.20624690133862172,0.08081308874566187,0.08453148239960337,0.3891918691125434,0.1588993554784333,0.06916212196331185,0.061973227565691624,0.06817055032226078,0.3358948934060486,0.3358948934060486,0.16013882002974714,0.13882002974714924,0.16931085770946952,0.10163609320773426,0.0924640555280119,0.1412989588497769,0.3299454635597422,0.20128904313336637,0.3326722855726326,0.33763014377788797,0.3505205751115518,0.3341596430342092,0.1611303916707982,0.06941001487357462,0.06593951412989589,0.07312840852751612,0.06420426375805652,0.22756569162121965,1.0,0.15096678235002478,0.06048587010411502,0.31284085275161133,0.06346058502726822,0.20624690133862172
SMALLTEXT_GREEDYCORESET,0.45761031234506694,0.3587010411502231,0.05552801189885969,0.07957362419434805,0.06593951412989589,0.05627169062964799,0.08403569657907783,0.42860684184432324,0.06668319286068418,0.061973227565691624,0.050322260783341594,0.11650966782350025,0.1271690629647992,0.10188398611799702,0.05552801189885969,0.11427863163113534,0.45761031234506694,0.07387208725830441,0.09667823500247893,0.12022806147744175,0.15964303420922163,0.15121467526028756,0.11006445215666832,0.12617749132374814,0.12444224095190877,0.2555775904809122,0.06693108577094695,0.05850272682201289,0.05156172533465543,0.04610808130887457,0.27565691621219635,0.15096678235002478,1.0,0.05627169062964799,0.17798710956866634,0.06370847793753098,0.07957362419434805
SMALLTEXT_LEASTCONFIDENCE,0.051065939514129896,0.11874070401586515,0.030738720872583045,0.04313336638572137,0.32350024789291026,0.21616261774913237,0.04015865146256817,0.05850272682201289,0.1849281110560238,0.20475954387704512,0.1665840356965791,0.07560733763014378,0.07139315815567675,0.124194348041646,0.030738720872583045,0.13857213683688646,0.051065939514129896,0.17649975210708974,0.1065939514129896,0.07089737233515121,0.1065939514129896,0.07759048091224591,0.05899851264253842,0.06048587010411502,0.07659890927119484,0.09072880515617253,0.15964303420922163,0.1752602875557759,0.14551313832424392,0.7585523054040655,0.08180466038671294,0.06048587010411502,0.05627169062964799,1.0,0.0917203767972236,0.7801189885969261,0.04313336638572137
SMALLTEXT_LIGHTWEIGHTCORESET,0.1420426375805652,0.13584531482399603,0.12146752602875557,0.17030242935052056,0.11576598909271195,0.12667327714427368,0.18170550322260784,0.16013882002974714,0.10312345066931086,0.1028755577590481,0.11229548834903322,0.2729300941993059,0.28334159643034207,0.21417947446703026,0.12146752602875557,0.22310361923648983,0.1420426375805652,0.14848785324739713,0.20500743678730787,0.2654933068914229,0.2307882994546356,0.3143282102131879,0.17798710956866634,0.24343083787803668,0.26871591472483886,0.19286068418443233,0.11353495290034706,0.11130391670798215,0.11502231036192365,0.0999008428358949,0.22459097669806644,0.31284085275161133,0.17798710956866634,0.0917203767972236,1.0,0.10188398611799702,0.17030242935052056
SMALLTEXT_PREDICTIONENTROPY,0.05701536936043629,0.12816063460585028,0.03396132870599901,0.0421417947446703,0.23574615765989093,0.20599900842835894,0.0458601883986118,0.06445215666831929,0.21789786812097173,0.19905800694100148,0.17302925136341102,0.07882994546355974,0.07783837382250867,0.12245909766980664,0.03396132870599901,0.13857213683688646,0.05701536936043629,0.17104610808130888,0.10535448686167576,0.07387208725830441,0.11155180961824492,0.08552305404065444,0.06073376301437779,0.06643529995042141,0.08180466038671294,0.0961824491819534,0.1945959345562717,0.17575607337630145,0.14253842340109074,0.7555775904809122,0.0909766980664353,0.06346058502726822,0.06370847793753098,0.7801189885969261,0.10188398611799702,1.0,0.0421417947446703
SMALLTEXT_RANDOM,0.045364402578086264,0.05404065443728309,0.0917203767972236,1.0,0.052553296975706494,0.05800694100148736,0.1499752107089737,0.08924144769459594,0.03991075855230541,0.03619236489836391,0.047595438770451165,0.23971244422409518,0.24144769459593457,0.11898859692612791,0.0917203767972236,0.10882498760535449,0.045364402578086264,0.06941001487357462,0.11179970252850768,0.25706494794248885,0.1442736737729301,0.21541893901834408,0.14625681705503224,0.23277144273673772,0.2506197322756569,0.11551809618244918,0.04933068914229053,0.04462072384729797,0.05453644025780863,0.050322260783341594,0.15096678235002478,0.20624690133862172,0.07957362419434805,0.04313336638572137,0.17030242935052056,0.0421417947446703,1.0
