,ALIPY_CORESET_GREEDY,ALIPY_DENSITY_WEIGHTED,ALIPY_GRAPH_DENSITY,ALIPY_RANDOM,ALIPY_UNCERTAINTY_LC,ALIPY_UNCERTAINTY_MM,LIBACT_DWUS,LIBACT_QUIRE,LIBACT_UNCERTAINTY_ENT,LIBACT_UNCERTAINTY_LC,LIBACT_UNCERTAINTY_SM,OPTIMAL_GREEDY_10,OPTIMAL_GREEDY_20,PLAYGROUND_BANDIT,PLAYGROUND_GRAPH_DENSITY,PLAYGROUND_INFORMATIVE_DIVERSE,PLAYGROUND_KCENTER_GREEDY,PLAYGROUND_MARGIN,PLAYGROUND_MIXTURE,PLAYGROUND_UNIFORM,SKACTIVEML_COST_EMBEDDING,SKACTIVEML_DAL,SKACTIVEML_DWUS,SKACTIVEML_QBC,SKACTIVEML_QBC_VOTE_ENTROPY,SKACTIVEML_QUIRE,SKACTIVEML_US_ENTROPY,SKACTIVEML_US_LC,SKACTIVEML_US_MARGIN,SMALLTEXT_BREAKINGTIES,SMALLTEXT_CONTRASTIVEAL,SMALLTEXT_EMBEDDINGKMEANS,SMALLTEXT_GREEDYCORESET,SMALLTEXT_LEASTCONFIDENCE,SMALLTEXT_LIGHTWEIGHTCORESET,SMALLTEXT_PREDICTIONENTROPY,SMALLTEXT_RANDOM
ALIPY_CORESET_GREEDY,4034,559,547,529,399,394,182,372,265,288,279,959,961,513,547,533,4031,408,653,737,559,689,376,344,681,493,352,370,366,308,342,501,964,335,584,323,529
ALIPY_DENSITY_WEIGHTED,559,4034,335,455,617,584,178,442,531,525,519,561,574,598,335,632,559,616,628,516,713,515,467,317,479,638,627,596,603,570,344,374,560,639,510,649,455
ALIPY_GRAPH_DENSITY,547,335,4034,675,276,317,272,205,204,196,238,696,683,437,4034,404,549,307,511,865,441,712,406,436,838,317,232,231,266,264,248,582,645,236,729,242,675
ALIPY_RANDOM,529,455,675,4034,383,426,273,402,284,287,357,968,943,573,675,582,528,477,660,1132,584,968,415,573,1212,431,349,371,399,354,348,832,773,319,1060,312,4034
ALIPY_UNCERTAINTY_LC,399,617,276,383,4034,3152,132,194,867,1039,840,740,755,1016,276,896,398,1208,1001,510,833,496,366,253,475,450,1026,1145,951,1281,266,347,405,1733,476,1370,383
ALIPY_UNCERTAINTY_MM,394,584,317,426,3152,4034,157,201,750,819,1066,800,828,1072,317,951,395,1394,1080,548,786,526,411,282,499,449,887,955,1148,1763,248,361,411,1271,511,1167,426
LIBACT_DWUS,182,178,272,273,132,157,4034,258,104,107,127,190,192,178,272,153,182,170,170,349,207,267,290,342,345,194,119,117,149,130,318,393,227,114,307,108,273
LIBACT_QUIRE,372,442,205,402,194,201,258,4034,166,155,172,345,344,253,205,223,372,231,276,464,296,395,265,418,457,437,175,182,197,181,427,380,399,164,451,163,402
LIBACT_UNCERTAINTY_ENT,265,531,204,284,867,750,104,166,4034,3280,3078,601,589,645,204,859,265,691,654,431,648,398,353,207,393,367,966,807,707,1023,241,286,346,1149,373,1302,284
LIBACT_UNCERTAINTY_LC,288,525,196,287,1039,819,107,155,3280,4034,3222,626,632,725,196,922,289,736,704,377,677,405,363,205,377,346,874,961,794,1068,215,297,323,1336,382,1201,287
LIBACT_UNCERTAINTY_SM,279,519,238,357,840,1066,127,172,3078,3222,4034,661,668,729,238,949,280,775,740,423,683,434,387,246,402,347,725,794,1005,1358,194,299,333,1085,400,1042,357
OPTIMAL_GREEDY_10,959,561,696,968,740,800,190,345,601,626,661,4034,2752,1087,696,1164,961,946,1374,1123,917,1148,371,575,1100,625,699,727,798,760,325,954,721,702,1066,685,968
OPTIMAL_GREEDY_20,961,574,683,943,755,828,192,344,589,632,668,2752,4034,1097,683,1151,958,941,1338,1075,868,1070,368,555,1086,633,720,740,824,795,350,928,720,715,1049,694,943
PLAYGROUND_BANDIT,513,598,437,573,1016,1072,178,253,645,725,729,1087,1097,4034,437,1801,514,2578,1976,746,1321,703,366,389,651,714,802,832,878,1008,280,444,473,955,664,890,573
PLAYGROUND_GRAPH_DENSITY,547,335,4034,675,276,317,272,205,204,196,238,696,683,437,4034,404,549,307,511,865,441,712,406,436,838,317,232,231,266,264,248,582,645,236,729,242,675
PLAYGROUND_INFORMATIVE_DIVERSE,533,632,404,582,896,951,153,223,859,922,949,1164,1151,1801,404,4034,535,1797,1712,687,1182,668,371,390,670,642,858,914,964,889,282,520,479,864,670,822,582
PLAYGROUND_KCENTER_GREEDY,4031,559,549,528,398,395,182,372,265,289,280,961,958,514,549,535,4034,409,653,737,560,690,376,345,683,493,352,371,366,309,340,500,966,337,585,323,528
PLAYGROUND_MARGIN,408,616,307,477,1208,1394,170,231,691,736,775,946,941,2578,307,1797,409,4034,2152,623,1307,557,343,367,566,706,835,875,920,1350,276,401,413,1162,564,1081,477
PLAYGROUND_MIXTURE,653,628,511,660,1001,1080,170,276,654,704,740,1374,1338,1976,511,1712,653,2152,4034,949,1109,795,364,440,824,652,809,817,872,1015,312,602,514,913,724,891,660
PLAYGROUND_UNIFORM,737,516,865,1132,510,548,349,464,431,377,423,1123,1075,746,865,687,737,623,949,4034,691,1023,484,636,1265,568,487,481,524,497,445,926,845,445,1122,437,1132
SKACTIVEML_COST_EMBEDDING,559,713,441,584,833,786,207,296,648,677,683,917,868,1321,441,1182,560,1307,1109,691,4034,702,451,429,699,762,773,773,781,743,314,478,620,763,674,754,584
SKACTIVEML_DAL,689,515,712,968,496,526,267,395,398,405,434,1148,1070,703,712,668,690,557,795,1023,702,4034,491,524,1070,442,467,481,520,436,409,840,759,429,1050,424,968
SKACTIVEML_DWUS,376,467,406,415,366,411,290,265,353,363,387,371,368,366,406,371,376,343,364,484,451,491,4034,388,475,340,382,388,417,350,250,416,421,333,471,337,415
SKACTIVEML_QBC,344,317,436,573,253,282,342,418,207,205,246,575,555,389,436,390,345,367,440,636,429,524,388,4034,664,508,239,249,290,247,448,546,473,214,566,219,573
SKACTIVEML_QBC_VOTE_ENTROPY,681,479,838,1212,475,499,345,457,393,377,402,1100,1086,651,838,670,683,566,824,1265,699,1070,475,664,4034,483,468,472,498,392,388,931,870,384,1216,382,1212
SKACTIVEML_QUIRE,493,638,317,431,450,449,194,437,367,346,347,625,633,714,317,642,493,706,652,568,762,442,340,508,483,4034,401,388,399,427,443,371,511,425,504,436,431
SKACTIVEML_US_ENTROPY,352,627,232,349,1026,887,119,175,966,874,725,699,720,802,232,858,352,835,809,487,773,467,382,239,468,401,4034,3297,3112,807,216,311,402,956,434,1124,349
SKACTIVEML_US_LC,370,596,231,371,1145,955,117,182,807,961,794,727,740,832,231,914,371,875,817,481,773,481,388,249,472,388,3297,4034,3201,862,228,329,394,1074,427,944,371
SKACTIVEML_US_MARGIN,366,603,266,399,951,1148,149,197,707,794,1005,798,824,878,266,964,366,920,872,524,781,520,417,290,498,399,3112,3201,4034,1084,206,346,380,885,473,794,399
SMALLTEXT_BREAKINGTIES,308,570,264,354,1281,1763,130,181,1023,1068,1358,760,795,1008,264,889,309,1350,1015,497,743,436,350,247,392,427,807,862,1084,4034,205,338,360,3154,430,3053,354
SMALLTEXT_CONTRASTIVEAL,342,344,248,348,266,248,318,427,241,215,194,325,350,280,248,282,340,276,312,445,314,409,250,448,388,443,216,228,206,205,4034,385,451,236,423,217,348
SMALLTEXT_EMBEDDINGKMEANS,501,374,582,832,347,361,393,380,286,297,299,954,928,444,582,520,500,401,602,926,478,840,416,546,931,371,311,329,346,338,385,4034,631,316,1002,314,832
SMALLTEXT_GREEDYCORESET,964,560,645,773,405,411,227,399,346,323,333,721,720,473,645,479,966,413,514,845,620,759,421,473,870,511,402,394,380,360,451,631,4034,370,844,397,773
SMALLTEXT_LEASTCONFIDENCE,335,639,236,319,1733,1271,114,164,1149,1336,1085,702,715,955,236,864,337,1162,913,445,763,429,333,214,384,425,956,1074,885,3154,236,316,370,4034,400,3295,319
SMALLTEXT_LIGHTWEIGHTCORESET,584,510,729,1060,476,511,307,451,373,382,400,1066,1049,664,729,670,585,564,724,1122,674,1050,471,566,1216,504,434,427,473,430,423,1002,844,400,4034,395,1060
SMALLTEXT_PREDICTIONENTROPY,323,649,242,312,1370,1167,108,163,1302,1201,1042,685,694,890,242,822,323,1081,891,437,754,424,337,219,382,436,1124,944,794,3053,217,314,397,3295,395,4034,312
SMALLTEXT_RANDOM,529,455,675,4034,383,426,273,402,284,287,357,968,943,573,675,582,528,477,660,1132,584,968,415,573,1212,431,349,371,399,354,348,832,773,319,1060,312,4034
