,ALIPY_CORESET_GREEDY,ALIPY_DENSITY_WEIGHTED,ALIPY_GRAPH_DENSITY,ALIPY_RANDOM,ALIPY_UNCERTAINTY_LC,ALIPY_UNCERTAINTY_MM,LIBACT_DWUS,LIBACT_QUIRE,LIBACT_UNCERTAINTY_ENT,LIBACT_UNCERTAINTY_LC,LIBACT_UNCERTAINTY_SM,OPTIMAL_GREEDY_10,OPTIMAL_GREEDY_20,PLAYGROUND_BANDIT,PLAYGROUND_GRAPH_DENSITY,PLAYGROUND_INFORMATIVE_DIVERSE,PLAYGROUND_KCENTER_GREEDY,PLAYGROUND_MARGIN,PLAYGROUND_MIXTURE,PLAYGROUND_UNIFORM,SKACTIVEML_COST_EMBEDDING,SKACTIVEML_DAL,SKACTIVEML_DWUS,SKACTIVEML_QBC,SKACTIVEML_QBC_VOTE_ENTROPY,SKACTIVEML_QUIRE,SKACTIVEML_US_ENTROPY,SKACTIVEML_US_LC,SKACTIVEML_US_MARGIN,SMALLTEXT_BREAKINGTIES,SMALLTEXT_CONTRASTIVEAL,SMALLTEXT_EMBEDDINGKMEANS,SMALLTEXT_GREEDYCORESET,SMALLTEXT_LEASTCONFIDENCE,SMALLTEXT_LIGHTWEIGHTCORESET,SMALLTEXT_PREDICTIONENTROPY,SMALLTEXT_RANDOM
ALIPY_CORESET_GREEDY,1.0,0.2662369856222112,0.03594447198810114,0.046355974219137334,0.06643529995042141,0.049826474962816066,0.08924144769459594,0.31755081804660384,0.058254833911750126,0.05676747645017353,0.053544868616757564,0.11849281110560238,0.11750123946455131,0.11948438274665345,0.03594447198810114,0.1294000991571641,0.9997521070897373,0.08527516113039167,0.09568666336142786,0.11179970252850768,0.1554288547347546,0.13807635101636093,0.13262270699058007,0.11750123946455131,0.12221120475954388,0.214427367377293,0.05676747645017353,0.05577590480912246,0.046355974219137334,0.04238968765493307,0.1983143282102132,0.1264253842340109,0.3668815071888944,0.051065939514129896,0.13931581556767478,0.05899851264253842,0.046355974219137334
ALIPY_DENSITY_WEIGHTED,0.2662369856222112,1.0,0.0857709469509172,0.08899355478433317,0.10386712940009915,0.08998512642538424,0.19633118492811105,0.3740704015865146,0.0917203767972236,0.09419930589985126,0.08626673277144274,0.20128904313336637,0.20079325731284084,0.16038671294000992,0.0857709469509172,0.1707982151710461,0.2662369856222112,0.11056023797719385,0.11725334655428855,0.19261279127416955,0.221864154685176,0.2072384729796728,0.21393158155676748,0.2020327218641547,0.1938522558254834,0.27689638076351014,0.0909766980664353,0.09221616261774913,0.08626673277144274,0.06990580069410014,0.2521070897372335,0.23549826474962815,0.3966286564204264,0.08527516113039167,0.20649479424888448,0.08701041150223103,0.08899355478433317
ALIPY_GRAPH_DENSITY,0.03594447198810114,0.0857709469509172,1.0,0.07833415964303421,0.04833911750123947,0.049826474962816066,0.17203767972235995,0.11948438274665345,0.03371343579573624,0.036936043629152204,0.04090233019335647,0.15840356965790778,0.153941497273178,0.08750619732275657,1.0,0.08205255329697571,0.03594447198810114,0.04833911750123947,0.0532969757064948,0.14923153197818542,0.10312345066931086,0.15121467526028756,0.1536936043629152,0.15319781854238967,0.15096678235002478,0.11204759543877045,0.03991075855230541,0.03743182944967774,0.03966286564204264,0.037927615270203274,0.1346058502726822,0.17848289538919188,0.11130391670798215,0.035448686167575606,0.131631135349529,0.03941497273177987,0.07833415964303421
ALIPY_RANDOM,0.046355974219137334,0.08899355478433317,0.07833415964303421,1.0,0.0451165096678235,0.05156172533465543,0.17129400099157163,0.11923648983639068,0.03495290034705007,0.034209221616261776,0.03396132870599901,0.1685671789786812,0.16732771442736738,0.10237977193852256,0.07833415964303421,0.10064452156668319,0.046355974219137334,0.06965790778383739,0.08824987605354487,0.17625185919682698,0.10808130887456618,0.1628656420426376,0.146504709965295,0.1628656420426376,0.1700545364402578,0.10956866633614279,0.04090233019335647,0.03718393653941497,0.0428854734754586,0.036440257808626676,0.14774417451660882,0.18319286068418444,0.11279127416955875,0.033217649975210706,0.14823996033713435,0.03470500743678731,1.0
ALIPY_UNCERTAINTY_LC,0.06643529995042141,0.10386712940009915,0.04833911750123947,0.0451165096678235,1.0,0.7310361923648984,0.09866137828458106,0.11080813088745661,0.10213187902825979,0.11427863163113534,0.0924640555280119,0.10832920178482895,0.0999008428358949,0.10138820029747149,0.04833911750123947,0.10411502231036192,0.06643529995042141,0.14724838869608328,0.09593455627169063,0.10758552305404065,0.1065939514129896,0.1065939514129896,0.10882498760535449,0.10213187902825979,0.10485870104115022,0.11551809618244918,0.10882498760535449,0.11874070401586515,0.09271194843827467,0.15096678235002478,0.10510659395141299,0.11725334655428855,0.10485870104115022,0.26499752107089736,0.10560237977193852,0.1685671789786812,0.0451165096678235
ALIPY_UNCERTAINTY_MM,0.049826474962816066,0.08998512642538424,0.049826474962816066,0.05156172533465543,0.7310361923648984,1.0,0.10411502231036192,0.0946950917203768,0.08403569657907783,0.09072880515617253,0.11006445215666832,0.10882498760535449,0.10684184432325236,0.10857709469509172,0.049826474962816066,0.1065939514129896,0.049826474962816066,0.1945959345562717,0.11601388200297472,0.10684184432325236,0.10163609320773426,0.10783341596430342,0.11080813088745661,0.10609816559246406,0.10882498760535449,0.11105602379771938,0.08849776896380764,0.08973723351512147,0.11378284581060982,0.2555775904809122,0.10510659395141299,0.12667327714427368,0.09395141298958849,0.1517104610808131,0.10386712940009915,0.14625681705503224,0.05156172533465543
LIBACT_DWUS,0.08924144769459594,0.19633118492811105,0.17203767972235995,0.17129400099157163,0.09866137828458106,0.10411502231036192,1.0,0.26003966286564206,0.07139315815567675,0.06916212196331185,0.0842835894893406,0.3782845810609817,0.3639067922657412,0.21591472483886961,0.17203767972235995,0.22682201289043133,0.0894893406048587,0.1338621715418939,0.1856717897868121,0.3886960832920178,0.24442240951908775,0.34506693108577097,0.3862171541893902,0.3663857213683689,0.3745661874070402,0.2588001983143282,0.07213683688646505,0.06990580069410014,0.08403569657907783,0.06519583539910759,0.29846306395637084,0.4635597421913733,0.2255825483391175,0.06296479920674268,0.3011898859692613,0.07188894397620228,0.17129400099157163
LIBACT_QUIRE,0.31755081804660384,0.3740704015865146,0.11948438274665345,0.11923648983639068,0.11080813088745661,0.0946950917203768,0.26003966286564206,1.0,0.090233019335647,0.09048091224590976,0.0872583044124938,0.26127912741695586,0.26227069905800693,0.1864154685176004,0.11948438274665345,0.20252850768468023,0.3177987109568666,0.11898859692612791,0.13559742191373328,0.2523549826474963,0.2635101636093208,0.2699553792761527,0.2816063460585027,0.26227069905800693,0.2580565195835399,0.3552305404065444,0.09395141298958849,0.09444719881011403,0.08378780366881507,0.06742687159147248,0.3358948934060486,0.2848289538919187,0.4747149231531978,0.07882994546355974,0.2555775904809122,0.0984134853743183,0.11923648983639068
LIBACT_UNCERTAINTY_ENT,0.058254833911750126,0.0917203767972236,0.03371343579573624,0.03495290034705007,0.10213187902825979,0.08403569657907783,0.07139315815567675,0.090233019335647,1.0,0.7637580565195835,0.7399603371343579,0.08701041150223103,0.08254833911750124,0.08205255329697571,0.03371343579573624,0.09816559246405553,0.058254833911750126,0.07511155180961825,0.06990580069410014,0.08899355478433317,0.0932077342588002,0.08626673277144274,0.08601883986117997,0.08775409023301933,0.090233019335647,0.0917203767972236,0.12617749132374814,0.10014873574615767,0.09271194843827467,0.0857709469509172,0.1036192364898364,0.09419930589985126,0.08973723351512147,0.11155180961824492,0.0835399107585523,0.1353495290034705,0.03495290034705007
LIBACT_UNCERTAINTY_LC,0.05676747645017353,0.09419930589985126,0.036936043629152204,0.034209221616261776,0.11427863163113534,0.09072880515617253,0.06916212196331185,0.09048091224590976,0.7637580565195835,1.0,0.7496281606346058,0.08230044620723848,0.0805651958353991,0.0805651958353991,0.036936043629152204,0.09271194843827467,0.05676747645017353,0.07858205255329698,0.06470004957858205,0.07858205255329698,0.08676251859196826,0.0857709469509172,0.08453148239960337,0.08205255329697571,0.08155676747645017,0.09791769955379276,0.10560237977193852,0.12245909766980664,0.0984134853743183,0.09866137828458106,0.09791769955379276,0.0946950917203768,0.09196826970748637,0.12617749132374814,0.08477937530986614,0.11403073872087258,0.034209221616261776
LIBACT_UNCERTAINTY_SM,0.053544868616757564,0.08626673277144274,0.04090233019335647,0.03396132870599901,0.0924640555280119,0.11006445215666832,0.0842835894893406,0.0872583044124938,0.7399603371343579,0.7496281606346058,1.0,0.09147248388696083,0.0954387704511651,0.08527516113039167,0.04090233019335647,0.09766980664352999,0.053544868616757564,0.08626673277144274,0.06990580069410014,0.08998512642538424,0.08924144769459594,0.0961824491819534,0.09147248388696083,0.0946950917203768,0.10039662865642042,0.09568666336142786,0.08849776896380764,0.09568666336142786,0.12617749132374814,0.11204759543877045,0.09742191373326722,0.10808130887456618,0.0880019831432821,0.10064452156668319,0.08998512642538424,0.10461080813088745,0.03396132870599901
OPTIMAL_GREEDY_10,0.11849281110560238,0.20128904313336637,0.15840356965790778,0.1685671789786812,0.10832920178482895,0.10882498760535449,0.3782845810609817,0.26127912741695586,0.08701041150223103,0.08230044620723848,0.09147248388696083,1.0,0.34952900347050075,0.2077342588001983,0.15840356965790778,0.22583044124938026,0.11874070401586515,0.14179474467030243,0.1871591472483887,0.34581060981655926,0.2345066931085771,0.3304412493802677,0.3135845314823996,0.33515121467526027,0.3326722855726326,0.24516608824987604,0.0805651958353991,0.08824987605354487,0.09122459097669806,0.08081308874566187,0.2890431333663857,0.4008428358948934,0.24095190877540903,0.07882994546355974,0.2959841348537432,0.0850272682201289,0.1685671789786812
OPTIMAL_GREEDY_20,0.11750123946455131,0.20079325731284084,0.153941497273178,0.16732771442736738,0.0999008428358949,0.10684184432325236,0.3639067922657412,0.26227069905800693,0.08254833911750124,0.0805651958353991,0.0954387704511651,0.34952900347050075,1.0,0.20996529499256322,0.153941497273178,0.21764997521070897,0.11725334655428855,0.13634110064452157,0.18666336142786316,0.33886960832920177,0.2203767972235994,0.3321764997521071,0.30589985126425384,0.33614278631631134,0.3371343579573624,0.2523549826474963,0.08180466038671294,0.08527516113039167,0.0954387704511651,0.08230044620723848,0.2915220624690134,0.394893406048587,0.23648983639067922,0.07858205255329698,0.3061477441745166,0.08279623202776401,0.16732771442736738
PLAYGROUND_BANDIT,0.11948438274665345,0.16038671294000992,0.08750619732275657,0.10237977193852256,0.10138820029747149,0.10857709469509172,0.21591472483886961,0.1864154685176004,0.08205255329697571,0.0805651958353991,0.08527516113039167,0.2077342588001983,0.20996529499256322,1.0,0.08750619732275657,0.3703520079325731,0.11973227565691621,0.3815071888943976,0.341844323252355,0.2020327218641547,0.18839861179970252,0.20277640059494298,0.19781854238968766,0.20004957858205255,0.21095686663361427,0.1945959345562717,0.07610312345066932,0.08304412493802678,0.08453148239960337,0.08824987605354487,0.18963807635101637,0.24392662369856222,0.17922657411998016,0.0835399107585523,0.19955379276152702,0.0909766980664353,0.10237977193852256
PLAYGROUND_GRAPH_DENSITY,0.03594447198810114,0.0857709469509172,1.0,0.07833415964303421,0.04833911750123947,0.049826474962816066,0.17203767972235995,0.11948438274665345,0.03371343579573624,0.036936043629152204,0.04090233019335647,0.15840356965790778,0.153941497273178,0.08750619732275657,1.0,0.08205255329697571,0.03594447198810114,0.04833911750123947,0.0532969757064948,0.14923153197818542,0.10312345066931086,0.15121467526028756,0.1536936043629152,0.15319781854238967,0.15096678235002478,0.11204759543877045,0.03991075855230541,0.03743182944967774,0.03966286564204264,0.037927615270203274,0.1346058502726822,0.17848289538919188,0.11130391670798215,0.035448686167575606,0.131631135349529,0.03941497273177987,0.07833415964303421
PLAYGROUND_INFORMATIVE_DIVERSE,0.1294000991571641,0.1707982151710461,0.08205255329697571,0.10064452156668319,0.10411502231036192,0.1065939514129896,0.22682201289043133,0.20252850768468023,0.09816559246405553,0.09271194843827467,0.09766980664352999,0.22583044124938026,0.21764997521070897,0.3703520079325731,0.08205255329697571,1.0,0.12915220624690135,0.3215171046108081,0.3378780366881507,0.2248388696083292,0.19335647000495787,0.2240951908775409,0.21095686663361427,0.21417947446703026,0.22954883490332176,0.1931085770946951,0.08676251859196826,0.09072880515617253,0.0954387704511651,0.08601883986117997,0.20699058006941,0.26524541398116014,0.1931085770946951,0.0857709469509172,0.20897372335151215,0.09271194843827467,0.10064452156668319
PLAYGROUND_KCENTER_GREEDY,0.9997521070897373,0.2662369856222112,0.03594447198810114,0.046355974219137334,0.06643529995042141,0.049826474962816066,0.0894893406048587,0.3177987109568666,0.058254833911750126,0.05676747645017353,0.053544868616757564,0.11874070401586515,0.11725334655428855,0.11973227565691621,0.03594447198810114,0.12915220624690135,1.0,0.08527516113039167,0.09593455627169063,0.11179970252850768,0.1554288547347546,0.13807635101636093,0.13287059990084282,0.11774913237481408,0.12245909766980664,0.21417947446703026,0.05676747645017353,0.05577590480912246,0.046355974219137334,0.04238968765493307,0.1983143282102132,0.12667327714427368,0.3671294000991572,0.051065939514129896,0.139067922657412,0.05899851264253842,0.046355974219137334
PLAYGROUND_MARGIN,0.08527516113039167,0.11056023797719385,0.04833911750123947,0.06965790778383739,0.14724838869608328,0.1945959345562717,0.1338621715418939,0.11898859692612791,0.07511155180961825,0.07858205255329698,0.08626673277144274,0.14179474467030243,0.13634110064452157,0.3815071888943976,0.04833911750123947,0.3215171046108081,0.08527516113039167,1.0,0.4739712444224095,0.14303420922161625,0.13361427863163114,0.1338621715418939,0.12840852751611304,0.13733267228557264,0.13807635101636093,0.139067922657412,0.07511155180961825,0.08254833911750124,0.0813088745661874,0.17699553792761527,0.13411006445215667,0.15592464055528013,0.11452652454139811,0.1308874566187407,0.14452156668319285,0.1301437778879524,0.06965790778383739
PLAYGROUND_MIXTURE,0.09568666336142786,0.11725334655428855,0.0532969757064948,0.08824987605354487,0.09593455627169063,0.11601388200297472,0.1856717897868121,0.13559742191373328,0.06990580069410014,0.06470004957858205,0.06990580069410014,0.1871591472483887,0.18666336142786316,0.341844323252355,0.0532969757064948,0.3378780366881507,0.09593455627169063,0.4739712444224095,1.0,0.18988596926127913,0.15146256817055032,0.1841844323252355,0.1628656420426376,0.17575607337630145,0.17724343083787802,0.14848785324739713,0.05999008428358949,0.060981655924640554,0.06693108577094695,0.10064452156668319,0.16311353495290035,0.20649479424888448,0.13187902825979178,0.08155676747645017,0.17724343083787802,0.08006941001487357,0.08824987605354487
PLAYGROUND_UNIFORM,0.11179970252850768,0.19261279127416955,0.14923153197818542,0.17625185919682698,0.10758552305404065,0.10684184432325236,0.3886960832920178,0.2523549826474963,0.08899355478433317,0.07858205255329698,0.08998512642538424,0.34581060981655926,0.33886960832920177,0.2020327218641547,0.14923153197818542,0.2248388696083292,0.11179970252850768,0.14303420922161625,0.18988596926127913,1.0,0.2240951908775409,0.3217649975210709,0.3140803173029251,0.3294496777392167,0.32449181953396133,0.23326722855726326,0.08254833911750124,0.08180466038671294,0.090233019335647,0.07709469509172037,0.2920178482895389,0.4003470500743679,0.23425880019831433,0.0813088745661874,0.2853247397124442,0.08775409023301933,0.17625185919682698
SKACTIVEML_COST_EMBEDDING,0.1554288547347546,0.221864154685176,0.10312345066931086,0.10808130887456618,0.1065939514129896,0.10163609320773426,0.24442240951908775,0.2635101636093208,0.0932077342588002,0.08676251859196826,0.08924144769459594,0.2345066931085771,0.2203767972235994,0.18839861179970252,0.10312345066931086,0.19335647000495787,0.1554288547347546,0.13361427863163114,0.15146256817055032,0.2240951908775409,1.0,0.22310361923648983,0.2240951908775409,0.2278135845314824,0.2240951908775409,0.24169558750619732,0.08527516113039167,0.08626673277144274,0.08106098165592464,0.07585523054040655,0.2248388696083292,0.263262270699058,0.24020823004462072,0.0805651958353991,0.21393158155676748,0.09519087754090233,0.10808130887456618
SKACTIVEML_DAL,0.13807635101636093,0.2072384729796728,0.15121467526028756,0.1628656420426376,0.1065939514129896,0.10783341596430342,0.34506693108577097,0.2699553792761527,0.08626673277144274,0.0857709469509172,0.0961824491819534,0.3304412493802677,0.3321764997521071,0.20277640059494298,0.15121467526028756,0.2240951908775409,0.13807635101636093,0.1338621715418939,0.1841844323252355,0.3217649975210709,0.22310361923648983,1.0,0.31184928111056026,0.32002974714923155,0.3411006445215667,0.251611303916708,0.08453148239960337,0.0909766980664353,0.0954387704511651,0.07783837382250867,0.28953891918691127,0.3919186911254338,0.2627664848785325,0.07808626673277144,0.2989588497768964,0.08601883986117997,0.1628656420426376
SKACTIVEML_DWUS,0.13262270699058007,0.21393158155676748,0.1536936043629152,0.146504709965295,0.10882498760535449,0.11080813088745661,0.3862171541893902,0.2816063460585027,0.08601883986117997,0.08453148239960337,0.09147248388696083,0.3135845314823996,0.30589985126425384,0.19781854238968766,0.1536936043629152,0.21095686663361427,0.13287059990084282,0.12840852751611304,0.1628656420426376,0.3140803173029251,0.2240951908775409,0.31184928111056026,1.0,0.3187902825979177,0.3173029251363411,0.2530986613782846,0.0872583044124938,0.09295984134853744,0.0969261279127417,0.08329201784828955,0.288795240456123,0.36787307882994547,0.25260287555775907,0.0872583044124938,0.26846802181457613,0.0946950917203768,0.146504709965295
SKACTIVEML_QBC,0.11750123946455131,0.2020327218641547,0.15319781854238967,0.1628656420426376,0.10213187902825979,0.10609816559246406,0.3663857213683689,0.26227069905800693,0.08775409023301933,0.08205255329697571,0.0946950917203768,0.33515121467526027,0.33614278631631134,0.20004957858205255,0.15319781854238967,0.21417947446703026,0.11774913237481408,0.13733267228557264,0.17575607337630145,0.3294496777392167,0.2278135845314824,0.32002974714923155,0.3187902825979177,1.0,0.35473475458601883,0.23971244422409518,0.0842835894893406,0.08775409023301933,0.09519087754090233,0.07759048091224591,0.2994546355974219,0.3852255825483391,0.24144769459593457,0.07932573128408528,0.28284581060981656,0.08527516113039167,0.1628656420426376
SKACTIVEML_QBC_VOTE_ENTROPY,0.12221120475954388,0.1938522558254834,0.15096678235002478,0.1700545364402578,0.10485870104115022,0.10882498760535449,0.3745661874070402,0.2580565195835399,0.090233019335647,0.08155676747645017,0.10039662865642042,0.3326722855726326,0.3371343579573624,0.21095686663361427,0.15096678235002478,0.22954883490332176,0.12245909766980664,0.13807635101636093,0.17724343083787802,0.32449181953396133,0.2240951908775409,0.3411006445215667,0.3173029251363411,0.35473475458601883,1.0,0.23971244422409518,0.09122459097669806,0.0946950917203768,0.10114030738720872,0.07411998016856718,0.288795240456123,0.3911750123946455,0.24566187407040158,0.07461576598909271,0.29077838373822507,0.08279623202776401,0.1700545364402578
SKACTIVEML_QUIRE,0.214427367377293,0.27689638076351014,0.11204759543877045,0.10956866633614279,0.11551809618244918,0.11105602379771938,0.2588001983143282,0.3552305404065444,0.0917203767972236,0.09791769955379276,0.09568666336142786,0.24516608824987604,0.2523549826474963,0.1945959345562717,0.11204759543877045,0.1931085770946951,0.21417947446703026,0.139067922657412,0.14848785324739713,0.23326722855726326,0.24169558750619732,0.251611303916708,0.2530986613782846,0.23971244422409518,0.23971244422409518,1.0,0.09072880515617253,0.09444719881011403,0.08701041150223103,0.07783837382250867,0.28061477441745164,0.28135845314824,0.322756569162122,0.09072880515617253,0.2389687654933069,0.10386712940009915,0.10956866633614279
SKACTIVEML_US_ENTROPY,0.05676747645017353,0.0909766980664353,0.03991075855230541,0.04090233019335647,0.10882498760535449,0.08849776896380764,0.07213683688646505,0.09395141298958849,0.12617749132374814,0.10560237977193852,0.08849776896380764,0.0805651958353991,0.08180466038671294,0.07610312345066932,0.03991075855230541,0.08676251859196826,0.05676747645017353,0.07511155180961825,0.05999008428358949,0.08254833911750124,0.08527516113039167,0.08453148239960337,0.0872583044124938,0.0842835894893406,0.09122459097669806,0.09072880515617253,1.0,0.7687159147248389,0.7397124442240952,0.07957362419434805,0.0894893406048587,0.09444719881011403,0.09122459097669806,0.10163609320773426,0.0872583044124938,0.12890431333663857,0.04090233019335647
SKACTIVEML_US_LC,0.05577590480912246,0.09221616261774913,0.03743182944967774,0.03718393653941497,0.11874070401586515,0.08973723351512147,0.06990580069410014,0.09444719881011403,0.10014873574615767,0.12245909766980664,0.09568666336142786,0.08824987605354487,0.08527516113039167,0.08304412493802678,0.03743182944967774,0.09072880515617253,0.05577590480912246,0.08254833911750124,0.060981655924640554,0.08180466038671294,0.08626673277144274,0.0909766980664353,0.09295984134853744,0.08775409023301933,0.0946950917203768,0.09444719881011403,0.7687159147248389,1.0,0.7469013386217154,0.07659890927119484,0.0887456618740704,0.09593455627169063,0.08651462568170551,0.11031234506693109,0.08477937530986614,0.10262766484878533,0.03718393653941497
SKACTIVEML_US_MARGIN,0.046355974219137334,0.08626673277144274,0.03966286564204264,0.0428854734754586,0.09271194843827467,0.11378284581060982,0.08403569657907783,0.08378780366881507,0.09271194843827467,0.0984134853743183,0.12617749132374814,0.09122459097669806,0.0954387704511651,0.08453148239960337,0.03966286564204264,0.0954387704511651,0.046355974219137334,0.0813088745661874,0.06693108577094695,0.090233019335647,0.08106098165592464,0.0954387704511651,0.0969261279127417,0.09519087754090233,0.10114030738720872,0.08701041150223103,0.7397124442240952,0.7469013386217154,1.0,0.09940505701536936,0.09444719881011403,0.10907288051561725,0.07858205255329698,0.0909766980664353,0.08676251859196826,0.08973723351512147,0.0428854734754586
SMALLTEXT_BREAKINGTIES,0.04238968765493307,0.06990580069410014,0.037927615270203274,0.036440257808626676,0.15096678235002478,0.2555775904809122,0.06519583539910759,0.06742687159147248,0.0857709469509172,0.09866137828458106,0.11204759543877045,0.08081308874566187,0.08230044620723848,0.08824987605354487,0.037927615270203274,0.08601883986117997,0.04238968765493307,0.17699553792761527,0.10064452156668319,0.07709469509172037,0.07585523054040655,0.07783837382250867,0.08329201784828955,0.07759048091224591,0.07411998016856718,0.07783837382250867,0.07957362419434805,0.07659890927119484,0.09940505701536936,1.0,0.07982151710461081,0.09048091224590976,0.06742687159147248,0.7317798710956867,0.07783837382250867,0.7245909766980664,0.036440257808626676
SMALLTEXT_CONTRASTIVEAL,0.1983143282102132,0.2521070897372335,0.1346058502726822,0.14774417451660882,0.10510659395141299,0.10510659395141299,0.29846306395637084,0.3358948934060486,0.1036192364898364,0.09791769955379276,0.09742191373326722,0.2890431333663857,0.2915220624690134,0.18963807635101637,0.1346058502726822,0.20699058006941,0.1983143282102132,0.13411006445215667,0.16311353495290035,0.2920178482895389,0.2248388696083292,0.28953891918691127,0.288795240456123,0.2994546355974219,0.288795240456123,0.28061477441745164,0.0894893406048587,0.0887456618740704,0.09444719881011403,0.07982151710461081,1.0,0.34952900347050075,0.32721864154685176,0.0887456618740704,0.2709469509172038,0.1028755577590481,0.14774417451660882
SMALLTEXT_EMBEDDINGKMEANS,0.1264253842340109,0.23549826474962815,0.17848289538919188,0.18319286068418444,0.11725334655428855,0.12667327714427368,0.4635597421913733,0.2848289538919187,0.09419930589985126,0.0946950917203768,0.10808130887456618,0.4008428358948934,0.394893406048587,0.24392662369856222,0.17848289538919188,0.26524541398116014,0.12667327714427368,0.15592464055528013,0.20649479424888448,0.4003470500743679,0.263262270699058,0.3919186911254338,0.36787307882994547,0.3852255825483391,0.3911750123946455,0.28135845314824,0.09444719881011403,0.09593455627169063,0.10907288051561725,0.09048091224590976,0.34952900347050075,1.0,0.27268220128904314,0.0887456618740704,0.3589489340604859,0.10039662865642042,0.18319286068418444
SMALLTEXT_GREEDYCORESET,0.3668815071888944,0.3966286564204264,0.11130391670798215,0.11279127416955875,0.10485870104115022,0.09395141298958849,0.2255825483391175,0.4747149231531978,0.08973723351512147,0.09196826970748637,0.0880019831432821,0.24095190877540903,0.23648983639067922,0.17922657411998016,0.11130391670798215,0.1931085770946951,0.3671294000991572,0.11452652454139811,0.13187902825979178,0.23425880019831433,0.24020823004462072,0.2627664848785325,0.25260287555775907,0.24144769459593457,0.24566187407040158,0.322756569162122,0.09122459097669806,0.08651462568170551,0.07858205255329698,0.06742687159147248,0.32721864154685176,0.27268220128904314,1.0,0.08378780366881507,0.229300941993059,0.09271194843827467,0.11279127416955875
SMALLTEXT_LEASTCONFIDENCE,0.051065939514129896,0.08527516113039167,0.035448686167575606,0.033217649975210706,0.26499752107089736,0.1517104610808131,0.06296479920674268,0.07882994546355974,0.11155180961824492,0.12617749132374814,0.10064452156668319,0.07882994546355974,0.07858205255329698,0.0835399107585523,0.035448686167575606,0.0857709469509172,0.051065939514129896,0.1308874566187407,0.08155676747645017,0.0813088745661874,0.0805651958353991,0.07808626673277144,0.0872583044124938,0.07932573128408528,0.07461576598909271,0.09072880515617253,0.10163609320773426,0.11031234506693109,0.0909766980664353,0.7317798710956867,0.0887456618740704,0.0887456618740704,0.08378780366881507,1.0,0.08031730292513634,0.7558254833911751,0.033217649975210706
SMALLTEXT_LIGHTWEIGHTCORESET,0.13931581556767478,0.20649479424888448,0.131631135349529,0.14823996033713435,0.10560237977193852,0.10386712940009915,0.3011898859692613,0.2555775904809122,0.0835399107585523,0.08477937530986614,0.08998512642538424,0.2959841348537432,0.3061477441745166,0.19955379276152702,0.131631135349529,0.20897372335151215,0.139067922657412,0.14452156668319285,0.17724343083787802,0.2853247397124442,0.21393158155676748,0.2989588497768964,0.26846802181457613,0.28284581060981656,0.29077838373822507,0.2389687654933069,0.0872583044124938,0.08477937530986614,0.08676251859196826,0.07783837382250867,0.2709469509172038,0.3589489340604859,0.229300941993059,0.08031730292513634,1.0,0.0835399107585523,0.14823996033713435
SMALLTEXT_PREDICTIONENTROPY,0.05899851264253842,0.08701041150223103,0.03941497273177987,0.03470500743678731,0.1685671789786812,0.14625681705503224,0.07188894397620228,0.0984134853743183,0.1353495290034705,0.11403073872087258,0.10461080813088745,0.0850272682201289,0.08279623202776401,0.0909766980664353,0.03941497273177987,0.09271194843827467,0.05899851264253842,0.1301437778879524,0.08006941001487357,0.08775409023301933,0.09519087754090233,0.08601883986117997,0.0946950917203768,0.08527516113039167,0.08279623202776401,0.10386712940009915,0.12890431333663857,0.10262766484878533,0.08973723351512147,0.7245909766980664,0.1028755577590481,0.10039662865642042,0.09271194843827467,0.7558254833911751,0.0835399107585523,1.0,0.03470500743678731
SMALLTEXT_RANDOM,0.046355974219137334,0.08899355478433317,0.07833415964303421,1.0,0.0451165096678235,0.05156172533465543,0.17129400099157163,0.11923648983639068,0.03495290034705007,0.034209221616261776,0.03396132870599901,0.1685671789786812,0.16732771442736738,0.10237977193852256,0.07833415964303421,0.10064452156668319,0.046355974219137334,0.06965790778383739,0.08824987605354487,0.17625185919682698,0.10808130887456618,0.1628656420426376,0.146504709965295,0.1628656420426376,0.1700545364402578,0.10956866633614279,0.04090233019335647,0.03718393653941497,0.0428854734754586,0.036440257808626676,0.14774417451660882,0.18319286068418444,0.11279127416955875,0.033217649975210706,0.14823996033713435,0.03470500743678731,1.0
