,ALIPY_CORESET_GREEDY,ALIPY_DENSITY_WEIGHTED,ALIPY_GRAPH_DENSITY,ALIPY_RANDOM,ALIPY_UNCERTAINTY_LC,ALIPY_UNCERTAINTY_MM,LIBACT_DWUS,LIBACT_QUIRE,LIBACT_UNCERTAINTY_ENT,LIBACT_UNCERTAINTY_LC,LIBACT_UNCERTAINTY_SM,OPTIMAL_GREEDY_10,OPTIMAL_GREEDY_20,PLAYGROUND_BANDIT,PLAYGROUND_GRAPH_DENSITY,PLAYGROUND_INFORMATIVE_DIVERSE,PLAYGROUND_KCENTER_GREEDY,PLAYGROUND_MARGIN,PLAYGROUND_MIXTURE,PLAYGROUND_UNIFORM,SKACTIVEML_COST_EMBEDDING,SKACTIVEML_DAL,SKACTIVEML_DWUS,SKACTIVEML_QBC,SKACTIVEML_QBC_VOTE_ENTROPY,SKACTIVEML_QUIRE,SKACTIVEML_US_ENTROPY,SKACTIVEML_US_LC,SKACTIVEML_US_MARGIN,SMALLTEXT_BREAKINGTIES,SMALLTEXT_CONTRASTIVEAL,SMALLTEXT_EMBEDDINGKMEANS,SMALLTEXT_GREEDYCORESET,SMALLTEXT_LEASTCONFIDENCE,SMALLTEXT_LIGHTWEIGHTCORESET,SMALLTEXT_PREDICTIONENTROPY,SMALLTEXT_RANDOM
ALIPY_CORESET_GREEDY,1.0,0.13361427863163114,0.14848785324739713,0.13336638572136836,0.0969261279127417,0.0961824491819534,0.042637580565195836,0.09345562716906297,0.06891422905304909,0.07238472979672782,0.07585523054040655,0.23252354982647497,0.22657411998016858,0.12865642042637582,0.14848785324739713,0.1360932077342588,0.9992563212692117,0.09742191373326722,0.15840356965790778,0.17625185919682698,0.1383242439266237,0.17302925136341102,0.08477937530986614,0.09742191373326722,0.16782350024789291,0.11031234506693109,0.08180466038671294,0.08701041150223103,0.08453148239960337,0.08031730292513634,0.0894893406048587,0.12146752602875557,0.2555775904809122,0.08329201784828955,0.1494794248884482,0.08006941001487357,0.13336638572136836
ALIPY_DENSITY_WEIGHTED,0.13361427863163114,1.0,0.08180466038671294,0.10237977193852256,0.15666831928606842,0.14700049578582053,0.04313336638572137,0.11279127416955875,0.12766484878532475,0.12890431333663857,0.12592959841348536,0.1353495290034705,0.13212692117005453,0.15047099652949925,0.08180466038671294,0.1457610312345067,0.13361427863163114,0.1420426375805652,0.15047099652949925,0.13187902825979178,0.1797223599405057,0.1294000991571641,0.10907288051561725,0.07882994546355974,0.11725334655428855,0.15666831928606842,0.1442736737729301,0.1479920674268716,0.13782845810609817,0.139067922657412,0.08477937530986614,0.0946950917203768,0.13658899355478432,0.15071888943976203,0.12989588497768964,0.15790778383738224,0.10237977193852256
ALIPY_GRAPH_DENSITY,0.14848785324739713,0.08180466038671294,1.0,0.1611303916707982,0.06470004957858205,0.07535944471988101,0.06817055032226078,0.05081804660386713,0.05428854734754586,0.0518096182449182,0.05775904809122459,0.18591968269707487,0.1752602875557759,0.0991571641051066,1.0,0.0946950917203768,0.14898363906792267,0.07635101636093208,0.11998016856717898,0.21467526028755576,0.1065939514129896,0.17947446703024295,0.09593455627169063,0.10163609320773426,0.21120475954387705,0.07288051561725335,0.06593951412989589,0.06618740704015866,0.07312840852751612,0.06941001487357462,0.06073376301437779,0.1457610312345067,0.16807139315815567,0.06048587010411502,0.17649975210708974,0.06445215666831929,0.1611303916707982
ALIPY_RANDOM,0.13336638572136836,0.10237977193852256,0.1611303916707982,1.0,0.10386712940009915,0.11328705999008429,0.06246901338621715,0.09667823500247893,0.08329201784828955,0.0805651958353991,0.09122459097669806,0.2550818046603867,0.2508676251859197,0.153941497273178,0.1611303916707982,0.15617253346554288,0.1331184928111056,0.12915220624690135,0.17798710956866634,0.2721864154685176,0.15617253346554288,0.23847297967278136,0.10609816559246406,0.1502231036192365,0.29102627664848785,0.11675756073376302,0.09345562716906297,0.09221616261774913,0.10188398611799702,0.09965294992563213,0.0842835894893406,0.21244422409519087,0.1968269707486366,0.0924640555280119,0.2734258800198314,0.0909766980664353,1.0
ALIPY_UNCERTAINTY_LC,0.0969261279127417,0.15666831928606842,0.06470004957858205,0.10386712940009915,1.0,0.778135845314824,0.030738720872583045,0.05428854734754586,0.20748636588993555,0.24566187407040158,0.19633118492811105,0.18170550322260784,0.18591968269707487,0.2449181953396133,0.06470004957858205,0.21244422409519087,0.09717402082300446,0.3001983143282102,0.23971244422409518,0.12890431333663857,0.19484382746653445,0.1331184928111056,0.10064452156668319,0.06742687159147248,0.12617749132374814,0.10907288051561725,0.2545860188398612,0.28705999008428357,0.23946455131383243,0.30565195835399106,0.06990580069410014,0.08527516113039167,0.10609816559246406,0.42117005453644024,0.12320277640059495,0.3294496777392167,0.10386712940009915
ALIPY_UNCERTAINTY_MM,0.0961824491819534,0.14700049578582053,0.07535944471988101,0.11328705999008429,0.778135845314824,1.0,0.037927615270203274,0.05205751115518096,0.16410510659395142,0.1931085770946951,0.25037183936539414,0.19533961328705998,0.19881011403073873,0.26871591472483886,0.07535944471988101,0.22880515617253347,0.09643034209221617,0.35473475458601883,0.2697074863658899,0.13981160138820029,0.19211700545364402,0.13584531482399603,0.10932077342588002,0.07511155180961825,0.13063956370847793,0.11031234506693109,0.21492315319781854,0.2307882994546356,0.29400099157164106,0.4229053049082796,0.06321269211700545,0.08924144769459594,0.10312345066931086,0.3026772434308379,0.13262270699058007,0.2746653445711453,0.11328705999008429
LIBACT_DWUS,0.042637580565195836,0.04313336638572137,0.06817055032226078,0.06246901338621715,0.030738720872583045,0.037927615270203274,1.0,0.06742687159147248,0.029995042141794746,0.027268220128904314,0.03247397124442241,0.05453644025780863,0.04908279623202776,0.0451165096678235,0.06817055032226078,0.0421417947446703,0.042637580565195836,0.045364402578086264,0.04933068914229053,0.08205255329697571,0.053792761527020325,0.059742191373326724,0.06246901338621715,0.08899355478433317,0.07957362419434805,0.047595438770451165,0.033217649975210706,0.03024293505205751,0.03743182944967774,0.03817550818046604,0.07709469509172037,0.09072880515617253,0.04858701041150223,0.032969757064947945,0.06742687159147248,0.033217649975210706,0.06246901338621715
LIBACT_QUIRE,0.09345562716906297,0.11279127416955875,0.05081804660386713,0.09667823500247893,0.05428854734754586,0.05205751115518096,0.06742687159147248,1.0,0.04164600892414477,0.042637580565195836,0.04709965294992563,0.09271194843827467,0.08254833911750124,0.06990580069410014,0.05081804660386713,0.06941001487357462,0.09345562716906297,0.06172533465542886,0.07139315815567675,0.11353495290034706,0.0850272682201289,0.09568666336142786,0.05627169062964799,0.10535448686167576,0.10609816559246406,0.1036192364898364,0.0443728309370352,0.044868616757560736,0.045364402578086264,0.04610808130887457,0.11477441745166088,0.09196826970748637,0.10461080813088745,0.0451165096678235,0.10857709469509172,0.04189390183440753,0.09667823500247893
LIBACT_UNCERTAINTY_ENT,0.06891422905304909,0.12766484878532475,0.05428854734754586,0.08329201784828955,0.20748636588993555,0.16410510659395142,0.029995042141794746,0.04164600892414477,1.0,0.8168071393158156,0.7592959841348538,0.14600892414476946,0.14675260287555775,0.15443728309370353,0.05428854734754586,0.20798215171046108,0.06891422905304909,0.15865146256817056,0.1574119980168567,0.11725334655428855,0.1588993554784333,0.09940505701536936,0.09122459097669806,0.0532969757064948,0.10684184432325236,0.0924640555280119,0.24392662369856222,0.2017848289538919,0.17649975210708974,0.23500247892910262,0.06519583539910759,0.07213683688646505,0.09295984134853744,0.27590480912245907,0.09568666336142786,0.3225086762518592,0.08329201784828955
LIBACT_UNCERTAINTY_LC,0.07238472979672782,0.12890431333663857,0.0518096182449182,0.0805651958353991,0.24566187407040158,0.1931085770946951,0.027268220128904314,0.042637580565195836,0.8168071393158156,1.0,0.7942488844819038,0.146504709965295,0.14898363906792267,0.17104610808130888,0.0518096182449182,0.2203767972235994,0.07263262270699058,0.1745166088249876,0.17302925136341102,0.11006445215666832,0.16534457114526524,0.09791769955379276,0.09667823500247893,0.05503222607833416,0.10411502231036192,0.08924144769459594,0.21566683192860683,0.248388696083292,0.20029747149231533,0.2592959841348537,0.060981655924640554,0.06817055032226078,0.08527516113039167,0.32002974714923155,0.09568666336142786,0.29176995537927614,0.0805651958353991
LIBACT_UNCERTAINTY_SM,0.07585523054040655,0.12592959841348536,0.05775904809122459,0.09122459097669806,0.19633118492811105,0.25037183936539414,0.03247397124442241,0.04709965294992563,0.7592959841348538,0.7942488844819038,1.0,0.1576598909271195,0.1648487853247397,0.17203767972235995,0.05775904809122459,0.22806147744174515,0.07610312345066932,0.18616757560733763,0.1834407535944472,0.124194348041646,0.16584035696579078,0.10857709469509172,0.09791769955379276,0.060981655924640554,0.10708973723351513,0.08824987605354487,0.17625185919682698,0.19261279127416955,0.2449181953396133,0.32449181953396133,0.05205751115518096,0.07783837382250867,0.08973723351512147,0.2583044124938027,0.10436291522062469,0.24888448190381754,0.09122459097669806
OPTIMAL_GREEDY_10,0.23252354982647497,0.1353495290034705,0.18591968269707487,0.2550818046603867,0.18170550322260784,0.19533961328705998,0.05453644025780863,0.09271194843827467,0.14600892414476946,0.146504709965295,0.1576598909271195,1.0,0.6683192860684184,0.25706494794248885,0.18591968269707487,0.2778879524045612,0.2330193356470005,0.2181457610312345,0.3292017848289539,0.28805156172533464,0.21764997521070897,0.282350024789291,0.10089241447694595,0.14823996033713435,0.3009419930589985,0.14898363906792267,0.17253346554288548,0.1737729300941993,0.18914229053049084,0.17848289538919188,0.08973723351512147,0.2389687654933069,0.1797223599405057,0.17302925136341102,0.2771442736737729,0.16782350024789291,0.2550818046603867
OPTIMAL_GREEDY_20,0.22657411998016858,0.13212692117005453,0.1752602875557759,0.2508676251859197,0.18591968269707487,0.19881011403073873,0.04908279623202776,0.08254833911750124,0.14675260287555775,0.14898363906792267,0.1648487853247397,0.6683192860684184,1.0,0.2597917699553793,0.1752602875557759,0.282350024789291,0.22607833415964304,0.2233515121467526,0.31928606841844326,0.28309370352007934,0.214427367377293,0.2771442736737729,0.1036192364898364,0.14898363906792267,0.2818542389687655,0.1502231036192365,0.17575607337630145,0.18244918195339613,0.19856222112047595,0.1774913237481408,0.0954387704511651,0.2263262270699058,0.18443232523549827,0.16534457114526524,0.2744174516608825,0.16187407040158652,0.2508676251859197
PLAYGROUND_BANDIT,0.12865642042637582,0.15047099652949925,0.0991571641051066,0.153941497273178,0.2449181953396133,0.26871591472483886,0.0451165096678235,0.06990580069410014,0.15443728309370353,0.17104610808130888,0.17203767972235995,0.25706494794248885,0.2597917699553793,1.0,0.0991571641051066,0.43976202280614773,0.12890431333663857,0.641298958849777,0.485126425384234,0.18963807635101637,0.32746653445711454,0.1760039662865642,0.10064452156668319,0.10039662865642042,0.1782350024789291,0.1722855726326227,0.19558750619732276,0.20426375805651958,0.21343579573624194,0.24863658899355479,0.07089737233515121,0.11254338125929599,0.1279127416955875,0.2203767972235994,0.17129400099157163,0.22062469013386218,0.153941497273178
PLAYGROUND_GRAPH_DENSITY,0.14848785324739713,0.08180466038671294,1.0,0.1611303916707982,0.06470004957858205,0.07535944471988101,0.06817055032226078,0.05081804660386713,0.05428854734754586,0.0518096182449182,0.05775904809122459,0.18591968269707487,0.1752602875557759,0.0991571641051066,1.0,0.0946950917203768,0.14898363906792267,0.07635101636093208,0.11998016856717898,0.21467526028755576,0.1065939514129896,0.17947446703024295,0.09593455627169063,0.10163609320773426,0.21120475954387705,0.07288051561725335,0.06593951412989589,0.06618740704015866,0.07312840852751612,0.06941001487357462,0.06073376301437779,0.1457610312345067,0.16807139315815567,0.06048587010411502,0.17649975210708974,0.06445215666831929,0.1611303916707982
PLAYGROUND_INFORMATIVE_DIVERSE,0.1360932077342588,0.1457610312345067,0.0946950917203768,0.15617253346554288,0.21244422409519087,0.22880515617253347,0.0421417947446703,0.06941001487357462,0.20798215171046108,0.2203767972235994,0.22806147744174515,0.2778879524045612,0.282350024789291,0.43976202280614773,0.0946950917203768,1.0,0.13634110064452157,0.4328210213187903,0.4216658403569658,0.18294496777392166,0.28582052553296977,0.17104610808130888,0.10237977193852256,0.10857709469509172,0.1841844323252355,0.15691621219633117,0.20426375805651958,0.21839365394149726,0.2337630143777888,0.21690629647992068,0.07734258800198314,0.12840852751611304,0.11923648983639068,0.20475954387704512,0.17203767972235995,0.20128904313336637,0.15617253346554288
PLAYGROUND_KCENTER_GREEDY,0.9992563212692117,0.13361427863163114,0.14898363906792267,0.1331184928111056,0.09717402082300446,0.09643034209221617,0.042637580565195836,0.09345562716906297,0.06891422905304909,0.07263262270699058,0.07610312345066932,0.2330193356470005,0.22607833415964304,0.12890431333663857,0.14898363906792267,0.13634110064452157,1.0,0.09766980664352999,0.15865146256817056,0.17649975210708974,0.13857213683688646,0.17352503718393653,0.08477937530986614,0.09766980664352999,0.1685671789786812,0.11031234506693109,0.08180466038671294,0.0872583044124938,0.08453148239960337,0.0805651958353991,0.08924144769459594,0.1212196331184928,0.255825483391175,0.08378780366881507,0.14972731779871096,0.08006941001487357,0.1331184928111056
PLAYGROUND_MARGIN,0.09742191373326722,0.1420426375805652,0.07635101636093208,0.12915220624690135,0.3001983143282102,0.35473475458601883,0.045364402578086264,0.06172533465542886,0.15865146256817056,0.1745166088249876,0.18616757560733763,0.2181457610312345,0.2233515121467526,0.641298958849777,0.07635101636093208,0.4328210213187903,0.09766980664352999,1.0,0.5324739712444224,0.15617253346554288,0.3158155676747645,0.15344571145265246,0.0984134853743183,0.0946950917203768,0.153941497273178,0.17129400099157163,0.2020327218641547,0.21269211700545365,0.22583044124938026,0.33168071393158155,0.06817055032226078,0.0961824491819534,0.10560237977193852,0.2783837382250868,0.1442736737729301,0.2659890927119484,0.12915220624690135
PLAYGROUND_MIXTURE,0.15840356965790778,0.15047099652949925,0.11998016856717898,0.17798710956866634,0.23971244422409518,0.2697074863658899,0.04933068914229053,0.07139315815567675,0.1574119980168567,0.17302925136341102,0.1834407535944472,0.3292017848289539,0.31928606841844326,0.485126425384234,0.11998016856717898,0.4216658403569658,0.15865146256817056,0.5324739712444224,1.0,0.2478929102627665,0.273921665840357,0.19881011403073873,0.10386712940009915,0.11279127416955875,0.21368368864650472,0.15518096182449181,0.18765493306891423,0.19509172037679723,0.21244422409519087,0.25731284085275163,0.07907783837382251,0.15319781854238967,0.13857213683688646,0.2248388696083292,0.19781854238968766,0.21864154685176004,0.17798710956866634
PLAYGROUND_UNIFORM,0.17625185919682698,0.13187902825979178,0.21467526028755576,0.2721864154685176,0.12890431333663857,0.13981160138820029,0.08205255329697571,0.11353495290034706,0.11725334655428855,0.11006445215666832,0.124194348041646,0.28805156172533464,0.28309370352007934,0.18963807635101637,0.21467526028755576,0.18294496777392166,0.17649975210708974,0.15617253346554288,0.2478929102627665,1.0,0.17476450173525038,0.26152702032721864,0.1264253842340109,0.16088249876053545,0.30218145761031234,0.14526524541398117,0.12394645513138325,0.12518591968269707,0.13559742191373328,0.12766484878532475,0.12245909766980664,0.2248388696083292,0.21715418939018344,0.11675756073376302,0.288795240456123,0.11799702528507684,0.2721864154685176
SKACTIVEML_COST_EMBEDDING,0.1383242439266237,0.1797223599405057,0.1065939514129896,0.15617253346554288,0.19484382746653445,0.19211700545364402,0.053792761527020325,0.0850272682201289,0.1588993554784333,0.16534457114526524,0.16584035696579078,0.21764997521070897,0.214427367377293,0.32746653445711454,0.1065939514129896,0.28582052553296977,0.13857213683688646,0.3158155676747645,0.273921665840357,0.17476450173525038,1.0,0.16460089241447695,0.11774913237481408,0.11105602379771938,0.17625185919682698,0.18740704015865145,0.17550818046603867,0.1789786812097174,0.18616757560733763,0.1893901834407536,0.0813088745661874,0.11799702528507684,0.14352999504214178,0.18889439762022806,0.1628656420426376,0.18517600396628656,0.15617253346554288
SKACTIVEML_DAL,0.17302925136341102,0.1294000991571641,0.17947446703024295,0.23847297967278136,0.1331184928111056,0.13584531482399603,0.059742191373326724,0.09568666336142786,0.09940505701536936,0.09791769955379276,0.10857709469509172,0.282350024789291,0.2771442736737729,0.1760039662865642,0.17947446703024295,0.17104610808130888,0.17352503718393653,0.15344571145265246,0.19881011403073873,0.26152702032721864,0.16460089241447695,1.0,0.11948438274665345,0.1331184928111056,0.27615270203272185,0.11452652454139811,0.12270699058006941,0.12320277640059495,0.1294000991571641,0.12146752602875557,0.11130391670798215,0.19781854238968766,0.19112543381259295,0.11527020327218641,0.26003966286564206,0.11948438274665345,0.23847297967278136
SKACTIVEML_DWUS,0.08477937530986614,0.10907288051561725,0.09593455627169063,0.10609816559246406,0.10064452156668319,0.10932077342588002,0.06246901338621715,0.05627169062964799,0.09122459097669806,0.09667823500247893,0.09791769955379276,0.10089241447694595,0.1036192364898364,0.10064452156668319,0.09593455627169063,0.10237977193852256,0.08477937530986614,0.0984134853743183,0.10386712940009915,0.1264253842340109,0.11774913237481408,0.11948438274665345,1.0,0.08998512642538424,0.11998016856717898,0.08626673277144274,0.09519087754090233,0.09890927119484383,0.10708973723351513,0.10114030738720872,0.06122954883490332,0.09816559246405553,0.10039662865642042,0.09221616261774913,0.11056023797719385,0.09271194843827467,0.10609816559246406
SKACTIVEML_QBC,0.09742191373326722,0.07882994546355974,0.10163609320773426,0.1502231036192365,0.06742687159147248,0.07511155180961825,0.08899355478433317,0.10535448686167576,0.0532969757064948,0.05503222607833416,0.060981655924640554,0.14823996033713435,0.14898363906792267,0.10039662865642042,0.10163609320773426,0.10857709469509172,0.09766980664352999,0.0946950917203768,0.11279127416955875,0.16088249876053545,0.11105602379771938,0.1331184928111056,0.08998512642538424,1.0,0.16782350024789291,0.11056023797719385,0.062221120475954385,0.06395637084779375,0.0768468021814576,0.06717897868120971,0.11824491819533961,0.13559742191373328,0.12047595438770452,0.05899851264253842,0.15096678235002478,0.058750619732275654,0.1502231036192365
SKACTIVEML_QBC_VOTE_ENTROPY,0.16782350024789291,0.11725334655428855,0.21120475954387705,0.29102627664848785,0.12617749132374814,0.13063956370847793,0.07957362419434805,0.10609816559246406,0.10684184432325236,0.10411502231036192,0.10708973723351513,0.3009419930589985,0.2818542389687655,0.1782350024789291,0.21120475954387705,0.1841844323252355,0.1685671789786812,0.153941497273178,0.21368368864650472,0.30218145761031234,0.17625185919682698,0.27615270203272185,0.11998016856717898,0.16782350024789291,1.0,0.12469013386217154,0.12469013386217154,0.12221120475954388,0.1294000991571641,0.11576598909271195,0.09791769955379276,0.22880515617253347,0.21591472483886961,0.10882498760535449,0.30218145761031234,0.11006445215666832,0.29102627664848785
SKACTIVEML_QUIRE,0.11031234506693109,0.15666831928606842,0.07288051561725335,0.11675756073376302,0.10907288051561725,0.11031234506693109,0.047595438770451165,0.1036192364898364,0.0924640555280119,0.08924144769459594,0.08824987605354487,0.14898363906792267,0.1502231036192365,0.1722855726326227,0.07288051561725335,0.15691621219633117,0.11031234506693109,0.17129400099157163,0.15518096182449181,0.14526524541398117,0.18740704015865145,0.11452652454139811,0.08626673277144274,0.11056023797719385,0.12469013386217154,1.0,0.10262766484878533,0.10089241447694595,0.10039662865642042,0.0999008428358949,0.11303916707982152,0.0984134853743183,0.11650966782350025,0.0999008428358949,0.1264253842340109,0.10138820029747149,0.11675756073376302
SKACTIVEML_US_ENTROPY,0.08180466038671294,0.1442736737729301,0.06593951412989589,0.09345562716906297,0.2545860188398612,0.21492315319781854,0.033217649975210706,0.0443728309370352,0.24392662369856222,0.21566683192860683,0.17625185919682698,0.17253346554288548,0.17575607337630145,0.19558750619732276,0.06593951412989589,0.20426375805651958,0.08180466038671294,0.2020327218641547,0.18765493306891423,0.12394645513138325,0.17550818046603867,0.12270699058006941,0.09519087754090233,0.062221120475954385,0.12469013386217154,0.10262766484878533,1.0,0.8215171046108082,0.7702032721864155,0.1923648983639068,0.059494298463063956,0.07833415964303421,0.10138820029747149,0.2263262270699058,0.10609816559246406,0.27590480912245907,0.09345562716906297
SKACTIVEML_US_LC,0.08701041150223103,0.1479920674268716,0.06618740704015866,0.09221616261774913,0.28705999008428357,0.2307882994546356,0.03024293505205751,0.044868616757560736,0.2017848289538919,0.248388696083292,0.19261279127416955,0.1737729300941993,0.18244918195339613,0.20426375805651958,0.06618740704015866,0.21839365394149726,0.0872583044124938,0.21269211700545365,0.19509172037679723,0.12518591968269707,0.1789786812097174,0.12320277640059495,0.09890927119484383,0.06395637084779375,0.12221120475954388,0.10089241447694595,0.8215171046108082,1.0,0.7947446703024293,0.21120475954387705,0.06122954883490332,0.08205255329697571,0.09816559246405553,0.2662369856222112,0.10783341596430342,0.23326722855726326,0.09221616261774913
SKACTIVEML_US_MARGIN,0.08453148239960337,0.13782845810609817,0.07312840852751612,0.10188398611799702,0.23946455131383243,0.29400099157164106,0.03743182944967774,0.045364402578086264,0.17649975210708974,0.20029747149231533,0.2449181953396133,0.18914229053049084,0.19856222112047595,0.21343579573624194,0.07312840852751612,0.2337630143777888,0.08453148239960337,0.22583044124938026,0.21244422409519087,0.13559742191373328,0.18616757560733763,0.1294000991571641,0.10708973723351513,0.0768468021814576,0.1294000991571641,0.10039662865642042,0.7702032721864155,0.7947446703024293,1.0,0.2669806643529995,0.05577590480912246,0.08998512642538424,0.09816559246405553,0.21764997521070897,0.11650966782350025,0.1980664352999504,0.10188398611799702
SMALLTEXT_BREAKINGTIES,0.08031730292513634,0.139067922657412,0.06941001487357462,0.09965294992563213,0.30565195835399106,0.4229053049082796,0.03817550818046604,0.04610808130887457,0.23500247892910262,0.2592959841348537,0.32449181953396133,0.17848289538919188,0.1774913237481408,0.24863658899355479,0.06941001487357462,0.21690629647992068,0.0805651958353991,0.33168071393158155,0.25731284085275163,0.12766484878532475,0.1893901834407536,0.12146752602875557,0.10114030738720872,0.06717897868120971,0.11576598909271195,0.0999008428358949,0.1923648983639068,0.21120475954387705,0.2669806643529995,1.0,0.05503222607833416,0.08973723351512147,0.0894893406048587,0.7828458106098165,0.11229548834903322,0.7560733763014378,0.09965294992563213
SMALLTEXT_CONTRASTIVEAL,0.0894893406048587,0.08477937530986614,0.06073376301437779,0.0842835894893406,0.06990580069410014,0.06321269211700545,0.07709469509172037,0.11477441745166088,0.06519583539910759,0.060981655924640554,0.05205751115518096,0.08973723351512147,0.0954387704511651,0.07089737233515121,0.06073376301437779,0.07734258800198314,0.08924144769459594,0.06817055032226078,0.07907783837382251,0.12245909766980664,0.0813088745661874,0.11130391670798215,0.06122954883490332,0.11824491819533961,0.09791769955379276,0.11303916707982152,0.059494298463063956,0.06122954883490332,0.05577590480912246,0.05503222607833416,1.0,0.11006445215666832,0.1256817055032226,0.06395637084779375,0.11031234506693109,0.06172533465542886,0.0842835894893406
SMALLTEXT_EMBEDDINGKMEANS,0.12146752602875557,0.0946950917203768,0.1457610312345067,0.21244422409519087,0.08527516113039167,0.08924144769459594,0.09072880515617253,0.09196826970748637,0.07213683688646505,0.06817055032226078,0.07783837382250867,0.2389687654933069,0.2263262270699058,0.11254338125929599,0.1457610312345067,0.12840852751611304,0.1212196331184928,0.0961824491819534,0.15319781854238967,0.2248388696083292,0.11799702528507684,0.19781854238968766,0.09816559246405553,0.13559742191373328,0.22880515617253347,0.0984134853743183,0.07833415964303421,0.08205255329697571,0.08998512642538424,0.08973723351512147,0.11006445215666832,1.0,0.1685671789786812,0.07982151710461081,0.2461576598909271,0.07982151710461081,0.21244422409519087
SMALLTEXT_GREEDYCORESET,0.2555775904809122,0.13658899355478432,0.16807139315815567,0.1968269707486366,0.10609816559246406,0.10312345066931086,0.04858701041150223,0.10461080813088745,0.09295984134853744,0.08527516113039167,0.08973723351512147,0.1797223599405057,0.18443232523549827,0.1279127416955875,0.16807139315815567,0.11923648983639068,0.255825483391175,0.10560237977193852,0.13857213683688646,0.21715418939018344,0.14352999504214178,0.19112543381259295,0.10039662865642042,0.12047595438770452,0.21591472483886961,0.11650966782350025,0.10138820029747149,0.09816559246405553,0.09816559246405553,0.0894893406048587,0.1256817055032226,0.1685671789786812,1.0,0.0946950917203768,0.21120475954387705,0.10163609320773426,0.1968269707486366
SMALLTEXT_LEASTCONFIDENCE,0.08329201784828955,0.15071888943976203,0.06048587010411502,0.0924640555280119,0.42117005453644024,0.3026772434308379,0.032969757064947945,0.0451165096678235,0.27590480912245907,0.32002974714923155,0.2583044124938027,0.17302925136341102,0.16534457114526524,0.2203767972235994,0.06048587010411502,0.20475954387704512,0.08378780366881507,0.2783837382250868,0.2248388696083292,0.11675756073376302,0.18889439762022806,0.11527020327218641,0.09221616261774913,0.05899851264253842,0.10882498760535449,0.0999008428358949,0.2263262270699058,0.2662369856222112,0.21764997521070897,0.7828458106098165,0.06395637084779375,0.07982151710461081,0.0946950917203768,1.0,0.0999008428358949,0.812097174020823,0.0924640555280119
SMALLTEXT_LIGHTWEIGHTCORESET,0.1494794248884482,0.12989588497768964,0.17649975210708974,0.2734258800198314,0.12320277640059495,0.13262270699058007,0.06742687159147248,0.10857709469509172,0.09568666336142786,0.09568666336142786,0.10436291522062469,0.2771442736737729,0.2744174516608825,0.17129400099157163,0.17649975210708974,0.17203767972235995,0.14972731779871096,0.1442736737729301,0.19781854238968766,0.288795240456123,0.1628656420426376,0.26003966286564206,0.11056023797719385,0.15096678235002478,0.30218145761031234,0.1264253842340109,0.10609816559246406,0.10783341596430342,0.11650966782350025,0.11229548834903322,0.11031234506693109,0.2461576598909271,0.21120475954387705,0.0999008428358949,1.0,0.10089241447694595,0.2734258800198314
SMALLTEXT_PREDICTIONENTROPY,0.08006941001487357,0.15790778383738224,0.06445215666831929,0.0909766980664353,0.3294496777392167,0.2746653445711453,0.033217649975210706,0.04189390183440753,0.3225086762518592,0.29176995537927614,0.24888448190381754,0.16782350024789291,0.16187407040158652,0.22062469013386218,0.06445215666831929,0.20128904313336637,0.08006941001487357,0.2659890927119484,0.21864154685176004,0.11799702528507684,0.18517600396628656,0.11948438274665345,0.09271194843827467,0.058750619732275654,0.11006445215666832,0.10138820029747149,0.27590480912245907,0.23326722855726326,0.1980664352999504,0.7560733763014378,0.06172533465542886,0.07982151710461081,0.10163609320773426,0.812097174020823,0.10089241447694595,1.0,0.0909766980664353
SMALLTEXT_RANDOM,0.13336638572136836,0.10237977193852256,0.1611303916707982,1.0,0.10386712940009915,0.11328705999008429,0.06246901338621715,0.09667823500247893,0.08329201784828955,0.0805651958353991,0.09122459097669806,0.2550818046603867,0.2508676251859197,0.153941497273178,0.1611303916707982,0.15617253346554288,0.1331184928111056,0.12915220624690135,0.17798710956866634,0.2721864154685176,0.15617253346554288,0.23847297967278136,0.10609816559246406,0.1502231036192365,0.29102627664848785,0.11675756073376302,0.09345562716906297,0.09221616261774913,0.10188398611799702,0.09965294992563213,0.0842835894893406,0.21244422409519087,0.1968269707486366,0.0924640555280119,0.2734258800198314,0.0909766980664353,1.0
