,ALIPY_CORESET_GREEDY,ALIPY_DENSITY_WEIGHTED,ALIPY_GRAPH_DENSITY,ALIPY_RANDOM,ALIPY_UNCERTAINTY_LC,ALIPY_UNCERTAINTY_MM,LIBACT_DWUS,LIBACT_QUIRE,LIBACT_UNCERTAINTY_ENT,LIBACT_UNCERTAINTY_LC,LIBACT_UNCERTAINTY_SM,OPTIMAL_GREEDY_10,OPTIMAL_GREEDY_20,PLAYGROUND_BANDIT,PLAYGROUND_GRAPH_DENSITY,PLAYGROUND_INFORMATIVE_DIVERSE,PLAYGROUND_KCENTER_GREEDY,PLAYGROUND_MARGIN,PLAYGROUND_MIXTURE,PLAYGROUND_UNIFORM,SKACTIVEML_COST_EMBEDDING,SKACTIVEML_DAL,SKACTIVEML_DWUS,SKACTIVEML_QBC,SKACTIVEML_QBC_VOTE_ENTROPY,SKACTIVEML_QUIRE,SKACTIVEML_US_ENTROPY,SKACTIVEML_US_LC,SKACTIVEML_US_MARGIN,SMALLTEXT_BREAKINGTIES,SMALLTEXT_CONTRASTIVEAL,SMALLTEXT_EMBEDDINGKMEANS,SMALLTEXT_GREEDYCORESET,SMALLTEXT_LEASTCONFIDENCE,SMALLTEXT_LIGHTWEIGHTCORESET,SMALLTEXT_PREDICTIONENTROPY,SMALLTEXT_RANDOM
ALIPY_CORESET_GREEDY,1.0,0.20302429350520576,0.10560237977193852,0.13708477937530986,0.1383242439266237,0.13039167079821518,0.07808626673277144,0.17278135845314824,0.1420426375805652,0.13956370847793753,0.1331184928111056,0.15220624690133863,0.1487357461576599,0.15294992563212692,0.10560237977193852,0.16683192860684184,0.9995042141794744,0.15270203272186417,0.1650966782350025,0.146504709965295,0.16608824987605356,0.14476945959345563,0.11824491819533961,0.12369856222112048,0.15493306891422906,0.1715418939018344,0.14774417451660882,0.1457610312345067,0.13807635101636093,0.13435795736241943,0.10585027268220129,0.1264253842340109,0.20500743678730787,0.14476945959345563,0.14377788795240456,0.14972731779871096,0.13262270699058007
ALIPY_DENSITY_WEIGHTED,0.20302429350520576,1.0,0.08899355478433317,0.10832920178482895,0.15989092711948438,0.14823996033713435,0.08899355478433317,0.19856222112047595,0.1457610312345067,0.15146256817055032,0.13857213683688646,0.11378284581060982,0.12345066931085771,0.16038671294000992,0.08899355478433317,0.16162617749132374,0.20302429350520576,0.15691621219633117,0.14675260287555775,0.1256817055032226,0.1576598909271195,0.12692117005453643,0.12345066931085771,0.11427863163113534,0.1249380267724343,0.20302429350520576,0.15468517600396628,0.1611303916707982,0.14823996033713435,0.13956370847793753,0.11031234506693109,0.11254338125929599,0.15989092711948438,0.15220624690133863,0.13212692117005453,0.1517104610808131,0.10485870104115022
ALIPY_GRAPH_DENSITY,0.10560237977193852,0.08899355478433317,1.0,0.14303420922161625,0.10014873574615767,0.10634605850272683,0.13882002974714924,0.06717897868120971,0.09816559246405553,0.09568666336142786,0.10411502231036192,0.1626177491323748,0.1517104610808131,0.12221120475954388,1.0,0.11626177491323748,0.10510659395141299,0.10609816559246406,0.1279127416955875,0.1591472483886961,0.10808130887456618,0.14402578086266732,0.1346058502726822,0.12741695587506197,0.15121467526028756,0.07461576598909271,0.0954387704511651,0.09444719881011403,0.10089241447694595,0.0954387704511651,0.08701041150223103,0.15518096182449181,0.1346058502726822,0.0932077342588002,0.15121467526028756,0.08924144769459594,0.13807635101636093
ALIPY_RANDOM,0.13708477937530986,0.10832920178482895,0.14303420922161625,1.0,0.12369856222112048,0.12617749132374814,0.10163609320773426,0.10461080813088745,0.11948438274665345,0.12345066931085771,0.12469013386217154,0.2017848289538919,0.20327218641546851,0.14476945959345563,0.14303420922161625,0.1450173525037184,0.13733267228557264,0.13708477937530986,0.16955875061973227,0.18839861179970252,0.11973227565691621,0.16683192860684184,0.11204759543877045,0.13510163609320774,0.18691125433812594,0.09742191373326722,0.11725334655428855,0.11898859692612791,0.1279127416955875,0.12617749132374814,0.09890927119484383,0.17997025285076848,0.13237481408031732,0.12592959841348536,0.18021814576103123,0.12196331184928111,0.9900842835894893
ALIPY_UNCERTAINTY_LC,0.1383242439266237,0.15989092711948438,0.10014873574615767,0.12369856222112048,1.0,0.7481408031730292,0.09271194843827467,0.12097174020823004,0.1983143282102132,0.24144769459593457,0.17649975210708974,0.1383242439266237,0.1412989588497769,0.2107089737233515,0.10014873574615767,0.17476450173525038,0.1383242439266237,0.24541398116013882,0.19211700545364402,0.12890431333663857,0.17178978681209717,0.1383242439266237,0.11576598909271195,0.11799702528507684,0.12766484878532475,0.15121467526028756,0.22310361923648983,0.26896380763510164,0.20228061477441744,0.251611303916708,0.10808130887456618,0.12047595438770452,0.13708477937530986,0.3854734754586019,0.12741695587506197,0.28730788299454635,0.11874070401586515
ALIPY_UNCERTAINTY_MM,0.13039167079821518,0.14823996033713435,0.10634605850272683,0.12617749132374814,0.7481408031730292,1.0,0.09742191373326722,0.10634605850272683,0.17104610808130888,0.1715418939018344,0.2464055528011899,0.14526524541398117,0.14600892414476946,0.22161626177491323,0.10634605850272683,0.1752602875557759,0.13039167079821518,0.29053049082796234,0.21417947446703026,0.13857213683688646,0.1685671789786812,0.14179474467030243,0.11973227565691621,0.11477441745166088,0.13187902825979178,0.14303420922161625,0.19211700545364402,0.19781854238968766,0.27119484382746656,0.3780366881507189,0.10733763014377788,0.12692117005453643,0.13584531482399603,0.25731284085275163,0.12915220624690135,0.23996033713435796,0.1212196331184928
LIBACT_DWUS,0.07808626673277144,0.08899355478433317,0.13882002974714924,0.10163609320773426,0.09271194843827467,0.09742191373326722,1.0,0.07709469509172037,0.08527516113039167,0.08254833911750124,0.08824987605354487,0.0932077342588002,0.0850272682201289,0.10708973723351513,0.13882002974714924,0.09519087754090233,0.07808626673277144,0.1028755577590481,0.10708973723351513,0.10882498760535449,0.11130391670798215,0.1028755577590481,0.11229548834903322,0.11006445215666832,0.11204759543877045,0.08601883986117997,0.08477937530986614,0.08477937530986614,0.09196826970748637,0.08924144769459594,0.09221616261774913,0.1308874566187407,0.09221616261774913,0.08527516113039167,0.11353495290034706,0.08453148239960337,0.09717402082300446
LIBACT_QUIRE,0.17278135845314824,0.19856222112047595,0.06717897868120971,0.10461080813088745,0.12097174020823004,0.10634605850272683,0.07709469509172037,1.0,0.11155180961824492,0.10758552305404065,0.09717402082300446,0.0991571641051066,0.0909766980664353,0.12667327714427368,0.06717897868120971,0.1256817055032226,0.17278135845314824,0.11948438274665345,0.12022806147744175,0.1065939514129896,0.13138324243926625,0.10064452156668319,0.10163609320773426,0.10832920178482895,0.10510659395141299,0.15592464055528013,0.11576598909271195,0.11576598909271195,0.10535448686167576,0.10337134357957363,0.10733763014377788,0.09717402082300446,0.13287059990084282,0.11774913237481408,0.10783341596430342,0.11527020327218641,0.10312345066931086
LIBACT_UNCERTAINTY_ENT,0.1420426375805652,0.1457610312345067,0.09816559246405553,0.11948438274665345,0.1983143282102132,0.17104610808130888,0.08527516113039167,0.11155180961824492,1.0,0.7858205255329698,0.7407040158651462,0.13187902825979178,0.13807635101636093,0.1685671789786812,0.09816559246405553,0.17178978681209717,0.1420426375805652,0.161378284581061,0.13559742191373328,0.13237481408031732,0.16038671294000992,0.1249380267724343,0.11675756073376302,0.10708973723351513,0.1331184928111056,0.1499752107089737,0.2426871591472484,0.1945959345562717,0.1700545364402578,0.26103123450669313,0.10684184432325236,0.12270699058006941,0.14080317302925136,0.28656420426375806,0.12543381259295985,0.3366385721368369,0.11477441745166088
LIBACT_UNCERTAINTY_LC,0.13956370847793753,0.15146256817055032,0.09568666336142786,0.12345066931085771,0.24144769459593457,0.1715418939018344,0.08254833911750124,0.10758552305404065,0.7858205255329698,1.0,0.7560733763014378,0.13510163609320774,0.13857213683688646,0.16980664352999505,0.09568666336142786,0.1700545364402578,0.13956370847793753,0.16212196331184928,0.13733267228557264,0.1271690629647992,0.16559246405552802,0.12295488349033218,0.11576598909271195,0.10832920178482895,0.1346058502726822,0.14749628160634606,0.19930589985126426,0.24219137332672286,0.17997025285076848,0.2672285572632623,0.10039662865642042,0.12345066931085771,0.1368368864650471,0.3401090728805156,0.12766484878532475,0.29474467030242935,0.11849281110560238
LIBACT_UNCERTAINTY_SM,0.1331184928111056,0.13857213683688646,0.10411502231036192,0.12469013386217154,0.17649975210708974,0.2464055528011899,0.08824987605354487,0.09717402082300446,0.7407040158651462,0.7560733763014378,1.0,0.139067922657412,0.13956370847793753,0.1663361427863163,0.10411502231036192,0.16732771442736738,0.1331184928111056,0.16385721368368864,0.139067922657412,0.13857213683688646,0.16088249876053545,0.12915220624690135,0.12097174020823004,0.11056023797719385,0.13807635101636093,0.1360932077342588,0.1715418939018344,0.17773921665840356,0.24467030242935053,0.3381259295984135,0.10163609320773426,0.12617749132374814,0.13138324243926625,0.26945959345562714,0.1346058502726822,0.2640059494298463,0.11973227565691621
OPTIMAL_GREEDY_10,0.15220624690133863,0.11378284581060982,0.1626177491323748,0.2017848289538919,0.1383242439266237,0.14526524541398117,0.0932077342588002,0.0991571641051066,0.13187902825979178,0.13510163609320774,0.139067922657412,1.0,0.4119980168567179,0.15195835399107585,0.1626177491323748,0.17030242935052056,0.15220624690133863,0.1457610312345067,0.19533961328705998,0.2188894397620228,0.12469013386217154,0.1886465047099653,0.11502231036192365,0.14923153197818542,0.2072384729796728,0.10832920178482895,0.13733267228557264,0.1383242439266237,0.14625681705503224,0.13708477937530986,0.09816559246405553,0.21492315319781854,0.15865146256817056,0.1308874566187407,0.2057511155180962,0.12890431333663857,0.19707486365889937
OPTIMAL_GREEDY_20,0.1487357461576599,0.12345066931085771,0.1517104610808131,0.20327218641546851,0.1412989588497769,0.14600892414476946,0.0850272682201289,0.0909766980664353,0.13807635101636093,0.13857213683688646,0.13956370847793753,0.4119980168567179,1.0,0.15319781854238967,0.1517104610808131,0.17625185919682698,0.14848785324739713,0.1457610312345067,0.19186911254338126,0.21170054536440258,0.11923648983639068,0.18889439762022806,0.11477441745166088,0.14377788795240456,0.20029747149231533,0.10684184432325236,0.13063956370847793,0.13733267228557264,0.14253842340109074,0.146504709965295,0.10188398611799702,0.21219633118492812,0.1412989588497769,0.13733267228557264,0.20104115022310362,0.1360932077342588,0.1983143282102132
PLAYGROUND_BANDIT,0.15294992563212692,0.16038671294000992,0.12221120475954388,0.14476945959345563,0.2107089737233515,0.22161626177491323,0.10708973723351513,0.12667327714427368,0.1685671789786812,0.16980664352999505,0.1663361427863163,0.15195835399107585,0.15319781854238967,1.0,0.12221120475954388,0.3408527516113039,0.15294992563212692,0.5837878036688151,0.36415468517600397,0.16088249876053545,0.2595438770451165,0.1502231036192365,0.1331184928111056,0.13733267228557264,0.15468517600396628,0.1715418939018344,0.1745166088249876,0.17724343083787802,0.1707982151710461,0.21839365394149726,0.11080813088745661,0.1420426375805652,0.14154685176003967,0.2107089737233515,0.1442736737729301,0.20847793753098662,0.13956370847793753
PLAYGROUND_GRAPH_DENSITY,0.10560237977193852,0.08899355478433317,1.0,0.14303420922161625,0.10014873574615767,0.10634605850272683,0.13882002974714924,0.06717897868120971,0.09816559246405553,0.09568666336142786,0.10411502231036192,0.1626177491323748,0.1517104610808131,0.12221120475954388,1.0,0.11626177491323748,0.10510659395141299,0.10609816559246406,0.1279127416955875,0.1591472483886961,0.10808130887456618,0.14402578086266732,0.1346058502726822,0.12741695587506197,0.15121467526028756,0.07461576598909271,0.0954387704511651,0.09444719881011403,0.10089241447694595,0.0954387704511651,0.08701041150223103,0.15518096182449181,0.1346058502726822,0.0932077342588002,0.15121467526028756,0.08924144769459594,0.13807635101636093
PLAYGROUND_INFORMATIVE_DIVERSE,0.16683192860684184,0.16162617749132374,0.11626177491323748,0.1450173525037184,0.17476450173525038,0.1752602875557759,0.09519087754090233,0.1256817055032226,0.17178978681209717,0.1700545364402578,0.16732771442736738,0.17030242935052056,0.17625185919682698,0.3408527516113039,0.11626177491323748,1.0,0.1665840356965791,0.33763014377788797,0.3215171046108081,0.16460089241447695,0.20996529499256322,0.1663361427863163,0.12692117005453643,0.1360932077342588,0.15691621219633117,0.16385721368368864,0.16460089241447695,0.16559246405552802,0.16236985622211206,0.1707982151710461,0.11303916707982152,0.15121467526028756,0.1331184928111056,0.17129400099157163,0.14526524541398117,0.16931085770946952,0.13931581556767478
PLAYGROUND_KCENTER_GREEDY,0.9995042141794744,0.20302429350520576,0.10510659395141299,0.13733267228557264,0.1383242439266237,0.13039167079821518,0.07808626673277144,0.17278135845314824,0.1420426375805652,0.13956370847793753,0.1331184928111056,0.15220624690133863,0.14848785324739713,0.15294992563212692,0.10510659395141299,0.1665840356965791,1.0,0.15294992563212692,0.1648487853247397,0.146504709965295,0.16608824987605356,0.1442736737729301,0.11824491819533961,0.12369856222112048,0.15493306891422906,0.1715418939018344,0.1479920674268716,0.14600892414476946,0.1383242439266237,0.1346058502726822,0.10585027268220129,0.12617749132374814,0.20500743678730787,0.1450173525037184,0.14377788795240456,0.1499752107089737,0.13287059990084282
PLAYGROUND_MARGIN,0.15270203272186417,0.15691621219633117,0.10609816559246406,0.13708477937530986,0.24541398116013882,0.29053049082796234,0.1028755577590481,0.11948438274665345,0.161378284581061,0.16212196331184928,0.16385721368368864,0.1457610312345067,0.1457610312345067,0.5837878036688151,0.10609816559246406,0.33763014377788797,0.15294992563212692,1.0,0.4615765989092712,0.15418939018344074,0.25855230540406543,0.1450173525037184,0.12989588497768964,0.13510163609320774,0.1442736737729301,0.17129400099157163,0.17253346554288548,0.1722855726326227,0.1774913237481408,0.2885473475458602,0.11527020327218641,0.13733267228557264,0.13658899355478432,0.24367873078829946,0.1383242439266237,0.2322756569162122,0.131631135349529
PLAYGROUND_MIXTURE,0.1650966782350025,0.14675260287555775,0.1279127416955875,0.16955875061973227,0.19211700545364402,0.21417947446703026,0.10708973723351513,0.12022806147744175,0.13559742191373328,0.13733267228557264,0.139067922657412,0.19533961328705998,0.19186911254338126,0.36415468517600397,0.1279127416955875,0.3215171046108081,0.1648487853247397,0.4615765989092712,1.0,0.19211700545364402,0.18790282597917699,0.17253346554288548,0.12171541893901834,0.13956370847793753,0.17625185919682698,0.13981160138820029,0.1494794248884482,0.15518096182449181,0.15617253346554288,0.20327218641546851,0.09816559246405553,0.1774913237481408,0.14030738720872582,0.18021814576103123,0.1650966782350025,0.17129400099157163,0.16460089241447695
PLAYGROUND_UNIFORM,0.146504709965295,0.1256817055032226,0.1591472483886961,0.18839861179970252,0.12890431333663857,0.13857213683688646,0.10882498760535449,0.1065939514129896,0.13237481408031732,0.1271690629647992,0.13857213683688646,0.2188894397620228,0.21170054536440258,0.16088249876053545,0.1591472483886961,0.16460089241447695,0.146504709965295,0.15418939018344074,0.19211700545364402,1.0,0.13411006445215667,0.18021814576103123,0.11750123946455131,0.14328210213187903,0.19509172037679723,0.11502231036192365,0.12692117005453643,0.12692117005453643,0.13113534952900346,0.1308874566187407,0.11031234506693109,0.19509172037679723,0.14749628160634606,0.12840852751611304,0.17575607337630145,0.1264253842340109,0.18170550322260784
SKACTIVEML_COST_EMBEDDING,0.16608824987605356,0.1576598909271195,0.10808130887456618,0.11973227565691621,0.17178978681209717,0.1685671789786812,0.11130391670798215,0.13138324243926625,0.16038671294000992,0.16559246405552802,0.16088249876053545,0.12469013386217154,0.11923648983639068,0.2595438770451165,0.10808130887456618,0.20996529499256322,0.16608824987605356,0.25855230540406543,0.18790282597917699,0.13411006445215667,1.0,0.13584531482399603,0.12270699058006941,0.12270699058006941,0.13807635101636093,0.19137332672285573,0.1650966782350025,0.1663361427863163,0.16435299950421417,0.16782350024789291,0.11551809618244918,0.12890431333663857,0.13435795736241943,0.17030242935052056,0.13658899355478432,0.17278135845314824,0.11551809618244918
SKACTIVEML_DAL,0.14476945959345563,0.12692117005453643,0.14402578086266732,0.16683192860684184,0.1383242439266237,0.14179474467030243,0.1028755577590481,0.10064452156668319,0.1249380267724343,0.12295488349033218,0.12915220624690135,0.1886465047099653,0.18889439762022806,0.1502231036192365,0.14402578086266732,0.1663361427863163,0.1442736737729301,0.1450173525037184,0.17253346554288548,0.18021814576103123,0.13584531482399603,1.0,0.11849281110560238,0.13262270699058007,0.17699553792761527,0.11403073872087258,0.1353495290034705,0.1375805651958354,0.14600892414476946,0.1331184928111056,0.11452652454139811,0.17104610808130888,0.14848785324739713,0.13411006445215667,0.17030242935052056,0.12890431333663857,0.1626177491323748
SKACTIVEML_DWUS,0.11824491819533961,0.12345066931085771,0.1346058502726822,0.11204759543877045,0.11576598909271195,0.11973227565691621,0.11229548834903322,0.10163609320773426,0.11675756073376302,0.11576598909271195,0.12097174020823004,0.11502231036192365,0.11477441745166088,0.1331184928111056,0.1346058502726822,0.12692117005453643,0.11824491819533961,0.12989588497768964,0.12171541893901834,0.11750123946455131,0.12270699058006941,0.11849281110560238,1.0,0.10312345066931086,0.11824491819533961,0.11948438274665345,0.11328705999008429,0.11849281110560238,0.11799702528507684,0.11824491819533961,0.08973723351512147,0.11328705999008429,0.12022806147744175,0.11750123946455131,0.11824491819533961,0.11477441745166088,0.10783341596430342
SKACTIVEML_QBC,0.12369856222112048,0.11427863163113534,0.12741695587506197,0.13510163609320774,0.11799702528507684,0.11477441745166088,0.11006445215666832,0.10832920178482895,0.10708973723351513,0.10832920178482895,0.11056023797719385,0.14923153197818542,0.14377788795240456,0.13733267228557264,0.12741695587506197,0.1360932077342588,0.12369856222112048,0.13510163609320774,0.13956370847793753,0.14328210213187903,0.12270699058006941,0.13262270699058007,0.10312345066931086,1.0,0.1591472483886961,0.12022806147744175,0.12171541893901834,0.12270699058006941,0.11923648983639068,0.11452652454139811,0.11105602379771938,0.1405552801189886,0.11824491819533961,0.11750123946455131,0.14377788795240456,0.11725334655428855,0.1308874566187407
SKACTIVEML_QBC_VOTE_ENTROPY,0.15493306891422906,0.1249380267724343,0.15121467526028756,0.18691125433812594,0.12766484878532475,0.13187902825979178,0.11204759543877045,0.10510659395141299,0.1331184928111056,0.1346058502726822,0.13807635101636093,0.2072384729796728,0.20029747149231533,0.15468517600396628,0.15121467526028756,0.15691621219633117,0.15493306891422906,0.1442736737729301,0.17625185919682698,0.19509172037679723,0.13807635101636093,0.17699553792761527,0.11824491819533961,0.1591472483886961,1.0,0.11502231036192365,0.13559742191373328,0.13882002974714924,0.14625681705503224,0.13634110064452157,0.09742191373326722,0.1923648983639068,0.15666831928606842,0.1346058502726822,0.1819533961328706,0.13658899355478432,0.18220128904313337
SKACTIVEML_QUIRE,0.1715418939018344,0.20302429350520576,0.07461576598909271,0.09742191373326722,0.15121467526028756,0.14303420922161625,0.08601883986117997,0.15592464055528013,0.1499752107089737,0.14749628160634606,0.1360932077342588,0.10832920178482895,0.10684184432325236,0.1715418939018344,0.07461576598909271,0.16385721368368864,0.1715418939018344,0.17129400099157163,0.13981160138820029,0.11502231036192365,0.19137332672285573,0.11403073872087258,0.11948438274665345,0.12022806147744175,0.11502231036192365,1.0,0.153941497273178,0.15047099652949925,0.1427863163113535,0.1294000991571641,0.10808130887456618,0.10956866633614279,0.13187902825979178,0.14154685176003967,0.11998016856717898,0.14253842340109074,0.09494298463063956
SKACTIVEML_US_ENTROPY,0.14774417451660882,0.15468517600396628,0.0954387704511651,0.11725334655428855,0.22310361923648983,0.19211700545364402,0.08477937530986614,0.11576598909271195,0.2426871591472484,0.19930589985126426,0.1715418939018344,0.13733267228557264,0.13063956370847793,0.1745166088249876,0.0954387704511651,0.16460089241447695,0.1479920674268716,0.17253346554288548,0.1494794248884482,0.12692117005453643,0.1650966782350025,0.1353495290034705,0.11328705999008429,0.12171541893901834,0.13559742191373328,0.153941497273178,1.0,0.7917699553792762,0.7488844819038175,0.16955875061973227,0.10461080813088745,0.11502231036192365,0.14030738720872582,0.1998016856717898,0.12667327714427368,0.244174516608825,0.11254338125929599
SKACTIVEML_US_LC,0.1457610312345067,0.1611303916707982,0.09444719881011403,0.11898859692612791,0.26896380763510164,0.19781854238968766,0.08477937530986614,0.11576598909271195,0.1945959345562717,0.24219137332672286,0.17773921665840356,0.1383242439266237,0.13733267228557264,0.17724343083787802,0.09444719881011403,0.16559246405552802,0.14600892414476946,0.1722855726326227,0.15518096182449181,0.12692117005453643,0.1663361427863163,0.1375805651958354,0.11849281110560238,0.12270699058006941,0.13882002974714924,0.15047099652949925,0.7917699553792762,1.0,0.7704511650966782,0.1752602875557759,0.09866137828458106,0.11576598909271195,0.1353495290034705,0.24814080317302925,0.12865642042637582,0.20302429350520576,0.11403073872087258
SKACTIVEML_US_MARGIN,0.13807635101636093,0.14823996033713435,0.10089241447694595,0.1279127416955875,0.20228061477441744,0.27119484382746656,0.09196826970748637,0.10535448686167576,0.1700545364402578,0.17997025285076848,0.24467030242935053,0.14625681705503224,0.14253842340109074,0.1707982151710461,0.10089241447694595,0.16236985622211206,0.1383242439266237,0.1774913237481408,0.15617253346554288,0.13113534952900346,0.16435299950421417,0.14600892414476946,0.11799702528507684,0.11923648983639068,0.14625681705503224,0.1427863163113535,0.7488844819038175,0.7704511650966782,1.0,0.2461576598909271,0.10560237977193852,0.12295488349033218,0.13435795736241943,0.1797223599405057,0.13336638572136836,0.17352503718393653,0.12295488349033218
SMALLTEXT_BREAKINGTIES,0.13435795736241943,0.13956370847793753,0.0954387704511651,0.12617749132374814,0.251611303916708,0.3780366881507189,0.08924144769459594,0.10337134357957363,0.26103123450669313,0.2672285572632623,0.3381259295984135,0.13708477937530986,0.146504709965295,0.21839365394149726,0.0954387704511651,0.1707982151710461,0.1346058502726822,0.2885473475458602,0.20327218641546851,0.1308874566187407,0.16782350024789291,0.1331184928111056,0.11824491819533961,0.11452652454139811,0.13634110064452157,0.1294000991571641,0.16955875061973227,0.1752602875557759,0.2461576598909271,1.0,0.10708973723351513,0.12592959841348536,0.13237481408031732,0.7545860188398612,0.13584531482399603,0.7362419434804165,0.12146752602875557
SMALLTEXT_CONTRASTIVEAL,0.10585027268220129,0.11031234506693109,0.08701041150223103,0.09890927119484383,0.10808130887456618,0.10733763014377788,0.09221616261774913,0.10733763014377788,0.10684184432325236,0.10039662865642042,0.10163609320773426,0.09816559246405553,0.10188398611799702,0.11080813088745661,0.08701041150223103,0.11303916707982152,0.10585027268220129,0.11527020327218641,0.09816559246405553,0.11031234506693109,0.11551809618244918,0.11452652454139811,0.08973723351512147,0.11105602379771938,0.09742191373326722,0.10808130887456618,0.10461080813088745,0.09866137828458106,0.10560237977193852,0.10708973723351513,1.0,0.10237977193852256,0.11750123946455131,0.10783341596430342,0.10089241447694595,0.11056023797719385,0.0969261279127417
SMALLTEXT_EMBEDDINGKMEANS,0.1264253842340109,0.11254338125929599,0.15518096182449181,0.17997025285076848,0.12047595438770452,0.12692117005453643,0.1308874566187407,0.09717402082300446,0.12270699058006941,0.12345066931085771,0.12617749132374814,0.21492315319781854,0.21219633118492812,0.1420426375805652,0.15518096182449181,0.15121467526028756,0.12617749132374814,0.13733267228557264,0.1774913237481408,0.19509172037679723,0.12890431333663857,0.17104610808130888,0.11328705999008429,0.1405552801189886,0.1923648983639068,0.10956866633614279,0.11502231036192365,0.11576598909271195,0.12295488349033218,0.12592959841348536,0.10237977193852256,1.0,0.12766484878532475,0.12592959841348536,0.1893901834407536,0.12196331184928111,0.1745166088249876
SMALLTEXT_GREEDYCORESET,0.20500743678730787,0.15989092711948438,0.1346058502726822,0.13237481408031732,0.13708477937530986,0.13584531482399603,0.09221616261774913,0.13287059990084282,0.14080317302925136,0.1368368864650471,0.13138324243926625,0.15865146256817056,0.1412989588497769,0.14154685176003967,0.1346058502726822,0.1331184928111056,0.20500743678730787,0.13658899355478432,0.14030738720872582,0.14749628160634606,0.13435795736241943,0.14848785324739713,0.12022806147744175,0.11824491819533961,0.15666831928606842,0.13187902825979178,0.14030738720872582,0.1353495290034705,0.13435795736241943,0.13237481408031732,0.11750123946455131,0.12766484878532475,1.0,0.13039167079821518,0.14923153197818542,0.13336638572136836,0.12890431333663857
SMALLTEXT_LEASTCONFIDENCE,0.14476945959345563,0.15220624690133863,0.0932077342588002,0.12592959841348536,0.3854734754586019,0.25731284085275163,0.08527516113039167,0.11774913237481408,0.28656420426375806,0.3401090728805156,0.26945959345562714,0.1308874566187407,0.13733267228557264,0.2107089737233515,0.0932077342588002,0.17129400099157163,0.1450173525037184,0.24367873078829946,0.18021814576103123,0.12840852751611304,0.17030242935052056,0.13411006445215667,0.11750123946455131,0.11750123946455131,0.1346058502726822,0.14154685176003967,0.1998016856717898,0.24814080317302925,0.1797223599405057,0.7545860188398612,0.10783341596430342,0.12592959841348536,0.13039167079821518,1.0,0.1368368864650471,0.7850768468021815,0.12097174020823004
SMALLTEXT_LIGHTWEIGHTCORESET,0.14377788795240456,0.13212692117005453,0.15121467526028756,0.18021814576103123,0.12741695587506197,0.12915220624690135,0.11353495290034706,0.10783341596430342,0.12543381259295985,0.12766484878532475,0.1346058502726822,0.2057511155180962,0.20104115022310362,0.1442736737729301,0.15121467526028756,0.14526524541398117,0.14377788795240456,0.1383242439266237,0.1650966782350025,0.17575607337630145,0.13658899355478432,0.17030242935052056,0.11824491819533961,0.14377788795240456,0.1819533961328706,0.11998016856717898,0.12667327714427368,0.12865642042637582,0.13336638572136836,0.13584531482399603,0.10089241447694595,0.1893901834407536,0.14923153197818542,0.1368368864650471,1.0,0.12964799206742686,0.17550818046603867
SMALLTEXT_PREDICTIONENTROPY,0.14972731779871096,0.1517104610808131,0.08924144769459594,0.12196331184928111,0.28730788299454635,0.23996033713435796,0.08453148239960337,0.11527020327218641,0.3366385721368369,0.29474467030242935,0.2640059494298463,0.12890431333663857,0.1360932077342588,0.20847793753098662,0.08924144769459594,0.16931085770946952,0.1499752107089737,0.2322756569162122,0.17129400099157163,0.1264253842340109,0.17278135845314824,0.12890431333663857,0.11477441745166088,0.11725334655428855,0.13658899355478432,0.14253842340109074,0.244174516608825,0.20302429350520576,0.17352503718393653,0.7362419434804165,0.11056023797719385,0.12196331184928111,0.13336638572136836,0.7850768468021815,0.12964799206742686,1.0,0.11750123946455131
SMALLTEXT_RANDOM,0.13262270699058007,0.10485870104115022,0.13807635101636093,0.9900842835894893,0.11874070401586515,0.1212196331184928,0.09717402082300446,0.10312345066931086,0.11477441745166088,0.11849281110560238,0.11973227565691621,0.19707486365889937,0.1983143282102132,0.13956370847793753,0.13807635101636093,0.13931581556767478,0.13287059990084282,0.131631135349529,0.16460089241447695,0.18170550322260784,0.11551809618244918,0.1626177491323748,0.10783341596430342,0.1308874566187407,0.18220128904313337,0.09494298463063956,0.11254338125929599,0.11403073872087258,0.12295488349033218,0.12146752602875557,0.0969261279127417,0.1745166088249876,0.12890431333663857,0.12097174020823004,0.17550818046603867,0.11750123946455131,1.0
