,ALIPY_CORESET_GREEDY,ALIPY_DENSITY_WEIGHTED,ALIPY_GRAPH_DENSITY,ALIPY_RANDOM,ALIPY_UNCERTAINTY_LC,ALIPY_UNCERTAINTY_MM,LIBACT_DWUS,LIBACT_QUIRE,LIBACT_UNCERTAINTY_ENT,LIBACT_UNCERTAINTY_LC,LIBACT_UNCERTAINTY_SM,OPTIMAL_GREEDY_10,OPTIMAL_GREEDY_20,PLAYGROUND_BANDIT,PLAYGROUND_GRAPH_DENSITY,PLAYGROUND_INFORMATIVE_DIVERSE,PLAYGROUND_KCENTER_GREEDY,PLAYGROUND_MARGIN,PLAYGROUND_MIXTURE,PLAYGROUND_UNIFORM,SKACTIVEML_COST_EMBEDDING,SKACTIVEML_DAL,SKACTIVEML_DWUS,SKACTIVEML_QBC,SKACTIVEML_QBC_VOTE_ENTROPY,SKACTIVEML_QUIRE,SKACTIVEML_US_ENTROPY,SKACTIVEML_US_LC,SKACTIVEML_US_MARGIN,SMALLTEXT_BREAKINGTIES,SMALLTEXT_CONTRASTIVEAL,SMALLTEXT_EMBEDDINGKMEANS,SMALLTEXT_GREEDYCORESET,SMALLTEXT_LEASTCONFIDENCE,SMALLTEXT_LIGHTWEIGHTCORESET,SMALLTEXT_PREDICTIONENTROPY,SMALLTEXT_RANDOM
ALIPY_CORESET_GREEDY,4034,798,470,565,561,525,343,692,570,565,531,637,614,588,470,647,4033,616,660,548,682,582,473,463,617,657,566,555,515,555,418,552,796,598,603,609,549
ALIPY_DENSITY_WEIGHTED,798,4034,361,448,644,606,377,825,585,580,551,469,475,640,361,623,798,663,613,483,599,510,491,466,538,781,625,629,586,569,459,448,614,606,530,602,438
ALIPY_GRAPH_DENSITY,470,361,4034,575,405,435,554,277,366,361,391,662,617,498,4034,493,469,426,535,627,428,561,539,504,588,301,404,404,421,373,361,605,553,370,609,345,557
ALIPY_RANDOM,565,448,575,4034,490,515,402,399,487,471,488,806,825,565,575,580,566,548,673,758,508,674,468,523,725,398,464,484,500,497,416,718,589,495,697,481,4002
ALIPY_UNCERTAINTY_LC,561,644,405,490,4034,3003,374,476,771,962,681,516,554,855,405,686,561,990,768,536,680,579,468,494,530,607,886,1068,785,992,439,496,515,1542,549,1141,477
ALIPY_UNCERTAINTY_MM,525,606,435,515,3003,4034,354,425,661,682,949,555,578,938,435,709,525,1177,870,561,645,599,458,476,536,579,756,774,1036,1517,436,539,499,1016,567,959,502
LIBACT_DWUS,343,377,554,402,374,354,4034,320,344,326,330,350,333,425,554,393,343,428,437,434,461,420,429,437,444,375,373,359,371,347,367,486,368,337,443,332,387
LIBACT_QUIRE,692,825,277,399,476,425,320,4034,479,450,420,410,393,501,277,485,692,462,470,410,517,410,419,386,432,651,492,484,436,406,444,388,521,463,406,461,394
LIBACT_UNCERTAINTY_ENT,570,585,366,487,771,661,344,479,4034,3171,2982,529,532,630,366,656,570,613,569,506,656,505,493,447,538,592,982,788,677,1044,420,479,539,1148,495,1349,471
LIBACT_UNCERTAINTY_LC,565,580,361,471,962,682,326,450,3171,4034,3023,525,518,626,361,663,565,625,569,487,659,519,477,437,536,588,796,963,699,1054,400,473,529,1362,492,1193,455
LIBACT_UNCERTAINTY_SM,531,551,391,488,681,949,330,420,2982,3023,4034,560,552,640,391,655,531,634,597,527,643,526,468,441,544,544,667,702,947,1348,409,494,527,1036,537,1053,472
OPTIMAL_GREEDY_10,637,469,662,806,516,555,350,410,529,525,560,4034,1629,597,662,680,636,588,743,872,465,764,483,604,838,402,536,526,560,555,421,840,631,512,800,518,788
OPTIMAL_GREEDY_20,614,475,617,825,554,578,333,393,532,518,552,1629,4034,603,617,703,613,539,723,861,474,734,482,619,804,441,508,542,564,553,439,845,615,552,819,528,808
PLAYGROUND_BANDIT,588,640,498,565,855,938,425,501,630,626,640,597,603,4034,498,1384,588,2370,1452,681,1010,603,505,562,617,690,725,708,699,873,450,579,573,822,598,803,547
PLAYGROUND_GRAPH_DENSITY,470,361,4034,575,405,435,554,277,366,361,391,662,617,498,4034,493,469,426,535,627,428,561,539,504,588,301,404,404,421,373,361,605,553,370,609,345,557
PLAYGROUND_INFORMATIVE_DIVERSE,647,623,493,580,686,709,393,485,656,663,655,680,703,1384,493,4034,646,1365,1283,633,801,636,501,562,624,636,645,632,638,671,454,600,556,658,600,671,561
PLAYGROUND_KCENTER_GREEDY,4033,798,469,566,561,525,343,692,570,565,531,636,613,588,469,646,4034,616,659,548,682,581,473,463,618,657,566,555,515,554,418,551,797,597,603,608,550
PLAYGROUND_MARGIN,616,663,426,548,990,1177,428,462,613,625,634,588,539,2370,426,1365,616,4034,1857,642,1006,578,505,556,538,683,684,665,690,1164,441,526,533,970,557,942,529
PLAYGROUND_MIXTURE,660,613,535,673,768,870,437,470,569,569,597,743,723,1452,535,1283,659,1857,4034,761,782,668,489,587,705,578,611,606,626,815,399,692,550,714,678,672,656
PLAYGROUND_UNIFORM,548,483,627,758,536,561,434,410,506,487,527,872,861,681,627,633,548,642,761,4034,549,716,497,578,802,441,524,538,551,528,481,799,593,503,734,487,738
SKACTIVEML_COST_EMBEDDING,682,599,428,508,680,645,461,517,656,659,643,465,474,1010,428,801,682,1006,782,549,4034,516,504,515,562,745,657,677,629,662,472,508,544,677,563,702,494
SKACTIVEML_DAL,582,510,561,674,579,599,420,410,505,519,526,764,734,603,561,636,581,578,668,716,516,4034,458,526,726,441,549,561,570,549,481,664,587,561,694,537,661
SKACTIVEML_DWUS,473,491,539,468,468,458,429,419,493,477,468,483,482,505,539,501,473,505,489,497,504,458,4034,435,492,468,442,441,450,437,401,476,463,445,478,453,453
SKACTIVEML_QBC,463,466,504,523,494,476,437,386,447,437,441,604,619,562,504,562,463,556,587,578,515,526,435,4034,636,494,507,511,511,466,426,566,455,487,559,456,507
SKACTIVEML_QBC_VOTE_ENTROPY,617,538,588,725,530,536,444,432,538,536,544,838,804,617,588,624,618,538,705,802,562,726,492,636,4034,488,556,563,566,525,416,735,652,520,751,538,712
SKACTIVEML_QUIRE,657,781,301,398,607,579,375,651,592,588,544,402,441,690,301,636,657,683,578,441,745,441,468,494,488,4034,593,587,546,550,432,434,530,602,480,601,391
SKACTIVEML_US_ENTROPY,566,625,404,464,886,756,373,492,982,796,667,536,508,725,404,645,566,684,611,524,657,549,442,507,556,593,4034,3194,2998,706,424,469,548,828,514,1040,450
SKACTIVEML_US_LC,555,629,404,484,1068,774,359,484,788,963,702,526,542,708,404,632,555,665,606,538,677,561,441,511,563,587,3194,4034,3085,716,426,470,523,1009,522,844,468
SKACTIVEML_US_MARGIN,515,586,421,500,785,1036,371,436,677,699,947,560,564,699,421,638,515,690,626,551,629,570,450,511,566,546,2998,3085,4034,968,428,479,497,722,559,694,484
SMALLTEXT_BREAKINGTIES,555,569,373,497,992,1517,347,406,1044,1054,1348,555,553,873,373,671,554,1164,815,528,662,549,437,466,525,550,706,716,968,4034,429,466,501,3019,548,2960,481
SMALLTEXT_CONTRASTIVEAL,418,459,361,416,439,436,367,444,420,400,409,421,439,450,361,454,418,441,399,481,472,481,401,426,416,432,424,426,428,429,4034,406,490,423,443,448,406
SMALLTEXT_EMBEDDINGKMEANS,552,448,605,718,496,539,486,388,479,473,494,840,845,579,605,600,551,526,692,799,508,664,476,566,735,434,469,470,479,466,406,4034,538,451,777,458,704
SMALLTEXT_GREEDYCORESET,796,614,553,589,515,499,368,521,539,529,527,631,615,573,553,556,797,533,550,593,544,587,463,455,652,530,548,523,497,501,490,538,4034,516,636,513,575
SMALLTEXT_LEASTCONFIDENCE,598,606,370,495,1542,1016,337,463,1148,1362,1036,512,552,822,370,658,597,970,714,503,677,561,445,487,520,602,828,1009,722,3019,423,451,516,4034,508,3155,479
SMALLTEXT_LIGHTWEIGHTCORESET,603,530,609,697,549,567,443,406,495,492,537,800,819,598,609,600,603,557,678,734,563,694,478,559,751,480,514,522,559,548,443,777,636,508,4034,504,680
SMALLTEXT_PREDICTIONENTROPY,609,602,345,481,1141,959,332,461,1349,1193,1053,518,528,803,345,671,608,942,672,487,702,537,453,456,538,601,1040,844,694,2960,448,458,513,3155,504,4034,466
SMALLTEXT_RANDOM,549,438,557,4002,477,502,387,394,471,455,472,788,808,547,557,561,550,529,656,738,494,661,453,507,712,391,450,468,484,481,406,704,575,479,680,466,4034
