,ALIPY_CORESET_GREEDY,ALIPY_DENSITY_WEIGHTED,ALIPY_GRAPH_DENSITY,ALIPY_RANDOM,ALIPY_UNCERTAINTY_LC,ALIPY_UNCERTAINTY_MM,LIBACT_DWUS,LIBACT_QUIRE,LIBACT_UNCERTAINTY_ENT,LIBACT_UNCERTAINTY_LC,LIBACT_UNCERTAINTY_SM,OPTIMAL_GREEDY_10,OPTIMAL_GREEDY_20,PLAYGROUND_BANDIT,PLAYGROUND_GRAPH_DENSITY,PLAYGROUND_INFORMATIVE_DIVERSE,PLAYGROUND_KCENTER_GREEDY,PLAYGROUND_MARGIN,PLAYGROUND_MIXTURE,PLAYGROUND_UNIFORM,SKACTIVEML_COST_EMBEDDING,SKACTIVEML_DAL,SKACTIVEML_DWUS,SKACTIVEML_QBC,SKACTIVEML_QBC_VOTE_ENTROPY,SKACTIVEML_QUIRE,SKACTIVEML_US_ENTROPY,SKACTIVEML_US_LC,SKACTIVEML_US_MARGIN,SMALLTEXT_BREAKINGTIES,SMALLTEXT_CONTRASTIVEAL,SMALLTEXT_EMBEDDINGKMEANS,SMALLTEXT_GREEDYCORESET,SMALLTEXT_LEASTCONFIDENCE,SMALLTEXT_LIGHTWEIGHTCORESET,SMALLTEXT_PREDICTIONENTROPY,SMALLTEXT_RANDOM
ALIPY_CORESET_GREEDY,1.0,0.3116013882002975,0.2704511650966782,0.24913237481408032,0.27937530986613784,0.26474962816063463,0.278135845314824,0.28383738225086763,0.25780862667327714,0.2597917699553793,0.2530986613782846,0.24318294496777393,0.24020823004462072,0.29424888448190384,0.2704511650966782,0.2734258800198314,1.0,0.28383738225086763,0.27615270203272185,0.25731284085275163,0.2994546355974219,0.2654933068914229,0.29325731284085277,0.251611303916708,0.2692117005453644,0.3011898859692613,0.26846802181457613,0.26524541398116014,0.2580565195835399,0.2553296975706495,0.27689638076351014,0.24938026772434307,0.32449181953396133,0.26945959345562714,0.2627664848785325,0.2741695587506197,0.23698562221120476
ALIPY_DENSITY_WEIGHTED,0.3116013882002975,1.0,0.2974714923153198,0.25855230540406543,0.30168567178978684,0.28755577590480913,0.3108577094695092,0.3158155676747645,0.2776400594942985,0.2788795240456123,0.270699058006941,0.2560733763014378,0.24962816063460586,0.3108577094695092,0.2974714923153198,0.28358948934060485,0.3116013882002975,0.2987109568666336,0.2821021318790283,0.27590480912245907,0.3071393158155677,0.278135845314824,0.3264749628160635,0.2744174516608825,0.2892910262766485,0.33564700049578583,0.29325731284085277,0.2962320277640059,0.2860684184432325,0.282350024789291,0.30639563708477935,0.2778879524045612,0.3185423896876549,0.2925136341100645,0.2714427367377293,0.29697570649479427,0.24714923153197818
ALIPY_GRAPH_DENSITY,0.2704511650966782,0.2974714923153198,1.0,0.2721864154685176,0.2788795240456123,0.2734258800198314,0.32052553296975705,0.26896380763510164,0.2625185919682697,0.25632126921170056,0.2627664848785325,0.27640059494298463,0.2729300941993059,0.3145761031234507,1.0,0.2825979176995538,0.2704511650966782,0.2989588497768964,0.2920178482895389,0.30193356470004956,0.30466038671294,0.289786812097174,0.3373822508676252,0.28953891918691127,0.30466038671294,0.29424888448190384,0.2744174516608825,0.2702032721864155,0.2699553792761527,0.2627664848785325,0.29474467030242935,0.3001983143282102,0.3145761031234507,0.2602875557759048,0.2989588497768964,0.26871591472483886,0.26152702032721864
ALIPY_RANDOM,0.24913237481408032,0.25855230540406543,0.2721864154685176,1.0,0.24516608824987604,0.2461576598909271,0.2602875557759048,0.2345066931085771,0.2337630143777888,0.2352503718393654,0.229300941993059,0.25855230540406543,0.26103123450669313,0.278135845314824,0.2721864154685176,0.2580565195835399,0.24913237481408032,0.2704511650966782,0.26474962816063463,0.2741695587506197,0.2714427367377293,0.26945959345562714,0.27640059494298463,0.2625185919682697,0.2825979176995538,0.2667327714427367,0.24467030242935053,0.24541398116013882,0.24392662369856222,0.23029251363411007,0.2513634110064452,0.2702032721864155,0.2699553792761527,0.23648983639067922,0.27193852255825485,0.23971244422409518,0.9823996033713436
ALIPY_UNCERTAINTY_LC,0.27937530986613784,0.30168567178978684,0.2788795240456123,0.24516608824987604,1.0,0.8031730292513634,0.2994546355974219,0.2736737729300942,0.3165592464055528,0.33763014377788797,0.3071393158155677,0.2602875557759048,0.24714923153197818,0.35671789786812097,0.2788795240456123,0.29325731284085277,0.27937530986613784,0.3817550818046604,0.3225086762518592,0.27565691621219635,0.32300446207238476,0.28284581060981656,0.3232523549826475,0.2751611303916708,0.270699058006941,0.31631135349529005,0.33614278631631134,0.35101636093207733,0.3182944967773922,0.3658899355478433,0.28358948934060485,0.2597917699553793,0.2974714923153198,0.46058502726822015,0.26450173525037185,0.3929102627664849,0.23128408527516114
ALIPY_UNCERTAINTY_MM,0.26474962816063463,0.28755577590480913,0.2734258800198314,0.2461576598909271,0.8031730292513634,1.0,0.29424888448190384,0.26524541398116014,0.30143777887952405,0.3001983143282102,0.32449181953396133,0.25855230540406543,0.23996033713435796,0.3596926127912742,0.2734258800198314,0.28953891918691127,0.26474962816063463,0.42340109072880516,0.3396132870599901,0.2699553792761527,0.31234506693108577,0.27640059494298463,0.3116013882002975,0.2662369856222112,0.2659890927119484,0.30540406544372833,0.31606346058502727,0.3108577094695092,0.334407535944472,0.4476945959345563,0.27937530986613784,0.25706494794248885,0.2882994546355974,0.3621715418939018,0.2667327714427367,0.36365889935547846,0.23252354982647497
LIBACT_DWUS,0.278135845314824,0.3108577094695092,0.32052553296975705,0.2602875557759048,0.2994546355974219,0.29424888448190384,1.0,0.2721864154685176,0.27689638076351014,0.27615270203272185,0.2746653445711453,0.2714427367377293,0.2704511650966782,0.33986117997025284,0.32052553296975705,0.2892910262766485,0.278135845314824,0.31978185423896877,0.2957362419434804,0.29424888448190384,0.32796232027764005,0.28805156172533464,0.3331680713931582,0.3106098165592464,0.2962320277640059,0.31011403073872085,0.2952404561229549,0.2900347050074368,0.28805156172533464,0.2778879524045612,0.31284085275161133,0.2937530986613783,0.3185423896876549,0.28656420426375806,0.29400099157164106,0.29176995537927614,0.24665344571145265
LIBACT_QUIRE,0.28383738225086763,0.3158155676747645,0.26896380763510164,0.2345066931085771,0.2736737729300942,0.26524541398116014,0.2721864154685176,1.0,0.24913237481408032,0.2461576598909271,0.2404561229548835,0.23648983639067922,0.22384729796727815,0.28135845314824,0.26896380763510164,0.2595438770451165,0.28383738225086763,0.27987109568666335,0.2597917699553793,0.24863658899355479,0.28358948934060485,0.2583044124938027,0.30540406544372833,0.2521070897372335,0.25756073376301436,0.30862667327714427,0.26450173525037185,0.26499752107089736,0.2597917699553793,0.25037183936539414,0.2925136341100645,0.2478929102627665,0.29028259791769956,0.25681705503222607,0.2555775904809122,0.2635101636093208,0.22459097669806644
LIBACT_UNCERTAINTY_ENT,0.25780862667327714,0.2776400594942985,0.2625185919682697,0.2337630143777888,0.3165592464055528,0.30143777887952405,0.27689638076351014,0.24913237481408032,1.0,0.8430837878036688,0.8170550322260783,0.2389687654933069,0.23847297967278136,0.3113534952900347,0.2625185919682697,0.2808626673277144,0.25780862667327714,0.30069410014873577,0.2776400594942985,0.26524541398116014,0.2974714923153198,0.2595438770451165,0.30540406544372833,0.2508676251859197,0.26450173525037185,0.2920178482895389,0.3403569657907784,0.31308874566187406,0.2994546355974219,0.35622211204759546,0.26524541398116014,0.248388696083292,0.2920178482895389,0.37208725830441247,0.2521070897372335,0.4008428358948934,0.22062469013386218
LIBACT_UNCERTAINTY_LC,0.2597917699553793,0.2788795240456123,0.25632126921170056,0.2352503718393654,0.33763014377788797,0.3001983143282102,0.27615270203272185,0.2461576598909271,0.8430837878036688,1.0,0.8217649975210709,0.23996033713435796,0.2374814080317303,0.30937035200793256,0.25632126921170056,0.28061477441745164,0.2597917699553793,0.2987109568666336,0.27565691621219635,0.26227069905800693,0.29771938522558256,0.26078334159643035,0.3071393158155677,0.2543381259295984,0.26499752107089736,0.2925136341100645,0.3264749628160635,0.3358948934060486,0.3024293505205751,0.36117997025285076,0.2627664848785325,0.2530986613782846,0.2885473475458602,0.3958849776896381,0.2553296975706495,0.3812592959841348,0.22161626177491323
LIBACT_UNCERTAINTY_SM,0.2530986613782846,0.270699058006941,0.2627664848785325,0.229300941993059,0.3071393158155677,0.32449181953396133,0.2746653445711453,0.2404561229548835,0.8170550322260783,0.8217649975210709,1.0,0.23822508676251858,0.23921665840356965,0.30565195835399106,0.2627664848785325,0.2811105602379772,0.2530986613782846,0.29697570649479427,0.27169062964799207,0.26474962816063463,0.2922657411998017,0.25731284085275163,0.30069410014873577,0.2543381259295984,0.26797223599405057,0.28730788299454635,0.30292513634110063,0.30466038671294,0.32771442736737727,0.3852255825483391,0.2592959841348537,0.25037183936539414,0.2825979176995538,0.36117997025285076,0.2530986613782846,0.3703520079325731,0.21566683192860683
OPTIMAL_GREEDY_10,0.24318294496777393,0.2560733763014378,0.27640059494298463,0.25855230540406543,0.2602875557759048,0.25855230540406543,0.2714427367377293,0.23648983639067922,0.2389687654933069,0.23996033713435796,0.23822508676251858,1.0,0.3490332176499752,0.28705999008428357,0.27640059494298463,0.26499752107089736,0.24318294496777393,0.2702032721864155,0.2816063460585027,0.29400099157164106,0.266484878532474,0.28334159643034207,0.2900347050074368,0.27590480912245907,0.30441249380267726,0.2697074863658899,0.24590976698066436,0.24467030242935053,0.24566187407040158,0.23252354982647497,0.2553296975706495,0.29771938522558256,0.273921665840357,0.23326722855726326,0.2803668815071889,0.2345066931085771,0.24962816063460586
OPTIMAL_GREEDY_20,0.24020823004462072,0.24962816063460586,0.2729300941993059,0.26103123450669313,0.24714923153197818,0.23996033713435796,0.2704511650966782,0.22384729796727815,0.23847297967278136,0.2374814080317303,0.23921665840356965,0.3490332176499752,1.0,0.28284581060981656,0.2729300941993059,0.28011898859692613,0.24020823004462072,0.2714427367377293,0.2773921665840357,0.2882994546355974,0.26896380763510164,0.2821021318790283,0.28334159643034207,0.2667327714427367,0.29127416955875063,0.2692117005453644,0.24020823004462072,0.23971244422409518,0.23822508676251858,0.22434308378780368,0.2528507684680218,0.2935052057511155,0.2699553792761527,0.22806147744174515,0.2850768468021815,0.2345066931085771,0.2530986613782846
PLAYGROUND_BANDIT,0.29424888448190384,0.3108577094695092,0.3145761031234507,0.278135845314824,0.35671789786812097,0.3596926127912742,0.33986117997025284,0.28135845314824,0.3113534952900347,0.30937035200793256,0.30565195835399106,0.28705999008428357,0.28284581060981656,1.0,0.3145761031234507,0.43827466534457116,0.29424888448190384,0.6269211700545364,0.47570649479424887,0.31755081804660384,0.3750619732275657,0.3083787803668815,0.33936539414972733,0.29821517104610806,0.31259295984134855,0.33911750123946455,0.3262270699058007,0.3254833911750124,0.3145761031234507,0.33168071393158155,0.3061477441745166,0.30639563708477935,0.32721864154685176,0.330193356470005,0.30515617253346555,0.33862171541893904,0.26425384234010907
PLAYGROUND_GRAPH_DENSITY,0.2704511650966782,0.2974714923153198,1.0,0.2721864154685176,0.2788795240456123,0.2734258800198314,0.32052553296975705,0.26896380763510164,0.2625185919682697,0.25632126921170056,0.2627664848785325,0.27640059494298463,0.2729300941993059,0.3145761031234507,1.0,0.2825979176995538,0.2704511650966782,0.2989588497768964,0.2920178482895389,0.30193356470004956,0.30466038671294,0.289786812097174,0.3373822508676252,0.28953891918691127,0.30466038671294,0.29424888448190384,0.2744174516608825,0.2702032721864155,0.2699553792761527,0.2627664848785325,0.29474467030242935,0.3001983143282102,0.3145761031234507,0.2602875557759048,0.2989588497768964,0.26871591472483886,0.26152702032721864
PLAYGROUND_INFORMATIVE_DIVERSE,0.2734258800198314,0.28358948934060485,0.2825979176995538,0.2580565195835399,0.29325731284085277,0.28953891918691127,0.2892910262766485,0.2595438770451165,0.2808626673277144,0.28061477441745164,0.2811105602379772,0.26499752107089736,0.28011898859692613,0.43827466534457116,0.2825979176995538,1.0,0.2734258800198314,0.42786316311353495,0.40877540902330195,0.2825979176995538,0.32721864154685176,0.28433316807139314,0.3135845314823996,0.2783837382250868,0.2863163113534953,0.2987109568666336,0.2890431333663857,0.28705999008428357,0.28582052553296977,0.26822012890431335,0.2811105602379772,0.28135845314824,0.2987109568666336,0.2721864154685176,0.2821021318790283,0.2776400594942985,0.24566187407040158
PLAYGROUND_KCENTER_GREEDY,1.0,0.3116013882002975,0.2704511650966782,0.24913237481408032,0.27937530986613784,0.26474962816063463,0.278135845314824,0.28383738225086763,0.25780862667327714,0.2597917699553793,0.2530986613782846,0.24318294496777393,0.24020823004462072,0.29424888448190384,0.2704511650966782,0.2734258800198314,1.0,0.28383738225086763,0.27615270203272185,0.25731284085275163,0.2994546355974219,0.2654933068914229,0.29325731284085277,0.251611303916708,0.2692117005453644,0.3011898859692613,0.26846802181457613,0.26524541398116014,0.2580565195835399,0.2553296975706495,0.27689638076351014,0.24938026772434307,0.32449181953396133,0.26945959345562714,0.2627664848785325,0.2741695587506197,0.23698562221120476
PLAYGROUND_MARGIN,0.28383738225086763,0.2987109568666336,0.2989588497768964,0.2704511650966782,0.3817550818046604,0.42340109072880516,0.31978185423896877,0.27987109568666335,0.30069410014873577,0.2987109568666336,0.29697570649479427,0.2702032721864155,0.2714427367377293,0.6269211700545364,0.2989588497768964,0.42786316311353495,0.28383738225086763,1.0,0.5609816559246406,0.29449677739216656,0.36192364898363905,0.29127416955875063,0.32300446207238476,0.28805156172533464,0.29053049082796234,0.32771442736737727,0.3148239960337134,0.3140803173029251,0.31011403073872085,0.39885969261279125,0.30292513634110063,0.2850768468021815,0.3106098165592464,0.3594447198810114,0.28656420426375806,0.3634110064452157,0.2565691621219633
PLAYGROUND_MIXTURE,0.27615270203272185,0.2821021318790283,0.2920178482895389,0.26474962816063463,0.3225086762518592,0.3396132870599901,0.2957362419434804,0.2597917699553793,0.2776400594942985,0.27565691621219635,0.27169062964799207,0.2816063460585027,0.2773921665840357,0.47570649479424887,0.2920178482895389,0.40877540902330195,0.27615270203272185,0.5609816559246406,1.0,0.30515617253346555,0.31680713931581556,0.2885473475458602,0.3031730292513634,0.28135845314824,0.2915220624690134,0.30589985126425384,0.28358948934060485,0.2850768468021815,0.285572632622707,0.31680713931581556,0.27987109568666335,0.28681209717402084,0.29796727813584534,0.2974714923153198,0.28061477441745164,0.3034209221616262,0.2518591968269707
PLAYGROUND_UNIFORM,0.25731284085275163,0.27590480912245907,0.30193356470004956,0.2741695587506197,0.27565691621219635,0.2699553792761527,0.29424888448190384,0.24863658899355479,0.26524541398116014,0.26227069905800693,0.26474962816063463,0.29400099157164106,0.2882994546355974,0.31755081804660384,0.30193356470004956,0.2825979176995538,0.25731284085275163,0.29449677739216656,0.30515617253346555,1.0,0.2925136341100645,0.29053049082796234,0.2920178482895389,0.27565691621219635,0.2999504214179474,0.2885473475458602,0.26202280614774415,0.2588001983143282,0.2630143777887952,0.26425384234010907,0.2808626673277144,0.28805156172533464,0.2989588497768964,0.2635101636093208,0.28582052553296977,0.27193852255825485,0.2627664848785325
SKACTIVEML_COST_EMBEDDING,0.2994546355974219,0.3071393158155677,0.30466038671294,0.2714427367377293,0.32300446207238476,0.31234506693108577,0.32796232027764005,0.28358948934060485,0.2974714923153198,0.29771938522558256,0.2922657411998017,0.266484878532474,0.26896380763510164,0.3750619732275657,0.30466038671294,0.32721864154685176,0.2994546355974219,0.36192364898363905,0.31680713931581556,0.2925136341100645,1.0,0.2915220624690134,0.3215171046108081,0.2922657411998017,0.289786812097174,0.34234010907288054,0.3113534952900347,0.31011403073872085,0.3026772434308379,0.2935052057511155,0.29548834903321763,0.27937530986613784,0.3182944967773922,0.30069410014873577,0.28805156172533464,0.3108577094695092,0.2588001983143282
SKACTIVEML_DAL,0.2654933068914229,0.278135845314824,0.289786812097174,0.26945959345562714,0.28284581060981656,0.27640059494298463,0.28805156172533464,0.2583044124938027,0.2595438770451165,0.26078334159643035,0.25731284085275163,0.28334159643034207,0.2821021318790283,0.3083787803668815,0.289786812097174,0.28433316807139314,0.2654933068914229,0.29127416955875063,0.2885473475458602,0.29053049082796234,0.2915220624690134,1.0,0.31184928111056026,0.27565691621219635,0.29821517104610806,0.2892910262766485,0.2783837382250868,0.2766484878532474,0.2714427367377293,0.2580565195835399,0.278135845314824,0.28805156172533464,0.29449677739216656,0.259048091224591,0.2920178482895389,0.26524541398116014,0.259048091224591
SKACTIVEML_DWUS,0.29325731284085277,0.3264749628160635,0.3373822508676252,0.27640059494298463,0.3232523549826475,0.3116013882002975,0.3331680713931582,0.30540406544372833,0.30540406544372833,0.3071393158155677,0.30069410014873577,0.2900347050074368,0.28334159643034207,0.33936539414972733,0.3373822508676252,0.3135845314823996,0.29325731284085277,0.32300446207238476,0.3031730292513634,0.2920178482895389,0.3215171046108081,0.31184928111056026,1.0,0.3039167079821517,0.322756569162122,0.3329201784828954,0.3257312840852752,0.3232523549826475,0.3158155676747645,0.2967278135845315,0.3145761031234507,0.29796727813584534,0.3445711452652454,0.3061477441745166,0.3073872087258304,0.30937035200793256,0.26499752107089736
SKACTIVEML_QBC,0.251611303916708,0.2744174516608825,0.28953891918691127,0.2625185919682697,0.2751611303916708,0.2662369856222112,0.3106098165592464,0.2521070897372335,0.2508676251859197,0.2543381259295984,0.2543381259295984,0.27590480912245907,0.2667327714427367,0.29821517104610806,0.28953891918691127,0.2783837382250868,0.251611303916708,0.28805156172533464,0.28135845314824,0.27565691621219635,0.2922657411998017,0.27565691621219635,0.3039167079821517,1.0,0.29846306395637084,0.29400099157164106,0.26871591472483886,0.27491323748140806,0.27540902330193356,0.25260287555775907,0.289786812097174,0.2811105602379772,0.285572632622707,0.25855230540406543,0.2811105602379772,0.2592959841348537,0.2508676251859197
SKACTIVEML_QBC_VOTE_ENTROPY,0.2692117005453644,0.2892910262766485,0.30466038671294,0.2825979176995538,0.270699058006941,0.2659890927119484,0.2962320277640059,0.25756073376301436,0.26450173525037185,0.26499752107089736,0.26797223599405057,0.30441249380267726,0.29127416955875063,0.31259295984134855,0.30466038671294,0.2863163113534953,0.2692117005453644,0.29053049082796234,0.2915220624690134,0.2999504214179474,0.289786812097174,0.29821517104610806,0.322756569162122,0.29846306395637084,1.0,0.29771938522558256,0.2776400594942985,0.27565691621219635,0.27491323748140806,0.2560733763014378,0.29127416955875063,0.29846306395637084,0.30664352999504213,0.26078334159643035,0.3026772434308379,0.2697074863658899,0.27268220128904314
SKACTIVEML_QUIRE,0.3011898859692613,0.33564700049578583,0.29424888448190384,0.2667327714427367,0.31631135349529005,0.30540406544372833,0.31011403073872085,0.30862667327714427,0.2920178482895389,0.2925136341100645,0.28730788299454635,0.2697074863658899,0.2692117005453644,0.33911750123946455,0.29424888448190384,0.2987109568666336,0.3011898859692613,0.32771442736737727,0.30589985126425384,0.2885473475458602,0.34234010907288054,0.2892910262766485,0.3329201784828954,0.29400099157164106,0.29771938522558256,1.0,0.30664352999504213,0.30887456618740705,0.2999504214179474,0.2915220624690134,0.3116013882002975,0.27987109568666335,0.32449181953396133,0.300446207238473,0.2803668815071889,0.30813088745661876,0.25384234010907286
SKACTIVEML_US_ENTROPY,0.26846802181457613,0.29325731284085277,0.2744174516608825,0.24467030242935053,0.33614278631631134,0.31606346058502727,0.2952404561229549,0.26450173525037185,0.3403569657907784,0.3264749628160635,0.30292513634110063,0.24590976698066436,0.24020823004462072,0.3262270699058007,0.2744174516608825,0.2890431333663857,0.26846802181457613,0.3148239960337134,0.28358948934060485,0.26202280614774415,0.3113534952900347,0.2783837382250868,0.3257312840852752,0.26871591472483886,0.2776400594942985,0.30664352999504213,1.0,0.8433316807139316,0.8086266732771443,0.30069410014873577,0.2845810609816559,0.2602875557759048,0.30589985126425384,0.32300446207238476,0.25706494794248885,0.34977689638076354,0.2330193356470005
SKACTIVEML_US_LC,0.26524541398116014,0.2962320277640059,0.2702032721864155,0.24541398116013882,0.35101636093207733,0.3108577094695092,0.2900347050074368,0.26499752107089736,0.31308874566187406,0.3358948934060486,0.30466038671294,0.24467030242935053,0.23971244422409518,0.3254833911750124,0.2702032721864155,0.28705999008428357,0.26524541398116014,0.3140803173029251,0.2850768468021815,0.2588001983143282,0.31011403073872085,0.2766484878532474,0.3232523549826475,0.27491323748140806,0.27565691621219635,0.30887456618740705,0.8433316807139316,1.0,0.8106098165592464,0.297223599405057,0.2771442736737729,0.2595438770451165,0.30466038671294,0.3368864650470996,0.2588001983143282,0.3254833911750124,0.23326722855726326
SKACTIVEML_US_MARGIN,0.2580565195835399,0.2860684184432325,0.2699553792761527,0.24392662369856222,0.3182944967773922,0.334407535944472,0.28805156172533464,0.2597917699553793,0.2994546355974219,0.3024293505205751,0.32771442736737727,0.24566187407040158,0.23822508676251858,0.3145761031234507,0.2699553792761527,0.28582052553296977,0.2580565195835399,0.31011403073872085,0.285572632622707,0.2630143777887952,0.3026772434308379,0.2714427367377293,0.3158155676747645,0.27540902330193356,0.27491323748140806,0.2999504214179474,0.8086266732771443,0.8106098165592464,1.0,0.3210213187902826,0.2773921665840357,0.2588001983143282,0.3001983143282102,0.2989588497768964,0.2602875557759048,0.30490827962320277,0.23177987109568665
SMALLTEXT_BREAKINGTIES,0.2553296975706495,0.282350024789291,0.2627664848785325,0.23029251363411007,0.3658899355478433,0.4476945959345563,0.2778879524045612,0.25037183936539414,0.35622211204759546,0.36117997025285076,0.3852255825483391,0.23252354982647497,0.22434308378780368,0.33168071393158155,0.2627664848785325,0.26822012890431335,0.2553296975706495,0.39885969261279125,0.31680713931581556,0.26425384234010907,0.2935052057511155,0.2580565195835399,0.2967278135845315,0.25260287555775907,0.2560733763014378,0.2915220624690134,0.30069410014873577,0.297223599405057,0.3210213187902826,1.0,0.26053544868616757,0.24367873078829946,0.2818542389687655,0.8036688150718889,0.2543381259295984,0.8049082796232028,0.21641051065939515
SMALLTEXT_CONTRASTIVEAL,0.27689638076351014,0.30639563708477935,0.29474467030242935,0.2513634110064452,0.28358948934060485,0.27937530986613784,0.31284085275161133,0.2925136341100645,0.26524541398116014,0.2627664848785325,0.2592959841348537,0.2553296975706495,0.2528507684680218,0.3061477441745166,0.29474467030242935,0.2811105602379772,0.27689638076351014,0.30292513634110063,0.27987109568666335,0.2808626673277144,0.29548834903321763,0.278135845314824,0.3145761031234507,0.289786812097174,0.29127416955875063,0.3116013882002975,0.2845810609816559,0.2771442736737729,0.2773921665840357,0.26053544868616757,1.0,0.2721864154685176,0.30912245909766983,0.2704511650966782,0.2662369856222112,0.2771442736737729,0.24020823004462072
SMALLTEXT_EMBEDDINGKMEANS,0.24938026772434307,0.2778879524045612,0.3001983143282102,0.2702032721864155,0.2597917699553793,0.25706494794248885,0.2937530986613783,0.2478929102627665,0.248388696083292,0.2530986613782846,0.25037183936539414,0.29771938522558256,0.2935052057511155,0.30639563708477935,0.3001983143282102,0.28135845314824,0.24938026772434307,0.2850768468021815,0.28681209717402084,0.28805156172533464,0.27937530986613784,0.28805156172533464,0.29796727813584534,0.2811105602379772,0.29846306395637084,0.27987109568666335,0.2602875557759048,0.2595438770451165,0.2588001983143282,0.24367873078829946,0.2721864154685176,1.0,0.28011898859692613,0.24566187407040158,0.29697570649479427,0.24541398116013882,0.259048091224591
SMALLTEXT_GREEDYCORESET,0.32449181953396133,0.3185423896876549,0.3145761031234507,0.2699553792761527,0.2974714923153198,0.2882994546355974,0.3185423896876549,0.29028259791769956,0.2920178482895389,0.2885473475458602,0.2825979176995538,0.273921665840357,0.2699553792761527,0.32721864154685176,0.3145761031234507,0.2987109568666336,0.32449181953396133,0.3106098165592464,0.29796727813584534,0.2989588497768964,0.3182944967773922,0.29449677739216656,0.3445711452652454,0.285572632622707,0.30664352999504213,0.32449181953396133,0.30589985126425384,0.30466038671294,0.3001983143282102,0.2818542389687655,0.30912245909766983,0.28011898859692613,1.0,0.29127416955875063,0.28953891918691127,0.2974714923153198,0.2580565195835399
SMALLTEXT_LEASTCONFIDENCE,0.26945959345562714,0.2925136341100645,0.2602875557759048,0.23648983639067922,0.46058502726822015,0.3621715418939018,0.28656420426375806,0.25681705503222607,0.37208725830441247,0.3958849776896381,0.36117997025285076,0.23326722855726326,0.22806147744174515,0.330193356470005,0.2602875557759048,0.2721864154685176,0.26945959345562714,0.3594447198810114,0.2974714923153198,0.2635101636093208,0.30069410014873577,0.259048091224591,0.3061477441745166,0.25855230540406543,0.26078334159643035,0.300446207238473,0.32300446207238476,0.3368864650470996,0.2989588497768964,0.8036688150718889,0.2704511650966782,0.24566187407040158,0.29127416955875063,1.0,0.25681705503222607,0.8316807139315816,0.22285572632622708
SMALLTEXT_LIGHTWEIGHTCORESET,0.2627664848785325,0.2714427367377293,0.2989588497768964,0.27193852255825485,0.26450173525037185,0.2667327714427367,0.29400099157164106,0.2555775904809122,0.2521070897372335,0.2553296975706495,0.2530986613782846,0.2803668815071889,0.2850768468021815,0.30515617253346555,0.2989588497768964,0.2821021318790283,0.2627664848785325,0.28656420426375806,0.28061477441745164,0.28582052553296977,0.28805156172533464,0.2920178482895389,0.3073872087258304,0.2811105602379772,0.3026772434308379,0.2803668815071889,0.25706494794248885,0.2588001983143282,0.2602875557759048,0.2543381259295984,0.2662369856222112,0.29697570649479427,0.28953891918691127,0.25681705503222607,1.0,0.2640059494298463,0.26127912741695586
SMALLTEXT_PREDICTIONENTROPY,0.2741695587506197,0.29697570649479427,0.26871591472483886,0.23971244422409518,0.3929102627664849,0.36365889935547846,0.29176995537927614,0.2635101636093208,0.4008428358948934,0.3812592959841348,0.3703520079325731,0.2345066931085771,0.2345066931085771,0.33862171541893904,0.26871591472483886,0.2776400594942985,0.2741695587506197,0.3634110064452157,0.3034209221616262,0.27193852255825485,0.3108577094695092,0.26524541398116014,0.30937035200793256,0.2592959841348537,0.2697074863658899,0.30813088745661876,0.34977689638076354,0.3254833911750124,0.30490827962320277,0.8049082796232028,0.2771442736737729,0.24541398116013882,0.2974714923153198,0.8316807139315816,0.2640059494298463,1.0,0.22583044124938026
SMALLTEXT_RANDOM,0.23698562221120476,0.24714923153197818,0.26152702032721864,0.9823996033713436,0.23128408527516114,0.23252354982647497,0.24665344571145265,0.22459097669806644,0.22062469013386218,0.22161626177491323,0.21566683192860683,0.24962816063460586,0.2530986613782846,0.26425384234010907,0.26152702032721864,0.24566187407040158,0.23698562221120476,0.2565691621219633,0.2518591968269707,0.2627664848785325,0.2588001983143282,0.259048091224591,0.26499752107089736,0.2508676251859197,0.27268220128904314,0.25384234010907286,0.2330193356470005,0.23326722855726326,0.23177987109568665,0.21641051065939515,0.24020823004462072,0.259048091224591,0.2580565195835399,0.22285572632622708,0.26127912741695586,0.22583044124938026,1.0
