,ALIPY_CORESET_GREEDY,ALIPY_DENSITY_WEIGHTED,ALIPY_GRAPH_DENSITY,ALIPY_RANDOM,ALIPY_UNCERTAINTY_LC,ALIPY_UNCERTAINTY_MM,LIBACT_DWUS,LIBACT_QUIRE,LIBACT_UNCERTAINTY_ENT,LIBACT_UNCERTAINTY_LC,LIBACT_UNCERTAINTY_SM,OPTIMAL_GREEDY_10,OPTIMAL_GREEDY_20,PLAYGROUND_BANDIT,PLAYGROUND_GRAPH_DENSITY,PLAYGROUND_INFORMATIVE_DIVERSE,PLAYGROUND_KCENTER_GREEDY,PLAYGROUND_MARGIN,PLAYGROUND_MIXTURE,PLAYGROUND_UNIFORM,SKACTIVEML_COST_EMBEDDING,SKACTIVEML_DAL,SKACTIVEML_DWUS,SKACTIVEML_QBC,SKACTIVEML_QBC_VOTE_ENTROPY,SKACTIVEML_QUIRE,SKACTIVEML_US_ENTROPY,SKACTIVEML_US_LC,SKACTIVEML_US_MARGIN,SMALLTEXT_BREAKINGTIES,SMALLTEXT_CONTRASTIVEAL,SMALLTEXT_EMBEDDINGKMEANS,SMALLTEXT_GREEDYCORESET,SMALLTEXT_LEASTCONFIDENCE,SMALLTEXT_LIGHTWEIGHTCORESET,SMALLTEXT_PREDICTIONENTROPY,SMALLTEXT_RANDOM
ALIPY_CORESET_GREEDY,1.0,0.13782845810609817,0.12692117005453643,0.12865642042637582,0.09593455627169063,0.0946950917203768,0.04338125929598413,0.09147248388696083,0.06817055032226078,0.07040158651462568,0.07610312345066932,0.22905304908279622,0.22533465542885472,0.1271690629647992,0.12692117005453643,0.14328210213187903,0.9992563212692117,0.10262766484878533,0.16608824987605356,0.1665840356965791,0.1249380267724343,0.16088249876053545,0.07511155180961825,0.08180466038671294,0.16410510659395142,0.11130391670798215,0.07560733763014378,0.0857709469509172,0.08453148239960337,0.07610312345066932,0.0850272682201289,0.13262270699058007,0.24814080317302925,0.07783837382250867,0.13510163609320774,0.07040158651462568,0.12840852751611304
ALIPY_DENSITY_WEIGHTED,0.13782845810609817,1.0,0.08676251859196826,0.10163609320773426,0.13882002974714924,0.13559742191373328,0.04561229548834903,0.11328705999008429,0.12171541893901834,0.124194348041646,0.12369856222112048,0.13634110064452157,0.1271690629647992,0.1420426375805652,0.08676251859196826,0.1442736737729301,0.13782845810609817,0.1420426375805652,0.15071888943976203,0.12270699058006941,0.1536936043629152,0.124194348041646,0.10758552305404065,0.07362419434804164,0.11898859692612791,0.14005949429846307,0.1368368864650471,0.13708477937530986,0.1383242439266237,0.12964799206742686,0.08081308874566187,0.09667823500247893,0.12320277640059495,0.13857213683688646,0.12543381259295985,0.13658899355478432,0.10138820029747149
ALIPY_GRAPH_DENSITY,0.12692117005453643,0.08676251859196826,1.0,0.15245413981160139,0.06742687159147248,0.07783837382250867,0.06941001487357462,0.05453644025780863,0.05999008428358949,0.0532969757064948,0.06569162121963312,0.16534457114526524,0.1574119980168567,0.10163609320773426,1.0,0.0946950917203768,0.1271690629647992,0.07734258800198314,0.12890431333663857,0.20897372335151215,0.10262766484878533,0.1722855726326227,0.08651462568170551,0.09667823500247893,0.20252850768468023,0.07560733763014378,0.06544372830937036,0.06544372830937036,0.06841844323252355,0.06618740704015866,0.057263262270699056,0.14253842340109074,0.1450173525037184,0.06172533465542886,0.17947446703024295,0.06420426375805652,0.15245413981160139
ALIPY_RANDOM,0.12865642042637582,0.10163609320773426,0.15245413981160139,1.0,0.09890927119484383,0.10014873574615767,0.05577590480912246,0.08304412493802678,0.07759048091224591,0.07362419434804164,0.07957362419434805,0.22657411998016858,0.21269211700545365,0.1331184928111056,0.15245413981160139,0.14823996033713435,0.12840852751611304,0.11031234506693109,0.16559246405552802,0.2803668815071889,0.13882002974714924,0.23574615765989093,0.0991571641051066,0.13237481408031732,0.2885473475458602,0.1036192364898364,0.08403569657907783,0.08973723351512147,0.0932077342588002,0.09295984134853744,0.07858205255329698,0.21690629647992068,0.17327714427367377,0.09395141298958849,0.2583044124938027,0.0880019831432821,0.9997521070897373
ALIPY_UNCERTAINTY_LC,0.09593455627169063,0.13882002974714924,0.06742687159147248,0.09890927119484383,1.0,0.7721864154685176,0.026276648487853247,0.04313336638572137,0.21467526028755576,0.25681705503222607,0.20475954387704512,0.17426871591472484,0.17327714427367377,0.25384234010907286,0.06742687159147248,0.2337630143777888,0.0961824491819534,0.30466038671294,0.24913237481408032,0.12667327714427368,0.1945959345562717,0.12345066931085771,0.08676251859196826,0.06618740704015866,0.10956866633614279,0.11378284581060982,0.2506197322756569,0.2863163113534953,0.23648983639067922,0.3041646008924145,0.058254833911750126,0.08750619732275657,0.10064452156668319,0.4298463063956371,0.11031234506693109,0.33093703520079326,0.09866137828458106
ALIPY_UNCERTAINTY_MM,0.0946950917203768,0.13559742191373328,0.07783837382250867,0.10014873574615767,0.7721864154685176,1.0,0.032969757064947945,0.0436291522062469,0.18294496777392166,0.19955379276152702,0.2580565195835399,0.1856717897868121,0.18517600396628656,0.2714427367377293,0.07783837382250867,0.24169558750619732,0.0946950917203768,0.3542389687654933,0.2721864154685176,0.131631135349529,0.18790282597917699,0.13039167079821518,0.0894893406048587,0.07263262270699058,0.11254338125929599,0.11254338125929599,0.21715418939018344,0.23425880019831433,0.2816063460585027,0.42364898363906794,0.05701536936043629,0.09271194843827467,0.10039662865642042,0.3068914229053049,0.11774913237481408,0.28383738225086763,0.0999008428358949
LIBACT_DWUS,0.04338125929598413,0.04561229548834903,0.06941001487357462,0.05577590480912246,0.026276648487853247,0.032969757064947945,1.0,0.06048587010411502,0.026524541398116015,0.02454139811601388,0.029995042141794746,0.03346554288547347,0.02949925632126921,0.03470500743678731,0.06941001487357462,0.02751611303916708,0.04338125929598413,0.02949925632126921,0.03520079325731284,0.06643529995042141,0.03966286564204264,0.0458601883986118,0.07188894397620228,0.06494794248884482,0.07263262270699058,0.04858701041150223,0.02478929102627665,0.025780862667327716,0.03024293505205751,0.026772434308378782,0.0805651958353991,0.08701041150223103,0.045364402578086264,0.02057511155180962,0.05676747645017353,0.023054040654437283,0.05577590480912246
LIBACT_QUIRE,0.09147248388696083,0.11328705999008429,0.05453644025780863,0.08304412493802678,0.04313336638572137,0.0436291522062469,0.06048587010411502,1.0,0.042637580565195836,0.04164600892414477,0.042637580565195836,0.06519583539910759,0.06122954883490332,0.06023797719385226,0.05453644025780863,0.058750619732275654,0.09122459097669806,0.05503222607833416,0.06544372830937036,0.08651462568170551,0.07015369360436291,0.09072880515617253,0.05775904809122459,0.07411998016856718,0.09395141298958849,0.10882498760535449,0.0421417947446703,0.04164600892414477,0.043877045116509666,0.03743182944967774,0.10337134357957363,0.07659890927119484,0.09048091224590976,0.03817550818046604,0.10312345066931086,0.03991075855230541,0.08304412493802678
LIBACT_UNCERTAINTY_ENT,0.06817055032226078,0.12171541893901834,0.05999008428358949,0.07759048091224591,0.21467526028755576,0.18294496777392166,0.026524541398116015,0.042637580565195836,1.0,0.8118492811105602,0.7585523054040655,0.14253842340109074,0.13981160138820029,0.16435299950421417,0.05999008428358949,0.20228061477441744,0.06817055032226078,0.16212196331184928,0.1588993554784333,0.11427863163113534,0.16608824987605356,0.10684184432325236,0.07759048091224591,0.04858701041150223,0.10163609320773426,0.08750619732275657,0.25359444719881014,0.20699058006941,0.17550818046603867,0.2424392662369856,0.060981655924640554,0.08403569657907783,0.08651462568170551,0.2704511650966782,0.09072880515617253,0.3143282102131879,0.07759048091224591
LIBACT_UNCERTAINTY_LC,0.07040158651462568,0.124194348041646,0.0532969757064948,0.07362419434804164,0.25681705503222607,0.19955379276152702,0.02454139811601388,0.04164600892414477,0.8118492811105602,1.0,0.7840852751611304,0.14328210213187903,0.14377788795240456,0.17575607337630145,0.0532969757064948,0.2107089737233515,0.07064947942488845,0.180466038671294,0.1707982151710461,0.10213187902825979,0.17302925136341102,0.10089241447694595,0.08329201784828955,0.04610808130887457,0.10386712940009915,0.08651462568170551,0.21740208230044622,0.24962816063460586,0.19856222112047595,0.2555775904809122,0.05057015369360436,0.0835399107585523,0.08378780366881507,0.3158155676747645,0.09196826970748637,0.28284581060981656,0.07337630143777887
LIBACT_UNCERTAINTY_SM,0.07610312345066932,0.12369856222112048,0.06569162121963312,0.07957362419434805,0.20475954387704512,0.2580565195835399,0.029995042141794746,0.042637580565195836,0.7585523054040655,0.7840852751611304,1.0,0.16212196331184928,0.15518096182449181,0.1826970748636589,0.06569162121963312,0.2255825483391175,0.07635101636093208,0.19286068418443233,0.18765493306891423,0.11155180961824492,0.17476450173525038,0.10832920178482895,0.0887456618740704,0.05751115518096182,0.10783341596430342,0.08180466038671294,0.18591968269707487,0.19905800694100148,0.2478929102627665,0.3148239960337134,0.04685176003966286,0.08626673277144274,0.08626673277144274,0.2580565195835399,0.10064452156668319,0.25111551809618243,0.07932573128408528
OPTIMAL_GREEDY_10,0.22905304908279622,0.13634110064452157,0.16534457114526524,0.22657411998016858,0.17426871591472484,0.1856717897868121,0.03346554288547347,0.06519583539910759,0.14253842340109074,0.14328210213187903,0.16212196331184928,1.0,0.7201289043133366,0.251611303916708,0.16534457114526524,0.2959841348537432,0.22954883490332176,0.23054040654437283,0.3445711452652454,0.2816063460585027,0.20079325731284084,0.24863658899355479,0.07907783837382251,0.13113534952900346,0.2672285572632623,0.14154685176003967,0.16187407040158652,0.17253346554288548,0.18765493306891423,0.18170550322260784,0.06817055032226078,0.24541398116013882,0.15418939018344074,0.17327714427367377,0.24467030242935053,0.1650966782350025,0.2263262270699058
OPTIMAL_GREEDY_20,0.22533465542885472,0.1271690629647992,0.1574119980168567,0.21269211700545365,0.17327714427367377,0.18517600396628656,0.02949925632126921,0.06122954883490332,0.13981160138820029,0.14377788795240456,0.15518096182449181,0.7201289043133366,1.0,0.2543381259295984,0.1574119980168567,0.2987109568666336,0.2248388696083292,0.2345066931085771,0.3406048587010411,0.26574119980168565,0.19955379276152702,0.23847297967278136,0.07709469509172037,0.124194348041646,0.2508676251859197,0.14154685176003967,0.16980664352999505,0.1812097174020823,0.1923648983639068,0.180466038671294,0.06990580069410014,0.23698562221120476,0.1499752107089737,0.1685671789786812,0.23698562221120476,0.15939514129895885,0.21244422409519087
PLAYGROUND_BANDIT,0.1271690629647992,0.1420426375805652,0.10163609320773426,0.1331184928111056,0.25384234010907286,0.2714427367377293,0.03470500743678731,0.06023797719385226,0.16435299950421417,0.17575607337630145,0.1826970748636589,0.251611303916708,0.2543381259295984,1.0,0.10163609320773426,0.43976202280614773,0.12741695587506197,0.6457610312345067,0.4918195339613287,0.1856717897868121,0.3140803173029251,0.15815567674764502,0.07932573128408528,0.09048091224590976,0.15691621219633117,0.16534457114526524,0.18542389687654934,0.1901338621715419,0.20252850768468023,0.2553296975706495,0.06916212196331185,0.10882498760535449,0.10808130887456618,0.23277144273673772,0.14848785324739713,0.22434308378780368,0.13287059990084282
PLAYGROUND_GRAPH_DENSITY,0.12692117005453643,0.08676251859196826,1.0,0.15245413981160139,0.06742687159147248,0.07783837382250867,0.06941001487357462,0.05453644025780863,0.05999008428358949,0.0532969757064948,0.06569162121963312,0.16534457114526524,0.1574119980168567,0.10163609320773426,1.0,0.0946950917203768,0.1271690629647992,0.07734258800198314,0.12890431333663857,0.20897372335151215,0.10262766484878533,0.1722855726326227,0.08651462568170551,0.09667823500247893,0.20252850768468023,0.07560733763014378,0.06544372830937036,0.06544372830937036,0.06841844323252355,0.06618740704015866,0.057263262270699056,0.14253842340109074,0.1450173525037184,0.06172533465542886,0.17947446703024295,0.06420426375805652,0.15245413981160139
PLAYGROUND_INFORMATIVE_DIVERSE,0.14328210213187903,0.1442736737729301,0.0946950917203768,0.14823996033713435,0.2337630143777888,0.24169558750619732,0.02751611303916708,0.058750619732275654,0.20228061477441744,0.2107089737233515,0.2255825483391175,0.2959841348537432,0.2987109568666336,0.43976202280614773,0.0946950917203768,1.0,0.14352999504214178,0.4541398116013882,0.43554784333168073,0.17402082300446206,0.27689638076351014,0.15939514129895885,0.08676251859196826,0.09593455627169063,0.1628656420426376,0.14774417451660882,0.2035200793257313,0.21690629647992068,0.2315319781854239,0.2188894397620228,0.07015369360436291,0.13287059990084282,0.11700545364402579,0.21219633118492812,0.16311353495290035,0.1983143282102132,0.1479920674268716
PLAYGROUND_KCENTER_GREEDY,0.9992563212692117,0.13782845810609817,0.1271690629647992,0.12840852751611304,0.0961824491819534,0.0946950917203768,0.04338125929598413,0.09122459097669806,0.06817055032226078,0.07064947942488845,0.07635101636093208,0.22954883490332176,0.2248388696083292,0.12741695587506197,0.1271690629647992,0.14352999504214178,1.0,0.1028755577590481,0.16608824987605356,0.16683192860684184,0.12518591968269707,0.161378284581061,0.07511155180961825,0.08205255329697571,0.16460089241447695,0.11130391670798215,0.07560733763014378,0.08601883986117997,0.08453148239960337,0.07610312345066932,0.08477937530986614,0.13237481408031732,0.248388696083292,0.07808626673277144,0.13559742191373328,0.07040158651462568,0.12816063460585028
PLAYGROUND_MARGIN,0.10262766484878533,0.1420426375805652,0.07734258800198314,0.11031234506693109,0.30466038671294,0.3542389687654933,0.02949925632126921,0.05503222607833416,0.16212196331184928,0.180466038671294,0.19286068418443233,0.23054040654437283,0.2345066931085771,0.6457610312345067,0.07734258800198314,0.4541398116013882,0.1028755577590481,1.0,0.5285076846802181,0.14402578086266732,0.3034209221616262,0.1308874566187407,0.0842835894893406,0.08973723351512147,0.14030738720872582,0.16782350024789291,0.20029747149231533,0.20971740208230044,0.2240951908775409,0.32771442736737727,0.06792265741199802,0.09395141298958849,0.09395141298958849,0.2788795240456123,0.13212692117005453,0.2583044124938027,0.11006445215666832
PLAYGROUND_MIXTURE,0.16608824987605356,0.15071888943976203,0.12890431333663857,0.16559246405552802,0.24913237481408032,0.2721864154685176,0.03520079325731284,0.06544372830937036,0.1588993554784333,0.1707982151710461,0.18765493306891423,0.3445711452652454,0.3406048587010411,0.4918195339613287,0.12890431333663857,0.43554784333168073,0.16608824987605356,0.5285076846802181,1.0,0.23574615765989093,0.26375805651958356,0.1849281110560238,0.08031730292513634,0.10436291522062469,0.20674268715914726,0.15939514129895885,0.1826970748636589,0.1945959345562717,0.2077342588001983,0.2528507684680218,0.07387208725830441,0.1611303916707982,0.1212196331184928,0.22533465542885472,0.1841844323252355,0.2166584035696579,0.16534457114526524
PLAYGROUND_UNIFORM,0.1665840356965791,0.12270699058006941,0.20897372335151215,0.2803668815071889,0.12667327714427368,0.131631135349529,0.06643529995042141,0.08651462568170551,0.11427863163113534,0.10213187902825979,0.11155180961824492,0.2816063460585027,0.26574119980168565,0.1856717897868121,0.20897372335151215,0.17402082300446206,0.16683192860684184,0.14402578086266732,0.23574615765989093,1.0,0.16162617749132374,0.25409023301933564,0.10708973723351513,0.15691621219633117,0.32126921170054534,0.12022806147744175,0.11725334655428855,0.12295488349033218,0.1301437778879524,0.12543381259295985,0.10114030738720872,0.24293505205751115,0.19038175508180466,0.11303916707982152,0.28656420426375806,0.11179970252850768,0.28011898859692613
SKACTIVEML_COST_EMBEDDING,0.1249380267724343,0.1536936043629152,0.10262766484878533,0.13882002974714924,0.1945959345562717,0.18790282597917699,0.03966286564204264,0.07015369360436291,0.16608824987605356,0.17302925136341102,0.17476450173525038,0.20079325731284084,0.19955379276152702,0.3140803173029251,0.10262766484878533,0.27689638076351014,0.12518591968269707,0.3034209221616262,0.26375805651958356,0.16162617749132374,1.0,0.1707982151710461,0.09742191373326722,0.10188398611799702,0.15666831928606842,0.17426871591472484,0.18368864650470995,0.18815071888943977,0.18765493306891423,0.18096182449181952,0.07238472979672782,0.11576598909271195,0.12295488349033218,0.1841844323252355,0.15840356965790778,0.18368864650470995,0.13882002974714924
SKACTIVEML_DAL,0.16088249876053545,0.124194348041646,0.1722855726326227,0.23574615765989093,0.12345066931085771,0.13039167079821518,0.0458601883986118,0.09072880515617253,0.10684184432325236,0.10089241447694595,0.10832920178482895,0.24863658899355479,0.23847297967278136,0.15815567674764502,0.1722855726326227,0.15939514129895885,0.161378284581061,0.1308874566187407,0.1849281110560238,0.25409023301933564,0.1707982151710461,1.0,0.10560237977193852,0.12469013386217154,0.26103123450669313,0.11626177491323748,0.11378284581060982,0.12022806147744175,0.12072384729796728,0.11031234506693109,0.0917203767972236,0.19261279127416955,0.1722855726326227,0.11254338125929599,0.2508676251859197,0.11403073872087258,0.23574615765989093
SKACTIVEML_DWUS,0.07511155180961825,0.10758552305404065,0.08651462568170551,0.0991571641051066,0.08676251859196826,0.0894893406048587,0.07188894397620228,0.05775904809122459,0.07759048091224591,0.08329201784828955,0.0887456618740704,0.07907783837382251,0.07709469509172037,0.07932573128408528,0.08651462568170551,0.08676251859196826,0.07511155180961825,0.0842835894893406,0.08031730292513634,0.10708973723351513,0.09742191373326722,0.10560237977193852,1.0,0.08750619732275657,0.11874070401586515,0.07982151710461081,0.0887456618740704,0.08998512642538424,0.09444719881011403,0.0805651958353991,0.06544372830937036,0.0961824491819534,0.09271194843827467,0.07833415964303421,0.11328705999008429,0.07858205255329698,0.09890927119484383
SKACTIVEML_QBC,0.08180466038671294,0.07362419434804164,0.09667823500247893,0.13237481408031732,0.06618740704015866,0.07263262270699058,0.06494794248884482,0.07411998016856718,0.04858701041150223,0.04610808130887457,0.05751115518096182,0.13113534952900346,0.124194348041646,0.09048091224590976,0.09667823500247893,0.09593455627169063,0.08205255329697571,0.08973723351512147,0.10436291522062469,0.15691621219633117,0.10188398611799702,0.12469013386217154,0.08750619732275657,1.0,0.1648487853247397,0.11204759543877045,0.05404065443728309,0.05577590480912246,0.06370847793753098,0.06122954883490332,0.09122459097669806,0.13287059990084282,0.0991571641051066,0.054784333168071395,0.14526524541398117,0.053544868616757564,0.13237481408031732
SKACTIVEML_QBC_VOTE_ENTROPY,0.16410510659395142,0.11898859692612791,0.20252850768468023,0.2885473475458602,0.10956866633614279,0.11254338125929599,0.07263262270699058,0.09395141298958849,0.10163609320773426,0.10386712940009915,0.10783341596430342,0.2672285572632623,0.2508676251859197,0.15691621219633117,0.20252850768468023,0.1628656420426376,0.16460089241447695,0.14030738720872582,0.20674268715914726,0.32126921170054534,0.15666831928606842,0.26103123450669313,0.11874070401586515,0.1648487853247397,1.0,0.11303916707982152,0.10808130887456618,0.11279127416955875,0.11626177491323748,0.10386712940009915,0.09122459097669806,0.2508676251859197,0.20649479424888448,0.10188398611799702,0.28656420426375806,0.0991571641051066,0.2882994546355974
SKACTIVEML_QUIRE,0.11130391670798215,0.14005949429846307,0.07560733763014378,0.1036192364898364,0.11378284581060982,0.11254338125929599,0.04858701041150223,0.10882498760535449,0.08750619732275657,0.08651462568170551,0.08180466038671294,0.14154685176003967,0.14154685176003967,0.16534457114526524,0.07560733763014378,0.14774417451660882,0.11130391670798215,0.16782350024789291,0.15939514129895885,0.12022806147744175,0.17426871591472484,0.11626177491323748,0.07982151710461081,0.11204759543877045,0.11303916707982152,1.0,0.09643034209221617,0.0909766980664353,0.0932077342588002,0.09742191373326722,0.10436291522062469,0.0842835894893406,0.11725334655428855,0.10039662865642042,0.11874070401586515,0.10163609320773426,0.1036192364898364
SKACTIVEML_US_ENTROPY,0.07560733763014378,0.1368368864650471,0.06544372830937036,0.08403569657907783,0.2506197322756569,0.21715418939018344,0.02478929102627665,0.0421417947446703,0.25359444719881014,0.21740208230044622,0.18591968269707487,0.16187407040158652,0.16980664352999505,0.18542389687654934,0.06544372830937036,0.2035200793257313,0.07560733763014378,0.20029747149231533,0.1826970748636589,0.11725334655428855,0.18368864650470995,0.11378284581060982,0.0887456618740704,0.05404065443728309,0.10808130887456618,0.09643034209221617,1.0,0.8130887456618741,0.7679722359940506,0.19757064947942488,0.05899851264253842,0.08081308874566187,0.09494298463063956,0.23029251363411007,0.10262766484878533,0.2773921665840357,0.08378780366881507
SKACTIVEML_US_LC,0.0857709469509172,0.13708477937530986,0.06544372830937036,0.08973723351512147,0.2863163113534953,0.23425880019831433,0.025780862667327716,0.04164600892414477,0.20699058006941,0.24962816063460586,0.19905800694100148,0.17253346554288548,0.1812097174020823,0.1901338621715419,0.06544372830937036,0.21690629647992068,0.08601883986117997,0.20971740208230044,0.1945959345562717,0.12295488349033218,0.18815071888943977,0.12022806147744175,0.08998512642538424,0.05577590480912246,0.11279127416955875,0.0909766980664353,0.8130887456618741,1.0,0.7878036688150719,0.21170054536440258,0.05775904809122459,0.08775409023301933,0.0887456618740704,0.26425384234010907,0.10857709469509172,0.22583044124938026,0.0894893406048587
SKACTIVEML_US_MARGIN,0.08453148239960337,0.1383242439266237,0.06841844323252355,0.0932077342588002,0.23648983639067922,0.2816063460585027,0.03024293505205751,0.043877045116509666,0.17550818046603867,0.19856222112047595,0.2478929102627665,0.18765493306891423,0.1923648983639068,0.20252850768468023,0.06841844323252355,0.2315319781854239,0.08453148239960337,0.2240951908775409,0.2077342588001983,0.1301437778879524,0.18765493306891423,0.12072384729796728,0.09444719881011403,0.06370847793753098,0.11626177491323748,0.0932077342588002,0.7679722359940506,0.7878036688150719,1.0,0.26474962816063463,0.05304908279623203,0.08701041150223103,0.08626673277144274,0.2131879028259792,0.11105602379771938,0.19583539910758552,0.09295984134853744
SMALLTEXT_BREAKINGTIES,0.07610312345066932,0.12964799206742686,0.06618740704015866,0.09295984134853744,0.3041646008924145,0.42364898363906794,0.026772434308378782,0.03743182944967774,0.2424392662369856,0.2555775904809122,0.3148239960337134,0.18170550322260784,0.180466038671294,0.2553296975706495,0.06618740704015866,0.2188894397620228,0.07610312345066932,0.32771442736737727,0.2528507684680218,0.12543381259295985,0.18096182449181952,0.11031234506693109,0.0805651958353991,0.06122954883490332,0.10386712940009915,0.09742191373326722,0.19757064947942488,0.21170054536440258,0.26474962816063463,1.0,0.05057015369360436,0.09370352007932573,0.08899355478433317,0.7845810609816559,0.10832920178482895,0.7550818046603868,0.09271194843827467
SMALLTEXT_CONTRASTIVEAL,0.0850272682201289,0.08081308874566187,0.057263262270699056,0.07858205255329698,0.058254833911750126,0.05701536936043629,0.0805651958353991,0.10337134357957363,0.060981655924640554,0.05057015369360436,0.04685176003966286,0.06817055032226078,0.06990580069410014,0.06916212196331185,0.057263262270699056,0.07015369360436291,0.08477937530986614,0.06792265741199802,0.07387208725830441,0.10114030738720872,0.07238472979672782,0.0917203767972236,0.06544372830937036,0.09122459097669806,0.09122459097669806,0.10436291522062469,0.05899851264253842,0.05775904809122459,0.05304908279623203,0.05057015369360436,1.0,0.0984134853743183,0.10386712940009915,0.0532969757064948,0.0924640555280119,0.054784333168071395,0.07858205255329698
SMALLTEXT_EMBEDDINGKMEANS,0.13262270699058007,0.09667823500247893,0.14253842340109074,0.21690629647992068,0.08750619732275657,0.09271194843827467,0.08701041150223103,0.07659890927119484,0.08403569657907783,0.0835399107585523,0.08626673277144274,0.24541398116013882,0.23698562221120476,0.10882498760535449,0.14253842340109074,0.13287059990084282,0.13237481408031732,0.09395141298958849,0.1611303916707982,0.24293505205751115,0.11576598909271195,0.19261279127416955,0.0961824491819534,0.13287059990084282,0.2508676251859197,0.0842835894893406,0.08081308874566187,0.08775409023301933,0.08701041150223103,0.09370352007932573,0.0984134853743183,1.0,0.15964303420922163,0.08527516113039167,0.24293505205751115,0.08378780366881507,0.2166584035696579
SMALLTEXT_GREEDYCORESET,0.24814080317302925,0.12320277640059495,0.1450173525037184,0.17327714427367377,0.10064452156668319,0.10039662865642042,0.045364402578086264,0.09048091224590976,0.08651462568170551,0.08378780366881507,0.08626673277144274,0.15418939018344074,0.1499752107089737,0.10808130887456618,0.1450173525037184,0.11700545364402579,0.248388696083292,0.09395141298958849,0.1212196331184928,0.19038175508180466,0.12295488349033218,0.1722855726326227,0.09271194843827467,0.0991571641051066,0.20649479424888448,0.11725334655428855,0.09494298463063956,0.0887456618740704,0.08626673277144274,0.08899355478433317,0.10386712940009915,0.15964303420922163,1.0,0.09048091224590976,0.18468021814576102,0.09395141298958849,0.17327714427367377
SMALLTEXT_LEASTCONFIDENCE,0.07783837382250867,0.13857213683688646,0.06172533465542886,0.09395141298958849,0.4298463063956371,0.3068914229053049,0.02057511155180962,0.03817550818046604,0.2704511650966782,0.3158155676747645,0.2580565195835399,0.17327714427367377,0.1685671789786812,0.23277144273673772,0.06172533465542886,0.21219633118492812,0.07808626673277144,0.2788795240456123,0.22533465542885472,0.11303916707982152,0.1841844323252355,0.11254338125929599,0.07833415964303421,0.054784333168071395,0.10188398611799702,0.10039662865642042,0.23029251363411007,0.26425384234010907,0.2131879028259792,0.7845810609816559,0.0532969757064948,0.08527516113039167,0.09048091224590976,1.0,0.10039662865642042,0.8113534952900348,0.09370352007932573
SMALLTEXT_LIGHTWEIGHTCORESET,0.13510163609320774,0.12543381259295985,0.17947446703024295,0.2583044124938027,0.11031234506693109,0.11774913237481408,0.05676747645017353,0.10312345066931086,0.09072880515617253,0.09196826970748637,0.10064452156668319,0.24467030242935053,0.23698562221120476,0.14848785324739713,0.17947446703024295,0.16311353495290035,0.13559742191373328,0.13212692117005453,0.1841844323252355,0.28656420426375806,0.15840356965790778,0.2508676251859197,0.11328705999008429,0.14526524541398117,0.28656420426375806,0.11874070401586515,0.10262766484878533,0.10857709469509172,0.11105602379771938,0.10832920178482895,0.0924640555280119,0.24293505205751115,0.18468021814576102,0.10039662865642042,1.0,0.09494298463063956,0.2580565195835399
SMALLTEXT_PREDICTIONENTROPY,0.07040158651462568,0.13658899355478432,0.06420426375805652,0.0880019831432821,0.33093703520079326,0.28383738225086763,0.023054040654437283,0.03991075855230541,0.3143282102131879,0.28284581060981656,0.25111551809618243,0.1650966782350025,0.15939514129895885,0.22434308378780368,0.06420426375805652,0.1983143282102132,0.07040158651462568,0.2583044124938027,0.2166584035696579,0.11179970252850768,0.18368864650470995,0.11403073872087258,0.07858205255329698,0.053544868616757564,0.0991571641051066,0.10163609320773426,0.2773921665840357,0.22583044124938026,0.19583539910758552,0.7550818046603868,0.054784333168071395,0.08378780366881507,0.09395141298958849,0.8113534952900348,0.09494298463063956,1.0,0.0880019831432821
SMALLTEXT_RANDOM,0.12840852751611304,0.10138820029747149,0.15245413981160139,0.9997521070897373,0.09866137828458106,0.0999008428358949,0.05577590480912246,0.08304412493802678,0.07759048091224591,0.07337630143777887,0.07932573128408528,0.2263262270699058,0.21244422409519087,0.13287059990084282,0.15245413981160139,0.1479920674268716,0.12816063460585028,0.11006445215666832,0.16534457114526524,0.28011898859692613,0.13882002974714924,0.23574615765989093,0.09890927119484383,0.13237481408031732,0.2882994546355974,0.1036192364898364,0.08378780366881507,0.0894893406048587,0.09295984134853744,0.09271194843827467,0.07858205255329698,0.2166584035696579,0.17327714427367377,0.09370352007932573,0.2580565195835399,0.0880019831432821,1.0
