,ALIPY_CORESET_GREEDY,ALIPY_DENSITY_WEIGHTED,ALIPY_GRAPH_DENSITY,ALIPY_RANDOM,ALIPY_UNCERTAINTY_LC,ALIPY_UNCERTAINTY_MM,LIBACT_DWUS,LIBACT_QUIRE,LIBACT_UNCERTAINTY_ENT,LIBACT_UNCERTAINTY_LC,LIBACT_UNCERTAINTY_SM,OPTIMAL_GREEDY_10,OPTIMAL_GREEDY_20,PLAYGROUND_BANDIT,PLAYGROUND_GRAPH_DENSITY,PLAYGROUND_INFORMATIVE_DIVERSE,PLAYGROUND_KCENTER_GREEDY,PLAYGROUND_MARGIN,PLAYGROUND_MIXTURE,PLAYGROUND_UNIFORM,SKACTIVEML_COST_EMBEDDING,SKACTIVEML_DAL,SKACTIVEML_DWUS,SKACTIVEML_QBC,SKACTIVEML_QBC_VOTE_ENTROPY,SKACTIVEML_QUIRE,SKACTIVEML_US_ENTROPY,SKACTIVEML_US_LC,SKACTIVEML_US_MARGIN,SMALLTEXT_BREAKINGTIES,SMALLTEXT_CONTRASTIVEAL,SMALLTEXT_EMBEDDINGKMEANS,SMALLTEXT_GREEDYCORESET,SMALLTEXT_LEASTCONFIDENCE,SMALLTEXT_LIGHTWEIGHTCORESET,SMALLTEXT_PREDICTIONENTROPY,SMALLTEXT_RANDOM
ALIPY_CORESET_GREEDY,1.0,0.12394645513138325,0.0961824491819534,0.10213187902825979,0.08453148239960337,0.0835399107585523,0.08155676747645017,0.11204759543877045,0.06519583539910759,0.06494794248884482,0.06693108577094695,0.1819533961328706,0.18988596926127913,0.08924144769459594,0.0961824491819534,0.12146752602875557,1.0,0.08378780366881507,0.12345066931085771,0.1487357461576599,0.11204759543877045,0.1494794248884482,0.09048091224590976,0.11675756073376302,0.15642042637580567,0.12245909766980664,0.06817055032226078,0.07263262270699058,0.07089737233515121,0.07411998016856718,0.0961824491819534,0.1499752107089737,0.1938522558254834,0.07585523054040655,0.14675260287555775,0.07238472979672782,0.10213187902825979
ALIPY_DENSITY_WEIGHTED,0.12394645513138325,1.0,0.09444719881011403,0.10609816559246406,0.13187902825979178,0.13063956370847793,0.13857213683688646,0.15642042637580567,0.10386712940009915,0.10832920178482895,0.10808130887456618,0.18691125433812594,0.19657907783837383,0.1331184928111056,0.09444719881011403,0.1353495290034705,0.12394645513138325,0.12146752602875557,0.14253842340109074,0.16410510659395142,0.14377788795240456,0.1752602875557759,0.15790778383738224,0.12865642042637582,0.1591472483886961,0.18393653941497273,0.11923648983639068,0.11750123946455131,0.11725334655428855,0.11923648983639068,0.11849281110560238,0.1665840356965791,0.16782350024789291,0.11973227565691621,0.15865146256817056,0.11576598909271195,0.10609816559246406
ALIPY_GRAPH_DENSITY,0.0961824491819534,0.09444719881011403,1.0,0.13882002974714924,0.07759048091224591,0.08230044620723848,0.13882002974714924,0.07783837382250867,0.06519583539910759,0.06296479920674268,0.07362419434804164,0.20996529499256322,0.20699058006941,0.10932077342588002,1.0,0.11477441745166088,0.0961824491819534,0.08998512642538424,0.13733267228557264,0.1945959345562717,0.11155180961824492,0.16187407040158652,0.15047099652949925,0.15220624690133863,0.19484382746653445,0.09196826970748637,0.06618740704015866,0.06916212196331185,0.0768468021814576,0.07833415964303421,0.09568666336142786,0.2035200793257313,0.14923153197818542,0.06643529995042141,0.18393653941497273,0.06643529995042141,0.13882002974714924
ALIPY_RANDOM,0.10213187902825979,0.10609816559246406,0.13882002974714924,1.0,0.08552305404065444,0.09766980664352999,0.12890431333663857,0.10014873574615767,0.06841844323252355,0.06866633614278632,0.07759048091224591,0.2583044124938027,0.25731284085275163,0.12221120475954388,0.13882002974714924,0.14724838869608328,0.10213187902825979,0.11328705999008429,0.16732771442736738,0.22905304908279622,0.12890431333663857,0.2020327218641547,0.1264253842340109,0.1665840356965791,0.23797719385225583,0.11551809618244918,0.08651462568170551,0.08626673277144274,0.09866137828458106,0.08378780366881507,0.11279127416955875,0.2389687654933069,0.13857213683688646,0.07486365889935548,0.22136836886465047,0.07511155180961825,1.0
ALIPY_UNCERTAINTY_LC,0.08453148239960337,0.13187902825979178,0.07759048091224591,0.08552305404065444,1.0,0.7454139811601388,0.09890927119484383,0.09345562716906297,0.1249380267724343,0.15840356965790778,0.11750123946455131,0.16807139315815567,0.16881507188894398,0.18988596926127913,0.07759048091224591,0.14328210213187903,0.08453148239960337,0.214427367377293,0.16782350024789291,0.15642042637580567,0.14551313832424392,0.15270203272186417,0.1353495290034705,0.11675756073376302,0.161378284581061,0.12766484878532475,0.15592464055528013,0.17575607337630145,0.13807635101636093,0.21690629647992068,0.09890927119484383,0.14452156668319285,0.11973227565691621,0.3485374318294497,0.1479920674268716,0.23797719385225583,0.08552305404065444
ALIPY_UNCERTAINTY_MM,0.0835399107585523,0.13063956370847793,0.08230044620723848,0.09766980664352999,0.7454139811601388,1.0,0.11006445215666832,0.09494298463063956,0.10832920178482895,0.11576598909271195,0.16311353495290035,0.17798710956866634,0.17922657411998016,0.21393158155676748,0.08230044620723848,0.14848785324739713,0.0835399107585523,0.27937530986613784,0.1938522558254834,0.16236985622211206,0.14229053049082796,0.15691621219633117,0.13708477937530986,0.12072384729796728,0.1626177491323748,0.13063956370847793,0.13063956370847793,0.13063956370847793,0.17848289538919188,0.3455627169062965,0.0999008428358949,0.1536936043629152,0.124194348041646,0.21492315319781854,0.15294992563212692,0.19211700545364402,0.09766980664352999
LIBACT_DWUS,0.08155676747645017,0.13857213683688646,0.13882002974714924,0.12890431333663857,0.09890927119484383,0.11006445215666832,1.0,0.11874070401586515,0.07907783837382251,0.08081308874566187,0.08998512642538424,0.19881011403073873,0.1960832920178483,0.11378284581060982,0.13882002974714924,0.11700545364402579,0.08155676747645017,0.1036192364898364,0.12592959841348536,0.17575607337630145,0.1331184928111056,0.17030242935052056,0.1797223599405057,0.16088249876053545,0.19261279127416955,0.12741695587506197,0.08081308874566187,0.08155676747645017,0.09196826970748637,0.09196826970748637,0.12766484878532475,0.19583539910758552,0.14724838869608328,0.08081308874566187,0.1722855726326227,0.08453148239960337,0.12890431333663857
LIBACT_QUIRE,0.11204759543877045,0.15642042637580567,0.07783837382250867,0.10014873574615767,0.09345562716906297,0.09494298463063956,0.11874070401586515,1.0,0.06296479920674268,0.06519583539910759,0.06965790778383739,0.14600892414476946,0.153941497273178,0.09519087754090233,0.07783837382250867,0.10411502231036192,0.11204759543877045,0.08701041150223103,0.10560237977193852,0.1450173525037184,0.10708973723351513,0.1405552801189886,0.12295488349033218,0.11998016856717898,0.13882002974714924,0.14923153197818542,0.07759048091224591,0.08006941001487357,0.08279623202776401,0.07585523054040655,0.12543381259295985,0.13658899355478432,0.15096678235002478,0.07312840852751612,0.13584531482399603,0.07486365889935548,0.10014873574615767
LIBACT_UNCERTAINTY_ENT,0.06519583539910759,0.10386712940009915,0.06519583539910759,0.06841844323252355,0.1249380267724343,0.10832920178482895,0.07907783837382251,0.06296479920674268,1.0,0.7873078829945463,0.7362419434804165,0.12865642042637582,0.13361427863163114,0.09816559246405553,0.06519583539910759,0.12766484878532475,0.06519583539910759,0.08973723351512147,0.090233019335647,0.11279127416955875,0.10808130887456618,0.1036192364898364,0.11551809618244918,0.09221616261774913,0.11948438274665345,0.08924144769459594,0.16187407040158652,0.12196331184928111,0.10138820029747149,0.146504709965295,0.07436787307882994,0.10857709469509172,0.09816559246405553,0.16807139315815567,0.11056023797719385,0.20897372335151215,0.06841844323252355
LIBACT_UNCERTAINTY_LC,0.06494794248884482,0.10832920178482895,0.06296479920674268,0.06866633614278632,0.15840356965790778,0.11576598909271195,0.08081308874566187,0.06519583539910759,0.7873078829945463,1.0,0.7595438770451165,0.12617749132374814,0.12766484878532475,0.10510659395141299,0.06296479920674268,0.13411006445215667,0.06494794248884482,0.09742191373326722,0.09072880515617253,0.10932077342588002,0.10907288051561725,0.1036192364898364,0.11650966782350025,0.09221616261774913,0.11923648983639068,0.08899355478433317,0.12890431333663857,0.15666831928606842,0.11750123946455131,0.153941497273178,0.07659890927119484,0.10783341596430342,0.09419930589985126,0.19657907783837383,0.11130391670798215,0.16807139315815567,0.06866633614278632
LIBACT_UNCERTAINTY_SM,0.06693108577094695,0.10808130887456618,0.07362419434804164,0.07759048091224591,0.11750123946455131,0.16311353495290035,0.08998512642538424,0.06965790778383739,0.7362419434804165,0.7595438770451165,1.0,0.14105106593951414,0.14551313832424392,0.10461080813088745,0.07362419434804164,0.14253842340109074,0.06693108577094695,0.10114030738720872,0.1028755577590481,0.12097174020823004,0.11303916707982152,0.11527020327218641,0.1308874566187407,0.10014873574615767,0.13113534952900346,0.0924640555280119,0.11080813088745661,0.10783341596430342,0.1588993554784333,0.2020327218641547,0.07436787307882994,0.11849281110560238,0.09766980664352999,0.15592464055528013,0.12146752602875557,0.15071888943976203,0.07759048091224591
OPTIMAL_GREEDY_10,0.1819533961328706,0.18691125433812594,0.20996529499256322,0.2583044124938027,0.16807139315815567,0.17798710956866634,0.19881011403073873,0.14600892414476946,0.12865642042637582,0.12617749132374814,0.14105106593951414,1.0,0.6127912741695587,0.19781854238968766,0.20996529499256322,0.2300446207238473,0.1819533961328706,0.17798710956866634,0.2677243430837878,0.36365889935547846,0.19261279127416955,0.3222607833415964,0.20228061477441744,0.26747645017352506,0.36415468517600397,0.18790282597917699,0.1487357461576599,0.15146256817055032,0.1588993554784333,0.1576598909271195,0.16931085770946952,0.4053049082796232,0.22954883490332176,0.14551313832424392,0.3366385721368369,0.14105106593951414,0.2583044124938027
OPTIMAL_GREEDY_20,0.18988596926127913,0.19657907783837383,0.20699058006941,0.25731284085275163,0.16881507188894398,0.17922657411998016,0.1960832920178483,0.153941497273178,0.13361427863163114,0.12766484878532475,0.14551313832424392,0.6127912741695587,1.0,0.18963807635101637,0.20699058006941,0.2300446207238473,0.18988596926127913,0.16534457114526524,0.2583044124938027,0.35820525532969755,0.19038175508180466,0.32498760535448684,0.1980664352999504,0.2669806643529995,0.3705999008428359,0.1968269707486366,0.15319781854238967,0.15617253346554288,0.16608824987605356,0.15468517600396628,0.17327714427367377,0.40555280118988596,0.23648983639067922,0.14476945959345563,0.34209221616261776,0.14377788795240456,0.25731284085275163
PLAYGROUND_BANDIT,0.08924144769459594,0.1331184928111056,0.10932077342588002,0.12221120475954388,0.18988596926127913,0.21393158155676748,0.11378284581060982,0.09519087754090233,0.09816559246405553,0.10510659395141299,0.10461080813088745,0.19781854238968766,0.18963807635101637,1.0,0.10932077342588002,0.3740704015865146,0.08924144769459594,0.6343579573624194,0.40059494298463066,0.1980664352999504,0.25334655428854735,0.16782350024789291,0.139067922657412,0.15989092711948438,0.1789786812097174,0.1665840356965791,0.1271690629647992,0.12741695587506197,0.13584531482399603,0.19484382746653445,0.10560237977193852,0.1648487853247397,0.13733267228557264,0.16980664352999505,0.1774913237481408,0.15939514129895885,0.12221120475954388
PLAYGROUND_GRAPH_DENSITY,0.0961824491819534,0.09444719881011403,1.0,0.13882002974714924,0.07759048091224591,0.08230044620723848,0.13882002974714924,0.07783837382250867,0.06519583539910759,0.06296479920674268,0.07362419434804164,0.20996529499256322,0.20699058006941,0.10932077342588002,1.0,0.11477441745166088,0.0961824491819534,0.08998512642538424,0.13733267228557264,0.1945959345562717,0.11155180961824492,0.16187407040158652,0.15047099652949925,0.15220624690133863,0.19484382746653445,0.09196826970748637,0.06618740704015866,0.06916212196331185,0.0768468021814576,0.07833415964303421,0.09568666336142786,0.2035200793257313,0.14923153197818542,0.06643529995042141,0.18393653941497273,0.06643529995042141,0.13882002974714924
PLAYGROUND_INFORMATIVE_DIVERSE,0.12146752602875557,0.1353495290034705,0.11477441745166088,0.14724838869608328,0.14328210213187903,0.14848785324739713,0.11700545364402579,0.10411502231036192,0.12766484878532475,0.13411006445215667,0.14253842340109074,0.2300446207238473,0.2300446207238473,0.3740704015865146,0.11477441745166088,1.0,0.12146752602875557,0.35027268220128904,0.35101636093207733,0.20996529499256322,0.1960832920178483,0.18294496777392166,0.15047099652949925,0.15294992563212692,0.2129400099157164,0.161378284581061,0.1249380267724343,0.12394645513138325,0.13212692117005453,0.13187902825979178,0.10882498760535449,0.20228061477441744,0.14675260287555775,0.12444224095190877,0.19533961328705998,0.12394645513138325,0.14724838869608328
PLAYGROUND_KCENTER_GREEDY,1.0,0.12394645513138325,0.0961824491819534,0.10213187902825979,0.08453148239960337,0.0835399107585523,0.08155676747645017,0.11204759543877045,0.06519583539910759,0.06494794248884482,0.06693108577094695,0.1819533961328706,0.18988596926127913,0.08924144769459594,0.0961824491819534,0.12146752602875557,1.0,0.08378780366881507,0.12345066931085771,0.1487357461576599,0.11204759543877045,0.1494794248884482,0.09048091224590976,0.11675756073376302,0.15642042637580567,0.12245909766980664,0.06817055032226078,0.07263262270699058,0.07089737233515121,0.07411998016856718,0.0961824491819534,0.1499752107089737,0.1938522558254834,0.07585523054040655,0.14675260287555775,0.07238472979672782,0.10213187902825979
PLAYGROUND_MARGIN,0.08378780366881507,0.12146752602875557,0.08998512642538424,0.11328705999008429,0.214427367377293,0.27937530986613784,0.1036192364898364,0.08701041150223103,0.08973723351512147,0.09742191373326722,0.10114030738720872,0.17798710956866634,0.16534457114526524,0.6343579573624194,0.08998512642538424,0.35027268220128904,0.08378780366881507,1.0,0.48686167575607336,0.17253346554288548,0.21616261774913237,0.15691621219633117,0.1256817055032226,0.13956370847793753,0.16187407040158652,0.15195835399107585,0.10783341596430342,0.11179970252850768,0.12221120475954388,0.2630143777887952,0.10634605850272683,0.15146256817055032,0.12840852751611304,0.20128904313336637,0.1591472483886961,0.180466038671294,0.11328705999008429
PLAYGROUND_MIXTURE,0.12345066931085771,0.14253842340109074,0.13733267228557264,0.16732771442736738,0.16782350024789291,0.1938522558254834,0.12592959841348536,0.10560237977193852,0.090233019335647,0.09072880515617253,0.1028755577590481,0.2677243430837878,0.2583044124938027,0.40059494298463066,0.13733267228557264,0.35101636093207733,0.12345066931085771,0.48686167575607336,1.0,0.2528507684680218,0.18294496777392166,0.20302429350520576,0.1368368864650471,0.16534457114526524,0.2345066931085771,0.1494794248884482,0.11378284581060982,0.11179970252850768,0.12394645513138325,0.17674764501735252,0.11527020327218641,0.236737729300942,0.15294992563212692,0.14700049578582053,0.2131879028259792,0.13782845810609817,0.16732771442736738
PLAYGROUND_UNIFORM,0.1487357461576599,0.16410510659395142,0.1945959345562717,0.22905304908279622,0.15642042637580567,0.16236985622211206,0.17575607337630145,0.1450173525037184,0.11279127416955875,0.10932077342588002,0.12097174020823004,0.36365889935547846,0.35820525532969755,0.1980664352999504,0.1945959345562717,0.20996529499256322,0.1487357461576599,0.17253346554288548,0.2528507684680218,1.0,0.1760039662865642,0.2818542389687655,0.17352503718393653,0.2255825483391175,0.3111056023797719,0.1707982151710461,0.13212692117005453,0.13435795736241943,0.15146256817055032,0.1457610312345067,0.15691621219633117,0.31755081804660384,0.20327218641546851,0.1353495290034705,0.2778879524045612,0.13039167079821518,0.22905304908279622
SKACTIVEML_COST_EMBEDDING,0.11204759543877045,0.14377788795240456,0.11155180961824492,0.12890431333663857,0.14551313832424392,0.14229053049082796,0.1331184928111056,0.10708973723351513,0.10808130887456618,0.10907288051561725,0.11303916707982152,0.19261279127416955,0.19038175508180466,0.25334655428854735,0.11155180961824492,0.1960832920178483,0.11204759543877045,0.21616261774913237,0.18294496777392166,0.1760039662865642,1.0,0.17575607337630145,0.14774417451660882,0.1450173525037184,0.17873078829945463,0.19162121963311848,0.13212692117005453,0.131631135349529,0.13510163609320774,0.12592959841348536,0.1212196331184928,0.17625185919682698,0.14749628160634606,0.1249380267724343,0.1760039662865642,0.1279127416955875,0.12890431333663857
SKACTIVEML_DAL,0.1494794248884482,0.1752602875557759,0.16187407040158652,0.2020327218641547,0.15270203272186417,0.15691621219633117,0.17030242935052056,0.1405552801189886,0.1036192364898364,0.1036192364898364,0.11527020327218641,0.3222607833415964,0.32498760535448684,0.16782350024789291,0.16187407040158652,0.18294496777392166,0.1494794248884482,0.15691621219633117,0.20302429350520576,0.2818542389687655,0.17575607337630145,1.0,0.18244918195339613,0.20277640059494298,0.28730788299454635,0.17575607337630145,0.13931581556767478,0.14476945959345563,0.15493306891422906,0.13584531482399603,0.16236985622211206,0.2746653445711453,0.20624690133862172,0.1271690629647992,0.26003966286564206,0.12543381259295985,0.2020327218641547
SKACTIVEML_DWUS,0.09048091224590976,0.15790778383738224,0.15047099652949925,0.1264253842340109,0.1353495290034705,0.13708477937530986,0.1797223599405057,0.12295488349033218,0.11551809618244918,0.11650966782350025,0.1308874566187407,0.20228061477441744,0.1980664352999504,0.139067922657412,0.15047099652949925,0.15047099652949925,0.09048091224590976,0.1256817055032226,0.1368368864650471,0.17352503718393653,0.14774417451660882,0.18244918195339613,1.0,0.1626177491323748,0.20079325731284084,0.15617253346554288,0.12146752602875557,0.12394645513138325,0.1346058502726822,0.11601388200297472,0.13113534952900346,0.2020327218641547,0.153941497273178,0.10808130887456618,0.1893901834407536,0.11056023797719385,0.1264253842340109
SKACTIVEML_QBC,0.11675756073376302,0.12865642042637582,0.15220624690133863,0.1665840356965791,0.11675756073376302,0.12072384729796728,0.16088249876053545,0.11998016856717898,0.09221616261774913,0.09221616261774913,0.10014873574615767,0.26747645017352506,0.2669806643529995,0.15989092711948438,0.15220624690133863,0.15294992563212692,0.11675756073376302,0.13956370847793753,0.16534457114526524,0.2255825483391175,0.1450173525037184,0.20277640059494298,0.1626177491323748,1.0,0.2545860188398612,0.15468517600396628,0.11403073872087258,0.11700545364402579,0.12270699058006941,0.10733763014377788,0.13584531482399603,0.2404561229548835,0.161378284581061,0.10014873574615767,0.21269211700545365,0.10163609320773426,0.1665840356965791
SKACTIVEML_QBC_VOTE_ENTROPY,0.15642042637580567,0.1591472483886961,0.19484382746653445,0.23797719385225583,0.161378284581061,0.1626177491323748,0.19261279127416955,0.13882002974714924,0.11948438274665345,0.11923648983639068,0.13113534952900346,0.36415468517600397,0.3705999008428359,0.1789786812097174,0.19484382746653445,0.2129400099157164,0.15642042637580567,0.16187407040158652,0.2345066931085771,0.3111056023797719,0.17873078829945463,0.28730788299454635,0.20079325731284084,0.2545860188398612,1.0,0.1752602875557759,0.1427863163113535,0.14476945959345563,0.15096678235002478,0.13361427863163114,0.16236985622211206,0.3289538919186911,0.20847793753098662,0.12989588497768964,0.29920674268715913,0.12469013386217154,0.23797719385225583
SKACTIVEML_QUIRE,0.12245909766980664,0.18393653941497273,0.09196826970748637,0.11551809618244918,0.12766484878532475,0.13063956370847793,0.12741695587506197,0.14923153197818542,0.08924144769459594,0.08899355478433317,0.0924640555280119,0.18790282597917699,0.1968269707486366,0.1665840356965791,0.09196826970748637,0.161378284581061,0.12245909766980664,0.15195835399107585,0.1494794248884482,0.1707982151710461,0.19162121963311848,0.17575607337630145,0.15617253346554288,0.15468517600396628,0.1752602875557759,1.0,0.11056023797719385,0.10758552305404065,0.11279127416955875,0.11105602379771938,0.13138324243926625,0.16831928606841845,0.18071393158155677,0.11130391670798215,0.1715418939018344,0.1065939514129896,0.11551809618244918
SKACTIVEML_US_ENTROPY,0.06817055032226078,0.11923648983639068,0.06618740704015866,0.08651462568170551,0.15592464055528013,0.13063956370847793,0.08081308874566187,0.07759048091224591,0.16187407040158652,0.12890431333663857,0.11080813088745661,0.1487357461576599,0.15319781854238967,0.1271690629647992,0.06618740704015866,0.1249380267724343,0.06817055032226078,0.10783341596430342,0.11378284581060982,0.13212692117005453,0.13212692117005453,0.13931581556767478,0.12146752602875557,0.11403073872087258,0.1427863163113535,0.11056023797719385,1.0,0.7835894893406049,0.7416955875061974,0.10808130887456618,0.09519087754090233,0.13187902825979178,0.11750123946455131,0.1368368864650471,0.12816063460585028,0.17848289538919188,0.08651462568170551
SKACTIVEML_US_LC,0.07263262270699058,0.11750123946455131,0.06916212196331185,0.08626673277144274,0.17575607337630145,0.13063956370847793,0.08155676747645017,0.08006941001487357,0.12196331184928111,0.15666831928606842,0.10783341596430342,0.15146256817055032,0.15617253346554288,0.12741695587506197,0.06916212196331185,0.12394645513138325,0.07263262270699058,0.11179970252850768,0.11179970252850768,0.13435795736241943,0.131631135349529,0.14476945959345563,0.12394645513138325,0.11700545364402579,0.14476945959345563,0.10758552305404065,0.7835894893406049,1.0,0.7560733763014378,0.11527020327218641,0.09048091224590976,0.13212692117005453,0.11675756073376302,0.16460089241447695,0.1308874566187407,0.1353495290034705,0.08626673277144274
SKACTIVEML_US_MARGIN,0.07089737233515121,0.11725334655428855,0.0768468021814576,0.09866137828458106,0.13807635101636093,0.17848289538919188,0.09196826970748637,0.08279623202776401,0.10138820029747149,0.11750123946455131,0.1588993554784333,0.1588993554784333,0.16608824987605356,0.13584531482399603,0.0768468021814576,0.13212692117005453,0.07089737233515121,0.12221120475954388,0.12394645513138325,0.15146256817055032,0.13510163609320774,0.15493306891422906,0.1346058502726822,0.12270699058006941,0.15096678235002478,0.11279127416955875,0.7416955875061974,0.7560733763014378,1.0,0.161378284581061,0.08775409023301933,0.14377788795240456,0.11973227565691621,0.11849281110560238,0.13882002974714924,0.11080813088745661,0.09866137828458106
SMALLTEXT_BREAKINGTIES,0.07411998016856718,0.11923648983639068,0.07833415964303421,0.08378780366881507,0.21690629647992068,0.3455627169062965,0.09196826970748637,0.07585523054040655,0.146504709965295,0.153941497273178,0.2020327218641547,0.1576598909271195,0.15468517600396628,0.19484382746653445,0.07833415964303421,0.13187902825979178,0.07411998016856718,0.2630143777887952,0.17674764501735252,0.1457610312345067,0.12592959841348536,0.13584531482399603,0.11601388200297472,0.10733763014377788,0.13361427863163114,0.11105602379771938,0.10808130887456618,0.11527020327218641,0.161378284581061,1.0,0.08973723351512147,0.12964799206742686,0.11527020327218641,0.7508676251859197,0.13782845810609817,0.7345066931085771,0.08378780366881507
SMALLTEXT_CONTRASTIVEAL,0.0961824491819534,0.11849281110560238,0.09568666336142786,0.11279127416955875,0.09890927119484383,0.0999008428358949,0.12766484878532475,0.12543381259295985,0.07436787307882994,0.07659890927119484,0.07436787307882994,0.16931085770946952,0.17327714427367377,0.10560237977193852,0.09568666336142786,0.10882498760535449,0.0961824491819534,0.10634605850272683,0.11527020327218641,0.15691621219633117,0.1212196331184928,0.16236985622211206,0.13113534952900346,0.13584531482399603,0.16236985622211206,0.13138324243926625,0.09519087754090233,0.09048091224590976,0.08775409023301933,0.08973723351512147,1.0,0.15666831928606842,0.15592464055528013,0.09147248388696083,0.1588993554784333,0.09271194843827467,0.11279127416955875
SMALLTEXT_EMBEDDINGKMEANS,0.1499752107089737,0.1665840356965791,0.2035200793257313,0.2389687654933069,0.14452156668319285,0.1536936043629152,0.19583539910758552,0.13658899355478432,0.10857709469509172,0.10783341596430342,0.11849281110560238,0.4053049082796232,0.40555280118988596,0.1648487853247397,0.2035200793257313,0.20228061477441744,0.1499752107089737,0.15146256817055032,0.236737729300942,0.31755081804660384,0.17625185919682698,0.2746653445711453,0.2020327218641547,0.2404561229548835,0.3289538919186911,0.16831928606841845,0.13187902825979178,0.13212692117005453,0.14377788795240456,0.12964799206742686,0.15666831928606842,1.0,0.20128904313336637,0.12270699058006941,0.3073872087258304,0.12097174020823004,0.2389687654933069
SMALLTEXT_GREEDYCORESET,0.1938522558254834,0.16782350024789291,0.14923153197818542,0.13857213683688646,0.11973227565691621,0.124194348041646,0.14724838869608328,0.15096678235002478,0.09816559246405553,0.09419930589985126,0.09766980664352999,0.22954883490332176,0.23648983639067922,0.13733267228557264,0.14923153197818542,0.14675260287555775,0.1938522558254834,0.12840852751611304,0.15294992563212692,0.20327218641546851,0.14749628160634606,0.20624690133862172,0.153941497273178,0.161378284581061,0.20847793753098662,0.18071393158155677,0.11750123946455131,0.11675756073376302,0.11973227565691621,0.11527020327218641,0.15592464055528013,0.20128904313336637,1.0,0.11353495290034706,0.20624690133862172,0.11179970252850768,0.13857213683688646
SMALLTEXT_LEASTCONFIDENCE,0.07585523054040655,0.11973227565691621,0.06643529995042141,0.07486365889935548,0.3485374318294497,0.21492315319781854,0.08081308874566187,0.07312840852751612,0.16807139315815567,0.19657907783837383,0.15592464055528013,0.14551313832424392,0.14476945959345563,0.16980664352999505,0.06643529995042141,0.12444224095190877,0.07585523054040655,0.20128904313336637,0.14700049578582053,0.1353495290034705,0.1249380267724343,0.1271690629647992,0.10808130887456618,0.10014873574615767,0.12989588497768964,0.11130391670798215,0.1368368864650471,0.16460089241447695,0.11849281110560238,0.7508676251859197,0.09147248388696083,0.12270699058006941,0.11353495290034706,1.0,0.1264253842340109,0.7751611303916708,0.07486365889935548
SMALLTEXT_LIGHTWEIGHTCORESET,0.14675260287555775,0.15865146256817056,0.18393653941497273,0.22136836886465047,0.1479920674268716,0.15294992563212692,0.1722855726326227,0.13584531482399603,0.11056023797719385,0.11130391670798215,0.12146752602875557,0.3366385721368369,0.34209221616261776,0.1774913237481408,0.18393653941497273,0.19533961328705998,0.14675260287555775,0.1591472483886961,0.2131879028259792,0.2778879524045612,0.1760039662865642,0.26003966286564206,0.1893901834407536,0.21269211700545365,0.29920674268715913,0.1715418939018344,0.12816063460585028,0.1308874566187407,0.13882002974714924,0.13782845810609817,0.1588993554784333,0.3073872087258304,0.20624690133862172,0.1264253842340109,1.0,0.1256817055032226,0.22136836886465047
SMALLTEXT_PREDICTIONENTROPY,0.07238472979672782,0.11576598909271195,0.06643529995042141,0.07511155180961825,0.23797719385225583,0.19211700545364402,0.08453148239960337,0.07486365889935548,0.20897372335151215,0.16807139315815567,0.15071888943976203,0.14105106593951414,0.14377788795240456,0.15939514129895885,0.06643529995042141,0.12394645513138325,0.07238472979672782,0.180466038671294,0.13782845810609817,0.13039167079821518,0.1279127416955875,0.12543381259295985,0.11056023797719385,0.10163609320773426,0.12469013386217154,0.1065939514129896,0.17848289538919188,0.1353495290034705,0.11080813088745661,0.7345066931085771,0.09271194843827467,0.12097174020823004,0.11179970252850768,0.7751611303916708,0.1256817055032226,1.0,0.07511155180961825
SMALLTEXT_RANDOM,0.10213187902825979,0.10609816559246406,0.13882002974714924,1.0,0.08552305404065444,0.09766980664352999,0.12890431333663857,0.10014873574615767,0.06841844323252355,0.06866633614278632,0.07759048091224591,0.2583044124938027,0.25731284085275163,0.12221120475954388,0.13882002974714924,0.14724838869608328,0.10213187902825979,0.11328705999008429,0.16732771442736738,0.22905304908279622,0.12890431333663857,0.2020327218641547,0.1264253842340109,0.1665840356965791,0.23797719385225583,0.11551809618244918,0.08651462568170551,0.08626673277144274,0.09866137828458106,0.08378780366881507,0.11279127416955875,0.2389687654933069,0.13857213683688646,0.07486365889935548,0.22136836886465047,0.07511155180961825,1.0
