,ALIPY_CORESET_GREEDY,ALIPY_DENSITY_WEIGHTED,ALIPY_GRAPH_DENSITY,ALIPY_RANDOM,ALIPY_UNCERTAINTY_LC,ALIPY_UNCERTAINTY_MM,LIBACT_DWUS,LIBACT_QUIRE,LIBACT_UNCERTAINTY_ENT,LIBACT_UNCERTAINTY_LC,LIBACT_UNCERTAINTY_SM,OPTIMAL_GREEDY_10,OPTIMAL_GREEDY_20,PLAYGROUND_BANDIT,PLAYGROUND_GRAPH_DENSITY,PLAYGROUND_INFORMATIVE_DIVERSE,PLAYGROUND_KCENTER_GREEDY,PLAYGROUND_MARGIN,PLAYGROUND_MIXTURE,PLAYGROUND_UNIFORM,SKACTIVEML_COST_EMBEDDING,SKACTIVEML_DAL,SKACTIVEML_DWUS,SKACTIVEML_QBC,SKACTIVEML_QBC_VOTE_ENTROPY,SKACTIVEML_QUIRE,SKACTIVEML_US_ENTROPY,SKACTIVEML_US_LC,SKACTIVEML_US_MARGIN,SMALLTEXT_BREAKINGTIES,SMALLTEXT_CONTRASTIVEAL,SMALLTEXT_EMBEDDINGKMEANS,SMALLTEXT_GREEDYCORESET,SMALLTEXT_LEASTCONFIDENCE,SMALLTEXT_LIGHTWEIGHTCORESET,SMALLTEXT_PREDICTIONENTROPY,SMALLTEXT_RANDOM
ALIPY_CORESET_GREEDY,1.0,0.12320277640059495,0.131631135349529,0.13039167079821518,0.0887456618740704,0.0932077342588002,0.0451165096678235,0.07932573128408528,0.06321269211700545,0.06693108577094695,0.07114526524541398,0.20128904313336637,0.1998016856717898,0.11626177491323748,0.131631135349529,0.11650966782350025,0.9995042141794744,0.09370352007932573,0.1536936043629152,0.1715418939018344,0.11898859692612791,0.1670798215171046,0.07858205255329698,0.08230044620723848,0.15964303420922163,0.1065939514129896,0.07833415964303421,0.08824987605354487,0.08304412493802678,0.07635101636093208,0.08824987605354487,0.11923648983639068,0.23401090728805157,0.07560733763014378,0.14551313832424392,0.07362419434804164,0.13039167079821518
ALIPY_DENSITY_WEIGHTED,0.12320277640059495,1.0,0.07932573128408528,0.0999008428358949,0.14030738720872582,0.1346058502726822,0.05230540406544373,0.09643034209221617,0.11799702528507684,0.11774913237481408,0.11650966782350025,0.11080813088745661,0.11403073872087258,0.13882002974714924,0.07932573128408528,0.13956370847793753,0.12320277640059495,0.13063956370847793,0.1368368864650471,0.10758552305404065,0.15418939018344074,0.12072384729796728,0.12320277640059495,0.06817055032226078,0.10981655924640556,0.1405552801189886,0.14476945959345563,0.14105106593951414,0.1427863163113535,0.12592959841348536,0.08031730292513634,0.0813088745661874,0.11427863163113534,0.1353495290034705,0.11452652454139811,0.14005949429846307,0.0999008428358949
ALIPY_GRAPH_DENSITY,0.131631135349529,0.07932573128408528,1.0,0.19038175508180466,0.07238472979672782,0.08106098165592464,0.06321269211700545,0.03867129400099157,0.06445215666831929,0.05899851264253842,0.06916212196331185,0.161378284581061,0.1633614278631631,0.10535448686167576,1.0,0.09593455627169063,0.13187902825979178,0.08775409023301933,0.1331184928111056,0.23599405057015369,0.11403073872087258,0.1849281110560238,0.1065939514129896,0.10758552305404065,0.2389687654933069,0.06841844323252355,0.06717897868120971,0.07164105106593951,0.07238472979672782,0.07560733763014378,0.04784333168071393,0.146504709965295,0.1554288547347546,0.06668319286068418,0.20004957858205255,0.06767476450173525,0.19038175508180466
ALIPY_RANDOM,0.13039167079821518,0.0999008428358949,0.19038175508180466,1.0,0.09147248388696083,0.0984134853743183,0.05007436787307883,0.07635101636093208,0.07188894397620228,0.07089737233515121,0.08081308874566187,0.22508676251859197,0.21864154685176004,0.12964799206742686,0.19038175508180466,0.139067922657412,0.13039167079821518,0.11179970252850768,0.16608824987605356,0.30515617253346555,0.1375805651958354,0.24144769459593457,0.10585027268220129,0.13708477937530986,0.3158155676747645,0.09295984134853744,0.08701041150223103,0.0932077342588002,0.09519087754090233,0.0857709469509172,0.07362419434804164,0.22359940505701537,0.17773921665840356,0.08453148239960337,0.28582052553296977,0.08205255329697571,1.0
ALIPY_UNCERTAINTY_LC,0.0887456618740704,0.14030738720872582,0.07238472979672782,0.09147248388696083,1.0,0.785572632622707,0.028011898859692613,0.04115022310361924,0.2248388696083292,0.263262270699058,0.21095686663361427,0.16906296479920674,0.17773921665840356,0.2588001983143282,0.07238472979672782,0.23723351512146754,0.0887456618740704,0.30813088745661876,0.2528507684680218,0.12518591968269707,0.19781854238968766,0.11898859692612791,0.0932077342588002,0.06296479920674268,0.10114030738720872,0.11105602379771938,0.270699058006941,0.30912245909766983,0.25260287555775907,0.3173029251363411,0.05304908279623203,0.0857709469509172,0.0894893406048587,0.4291026276648488,0.11179970252850768,0.3358948934060486,0.09147248388696083
ALIPY_UNCERTAINTY_MM,0.0932077342588002,0.1346058502726822,0.08106098165592464,0.0984134853743183,0.785572632622707,1.0,0.03495290034705007,0.0436291522062469,0.19162121963311848,0.21120475954387705,0.26945959345562714,0.1834407535944472,0.19162121963311848,0.27912741695587506,0.08106098165592464,0.24566187407040158,0.0932077342588002,0.36043629152206247,0.28334159643034207,0.13237481408031732,0.19261279127416955,0.1256817055032226,0.09667823500247893,0.07064947942488845,0.11056023797719385,0.10882498760535449,0.23202776400594943,0.24590976698066436,0.3026772434308379,0.433068914229053,0.05503222607833416,0.09147248388696083,0.0917203767972236,0.3098661378284581,0.12196331184928111,0.2863163113534953,0.0984134853743183
LIBACT_DWUS,0.0451165096678235,0.05230540406544373,0.06321269211700545,0.05007436787307883,0.028011898859692613,0.03495290034705007,1.0,0.06817055032226078,0.020823004462072386,0.02057511155180962,0.02528507684680218,0.028507684680218144,0.02751611303916708,0.033217649975210706,0.06321269211700545,0.02478929102627665,0.0451165096678235,0.030986613782845812,0.03247397124442241,0.06990580069410014,0.04189390183440753,0.05503222607833416,0.10684184432325236,0.07709469509172037,0.07164105106593951,0.05057015369360436,0.02751611303916708,0.02528507684680218,0.03024293505205751,0.028011898859692613,0.06767476450173525,0.11675756073376302,0.03991075855230541,0.02255825483391175,0.05924640555280119,0.023054040654437283,0.05007436787307883
LIBACT_QUIRE,0.07932573128408528,0.09643034209221617,0.03867129400099157,0.07635101636093208,0.04115022310361924,0.0436291522062469,0.06817055032226078,1.0,0.03520079325731284,0.03495290034705007,0.03743182944967774,0.05428854734754586,0.04933068914229053,0.05081804660386713,0.03867129400099157,0.04709965294992563,0.07907783837382251,0.04462072384729797,0.06321269211700545,0.08626673277144274,0.06445215666831929,0.08279623202776401,0.05528011898859692,0.07783837382250867,0.08750619732275657,0.10857709469509172,0.03222607833415964,0.033217649975210706,0.035696579077838374,0.036936043629152204,0.09395141298958849,0.08254833911750124,0.090233019335647,0.03371343579573624,0.09345562716906297,0.03619236489836391,0.07635101636093208
LIBACT_UNCERTAINTY_ENT,0.06321269211700545,0.11799702528507684,0.06445215666831929,0.07188894397620228,0.2248388696083292,0.19162121963311848,0.020823004462072386,0.03520079325731284,1.0,0.8111056023797719,0.7622706990580069,0.1338621715418939,0.13584531482399603,0.1628656420426376,0.06445215666831929,0.20798215171046108,0.06321269211700545,0.1633614278631631,0.1576598909271195,0.11477441745166088,0.1670798215171046,0.10163609320773426,0.0894893406048587,0.05205751115518096,0.10312345066931086,0.0887456618740704,0.26003966286564206,0.2203767972235994,0.19335647000495787,0.24888448190381754,0.059494298463063956,0.07362419434804164,0.08329201784828955,0.28061477441745164,0.09940505701536936,0.3252354982647496,0.07188894397620228
LIBACT_UNCERTAINTY_LC,0.06693108577094695,0.11774913237481408,0.05899851264253842,0.07089737233515121,0.263262270699058,0.21120475954387705,0.02057511155180962,0.03495290034705007,0.8111056023797719,1.0,0.7925136341100645,0.14080317302925136,0.14625681705503224,0.17848289538919188,0.05899851264253842,0.21616261774913237,0.06717897868120971,0.18220128904313337,0.1745166088249876,0.10138820029747149,0.1707982151710461,0.09766980664352999,0.09221616261774913,0.04784333168071393,0.09643034209221617,0.08205255329697571,0.2255825483391175,0.25706494794248885,0.2057511155180962,0.26227069905800693,0.0480912245909767,0.07114526524541398,0.0813088745661874,0.3202776400594943,0.09766980664352999,0.2925136341100645,0.07089737233515121
LIBACT_UNCERTAINTY_SM,0.07114526524541398,0.11650966782350025,0.06916212196331185,0.08081308874566187,0.21095686663361427,0.26945959345562714,0.02528507684680218,0.03743182944967774,0.7622706990580069,0.7925136341100645,1.0,0.15294992563212692,0.15617253346554288,0.18368864650470995,0.06916212196331185,0.2285572632622707,0.07139315815567675,0.19137332672285573,0.18790282597917699,0.11204759543877045,0.16931085770946952,0.1065939514129896,0.0917203767972236,0.05577590480912246,0.10461080813088745,0.0835399107585523,0.19112543381259295,0.20401586514625683,0.26127912741695586,0.3254833911750124,0.0458601883986118,0.07436787307882994,0.07957362419434805,0.2662369856222112,0.10634605850272683,0.26103123450669313,0.08081308874566187
OPTIMAL_GREEDY_10,0.20128904313336637,0.11080813088745661,0.161378284581061,0.22508676251859197,0.16906296479920674,0.1834407535944472,0.028507684680218144,0.05428854734754586,0.1338621715418939,0.14080317302925136,0.15294992563212692,1.0,0.7278135845314824,0.26202280614774415,0.161378284581061,0.2845810609816559,0.20153693604362916,0.23599405057015369,0.34258800198314326,0.26945959345562714,0.1906296479920674,0.244174516608825,0.07288051561725335,0.12097174020823004,0.2580565195835399,0.1346058502726822,0.16236985622211206,0.1737729300941993,0.19186911254338126,0.17724343083787802,0.058254833911750126,0.22211204759543876,0.13063956370847793,0.16385721368368864,0.23946455131383243,0.1591472483886961,0.22508676251859197
OPTIMAL_GREEDY_20,0.1998016856717898,0.11403073872087258,0.1633614278631631,0.21864154685176004,0.17773921665840356,0.19162121963311848,0.02751611303916708,0.04933068914229053,0.13584531482399603,0.14625681705503224,0.15617253346554288,0.7278135845314824,1.0,0.263262270699058,0.1633614278631631,0.2927615270203272,0.19930589985126426,0.2345066931085771,0.3368864650470996,0.2513634110064452,0.1893901834407536,0.23252354982647497,0.07089737233515121,0.12022806147744175,0.25359444719881014,0.13733267228557264,0.1752602875557759,0.18294496777392166,0.19856222112047595,0.18071393158155677,0.06767476450173525,0.21864154685176004,0.12766484878532475,0.16559246405552802,0.23822508676251858,0.16063460585027267,0.21864154685176004
PLAYGROUND_BANDIT,0.11626177491323748,0.13882002974714924,0.10535448686167576,0.12964799206742686,0.2588001983143282,0.27912741695587506,0.033217649975210706,0.05081804660386713,0.1628656420426376,0.17848289538919188,0.18368864650470995,0.26202280614774415,0.263262270699058,1.0,0.10535448686167576,0.45389191869112544,0.11626177491323748,0.6554288547347545,0.5022310361923649,0.1745166088249876,0.3158155676747645,0.16955875061973227,0.08750619732275657,0.08998512642538424,0.15319781854238967,0.16038671294000992,0.1943480416460089,0.20079325731284084,0.21740208230044622,0.2662369856222112,0.060981655924640554,0.10089241447694595,0.10832920178482895,0.2411998016856718,0.15443728309370353,0.2270699058006941,0.12964799206742686
PLAYGROUND_GRAPH_DENSITY,0.131631135349529,0.07932573128408528,1.0,0.19038175508180466,0.07238472979672782,0.08106098165592464,0.06321269211700545,0.03867129400099157,0.06445215666831929,0.05899851264253842,0.06916212196331185,0.161378284581061,0.1633614278631631,0.10535448686167576,1.0,0.09593455627169063,0.13187902825979178,0.08775409023301933,0.1331184928111056,0.23599405057015369,0.11403073872087258,0.1849281110560238,0.1065939514129896,0.10758552305404065,0.2389687654933069,0.06841844323252355,0.06717897868120971,0.07164105106593951,0.07238472979672782,0.07560733763014378,0.04784333168071393,0.146504709965295,0.1554288547347546,0.06668319286068418,0.20004957858205255,0.06767476450173525,0.19038175508180466
PLAYGROUND_INFORMATIVE_DIVERSE,0.11650966782350025,0.13956370847793753,0.09593455627169063,0.139067922657412,0.23723351512146754,0.24566187407040158,0.02478929102627665,0.04709965294992563,0.20798215171046108,0.21616261774913237,0.2285572632622707,0.2845810609816559,0.2927615270203272,0.45389191869112544,0.09593455627169063,1.0,0.11675756073376302,0.4561229548834903,0.4372830937035201,0.16906296479920674,0.27590480912245907,0.15220624690133863,0.08775409023301933,0.08899355478433317,0.15790778383738224,0.1360932077342588,0.2131879028259792,0.22880515617253347,0.24194348041646008,0.23202776400594943,0.060981655924640554,0.12221120475954388,0.10411502231036192,0.21839365394149726,0.15815567674764502,0.21219633118492812,0.139067922657412
PLAYGROUND_KCENTER_GREEDY,0.9995042141794744,0.12320277640059495,0.13187902825979178,0.13039167079821518,0.0887456618740704,0.0932077342588002,0.0451165096678235,0.07907783837382251,0.06321269211700545,0.06717897868120971,0.07139315815567675,0.20153693604362916,0.19930589985126426,0.11626177491323748,0.13187902825979178,0.11675756073376302,1.0,0.09370352007932573,0.153941497273178,0.17129400099157163,0.11898859692612791,0.1670798215171046,0.07858205255329698,0.08254833911750124,0.15989092711948438,0.1065939514129896,0.07833415964303421,0.08849776896380764,0.08304412493802678,0.07635101636093208,0.08824987605354487,0.11874070401586515,0.23401090728805157,0.07585523054040655,0.14551313832424392,0.07362419434804164,0.13039167079821518
PLAYGROUND_MARGIN,0.09370352007932573,0.13063956370847793,0.08775409023301933,0.11179970252850768,0.30813088745661876,0.36043629152206247,0.030986613782845812,0.04462072384729797,0.1633614278631631,0.18220128904313337,0.19137332672285573,0.23599405057015369,0.2345066931085771,0.6554288547347545,0.08775409023301933,0.4561229548834903,0.09370352007932573,1.0,0.540406544372831,0.1420426375805652,0.31234506693108577,0.13634110064452157,0.08849776896380764,0.08453148239960337,0.13113534952900346,0.15071888943976203,0.1998016856717898,0.21244422409519087,0.22806147744174515,0.3440753594447199,0.05850272682201289,0.08378780366881507,0.0917203767972236,0.29325731284085277,0.12518591968269707,0.2702032721864155,0.11179970252850768
PLAYGROUND_MIXTURE,0.1536936043629152,0.1368368864650471,0.1331184928111056,0.16608824987605356,0.2528507684680218,0.28334159643034207,0.03247397124442241,0.06321269211700545,0.1576598909271195,0.1745166088249876,0.18790282597917699,0.34258800198314326,0.3368864650470996,0.5022310361923649,0.1331184928111056,0.4372830937035201,0.153941497273178,0.540406544372831,1.0,0.2300446207238473,0.26822012890431335,0.18765493306891423,0.0813088745661874,0.10114030738720872,0.19781854238968766,0.14625681705503224,0.1931085770946951,0.19732275656916212,0.22062469013386218,0.2662369856222112,0.06593951412989589,0.153941497273178,0.1249380267724343,0.23599405057015369,0.19162121963311848,0.22434308378780368,0.16608824987605356
PLAYGROUND_UNIFORM,0.1715418939018344,0.10758552305404065,0.23599405057015369,0.30515617253346555,0.12518591968269707,0.13237481408031732,0.06990580069410014,0.08626673277144274,0.11477441745166088,0.10138820029747149,0.11204759543877045,0.26945959345562714,0.2513634110064452,0.1745166088249876,0.23599405057015369,0.16906296479920674,0.17129400099157163,0.1420426375805652,0.2300446207238473,1.0,0.17873078829945463,0.27268220128904314,0.12295488349033218,0.153941497273178,0.35101636093207733,0.10956866633614279,0.11774913237481408,0.11799702528507684,0.12320277640059495,0.12146752602875557,0.09593455627169063,0.24665344571145265,0.18839861179970252,0.11452652454139811,0.30912245909766983,0.11080813088745661,0.30515617253346555
SKACTIVEML_COST_EMBEDDING,0.11898859692612791,0.15418939018344074,0.11403073872087258,0.1375805651958354,0.19781854238968766,0.19261279127416955,0.04189390183440753,0.06445215666831929,0.1670798215171046,0.1707982151710461,0.16931085770946952,0.1906296479920674,0.1893901834407536,0.3158155676747645,0.11403073872087258,0.27590480912245907,0.11898859692612791,0.31234506693108577,0.26822012890431335,0.17873078829945463,1.0,0.15790778383738224,0.10237977193852256,0.09568666336142786,0.1591472483886961,0.1685671789786812,0.19112543381259295,0.19211700545364402,0.19162121963311848,0.18542389687654934,0.06742687159147248,0.11179970252850768,0.11849281110560238,0.18542389687654934,0.15493306891422906,0.19038175508180466,0.1375805651958354
SKACTIVEML_DAL,0.1670798215171046,0.12072384729796728,0.1849281110560238,0.24144769459593457,0.11898859692612791,0.1256817055032226,0.05503222607833416,0.08279623202776401,0.10163609320773426,0.09766980664352999,0.1065939514129896,0.244174516608825,0.23252354982647497,0.16955875061973227,0.1849281110560238,0.15220624690133863,0.1670798215171046,0.13634110064452157,0.18765493306891423,0.27268220128904314,0.15790778383738224,1.0,0.11750123946455131,0.12890431333663857,0.27640059494298463,0.11179970252850768,0.11626177491323748,0.11799702528507684,0.12320277640059495,0.11626177491323748,0.09568666336142786,0.20079325731284084,0.16831928606841845,0.11130391670798215,0.2669806643529995,0.11130391670798215,0.24144769459593457
SKACTIVEML_DWUS,0.07858205255329698,0.12320277640059495,0.1065939514129896,0.10585027268220129,0.0932077342588002,0.09667823500247893,0.10684184432325236,0.05528011898859692,0.0894893406048587,0.09221616261774913,0.0917203767972236,0.07288051561725335,0.07089737233515121,0.08750619732275657,0.1065939514129896,0.08775409023301933,0.07858205255329698,0.08849776896380764,0.0813088745661874,0.12295488349033218,0.10237977193852256,0.11750123946455131,1.0,0.09940505701536936,0.12221120475954388,0.07486365889935548,0.09370352007932573,0.0946950917203768,0.09940505701536936,0.08601883986117997,0.05924640555280119,0.11179970252850768,0.08477937530986614,0.08279623202776401,0.11874070401586515,0.08626673277144274,0.10585027268220129
SKACTIVEML_QBC,0.08230044620723848,0.06817055032226078,0.10758552305404065,0.13708477937530986,0.06296479920674268,0.07064947942488845,0.07709469509172037,0.07783837382250867,0.05205751115518096,0.04784333168071393,0.05577590480912246,0.12097174020823004,0.12022806147744175,0.08998512642538424,0.10758552305404065,0.08899355478433317,0.08254833911750124,0.08453148239960337,0.10114030738720872,0.153941497273178,0.09568666336142786,0.12890431333663857,0.09940505701536936,1.0,0.16063460585027267,0.09717402082300446,0.057263262270699056,0.05701536936043629,0.06271690629647993,0.06122954883490332,0.08006941001487357,0.15865146256817056,0.0954387704511651,0.05651958353991076,0.13981160138820029,0.05503222607833416,0.13708477937530986
SKACTIVEML_QBC_VOTE_ENTROPY,0.15964303420922163,0.10981655924640556,0.2389687654933069,0.3158155676747645,0.10114030738720872,0.11056023797719385,0.07164105106593951,0.08750619732275657,0.10312345066931086,0.09643034209221617,0.10461080813088745,0.2580565195835399,0.25359444719881014,0.15319781854238967,0.2389687654933069,0.15790778383738224,0.15989092711948438,0.13113534952900346,0.19781854238968766,0.35101636093207733,0.1591472483886961,0.27640059494298463,0.12221120475954388,0.16063460585027267,1.0,0.10932077342588002,0.1036192364898364,0.1065939514129896,0.11725334655428855,0.10485870104115022,0.07635101636093208,0.24739712444224096,0.19881011403073873,0.0961824491819534,0.32126921170054534,0.0961824491819534,0.3158155676747645
SKACTIVEML_QUIRE,0.1065939514129896,0.1405552801189886,0.06841844323252355,0.09295984134853744,0.11105602379771938,0.10882498760535449,0.05057015369360436,0.10857709469509172,0.0887456618740704,0.08205255329697571,0.0835399107585523,0.1346058502726822,0.13733267228557264,0.16038671294000992,0.06841844323252355,0.1360932077342588,0.1065939514129896,0.15071888943976203,0.14625681705503224,0.10956866633614279,0.1685671789786812,0.11179970252850768,0.07486365889935548,0.09717402082300446,0.10932077342588002,1.0,0.09940505701536936,0.09742191373326722,0.10089241447694595,0.09890927119484383,0.0999008428358949,0.07089737233515121,0.1036192364898364,0.09965294992563213,0.11898859692612791,0.10114030738720872,0.09295984134853744
SKACTIVEML_US_ENTROPY,0.07833415964303421,0.14476945959345563,0.06717897868120971,0.08701041150223103,0.270699058006941,0.23202776400594943,0.02751611303916708,0.03222607833415964,0.26003966286564206,0.2255825483391175,0.19112543381259295,0.16236985622211206,0.1752602875557759,0.1943480416460089,0.06717897868120971,0.2131879028259792,0.07833415964303421,0.1998016856717898,0.1931085770946951,0.11774913237481408,0.19112543381259295,0.11626177491323748,0.09370352007932573,0.057263262270699056,0.1036192364898364,0.09940505701536936,1.0,0.8239960337134358,0.7736737729300942,0.20624690133862172,0.05428854734754586,0.07312840852751612,0.09295984134853744,0.2424392662369856,0.11179970252850768,0.28755577590480913,0.08701041150223103
SKACTIVEML_US_LC,0.08824987605354487,0.14105106593951414,0.07164105106593951,0.0932077342588002,0.30912245909766983,0.24590976698066436,0.02528507684680218,0.033217649975210706,0.2203767972235994,0.25706494794248885,0.20401586514625683,0.1737729300941993,0.18294496777392166,0.20079325731284084,0.07164105106593951,0.22880515617253347,0.08849776896380764,0.21244422409519087,0.19732275656916212,0.11799702528507684,0.19211700545364402,0.11799702528507684,0.0946950917203768,0.05701536936043629,0.1065939514129896,0.09742191373326722,0.8239960337134358,1.0,0.7952404561229549,0.21641051065939515,0.05280118988596926,0.08006941001487357,0.0932077342588002,0.2783837382250868,0.11427863163113534,0.2424392662369856,0.0932077342588002
SKACTIVEML_US_MARGIN,0.08304412493802678,0.1427863163113535,0.07238472979672782,0.09519087754090233,0.25260287555775907,0.3026772434308379,0.03024293505205751,0.035696579077838374,0.19335647000495787,0.2057511155180962,0.26127912741695586,0.19186911254338126,0.19856222112047595,0.21740208230044622,0.07238472979672782,0.24194348041646008,0.08304412493802678,0.22806147744174515,0.22062469013386218,0.12320277640059495,0.19162121963311848,0.12320277640059495,0.09940505701536936,0.06271690629647993,0.11725334655428855,0.10089241447694595,0.7736737729300942,0.7952404561229549,1.0,0.273921665840357,0.05156172533465543,0.0805651958353991,0.090233019335647,0.22756569162121965,0.11700545364402579,0.21120475954387705,0.09519087754090233
SMALLTEXT_BREAKINGTIES,0.07635101636093208,0.12592959841348536,0.07560733763014378,0.0857709469509172,0.3173029251363411,0.433068914229053,0.028011898859692613,0.036936043629152204,0.24888448190381754,0.26227069905800693,0.3254833911750124,0.17724343083787802,0.18071393158155677,0.2662369856222112,0.07560733763014378,0.23202776400594943,0.07635101636093208,0.3440753594447199,0.2662369856222112,0.12146752602875557,0.18542389687654934,0.11626177491323748,0.08601883986117997,0.06122954883490332,0.10485870104115022,0.09890927119484383,0.20624690133862172,0.21641051065939515,0.273921665840357,1.0,0.05156172533465543,0.08701041150223103,0.0842835894893406,0.789786812097174,0.10560237977193852,0.7615270203272186,0.0857709469509172
SMALLTEXT_CONTRASTIVEAL,0.08824987605354487,0.08031730292513634,0.04784333168071393,0.07362419434804164,0.05304908279623203,0.05503222607833416,0.06767476450173525,0.09395141298958849,0.059494298463063956,0.0480912245909767,0.0458601883986118,0.058254833911750126,0.06767476450173525,0.060981655924640554,0.04784333168071393,0.060981655924640554,0.08824987605354487,0.05850272682201289,0.06593951412989589,0.09593455627169063,0.06742687159147248,0.09568666336142786,0.05924640555280119,0.08006941001487357,0.07635101636093208,0.0999008428358949,0.05428854734754586,0.05280118988596926,0.05156172533465543,0.05156172533465543,1.0,0.10585027268220129,0.10907288051561725,0.052553296975706494,0.09295984134853744,0.05528011898859692,0.07362419434804164
SMALLTEXT_EMBEDDINGKMEANS,0.11923648983639068,0.0813088745661874,0.146504709965295,0.22359940505701537,0.0857709469509172,0.09147248388696083,0.11675756073376302,0.08254833911750124,0.07362419434804164,0.07114526524541398,0.07436787307882994,0.22211204759543876,0.21864154685176004,0.10089241447694595,0.146504709965295,0.12221120475954388,0.11874070401586515,0.08378780366881507,0.153941497273178,0.24665344571145265,0.11179970252850768,0.20079325731284084,0.11179970252850768,0.15865146256817056,0.24739712444224096,0.07089737233515121,0.07312840852751612,0.08006941001487357,0.0805651958353991,0.08701041150223103,0.10585027268220129,1.0,0.15592464055528013,0.08155676747645017,0.2478929102627665,0.0805651958353991,0.22359940505701537
SMALLTEXT_GREEDYCORESET,0.23401090728805157,0.11427863163113534,0.1554288547347546,0.17773921665840356,0.0894893406048587,0.0917203767972236,0.03991075855230541,0.090233019335647,0.08329201784828955,0.0813088745661874,0.07957362419434805,0.13063956370847793,0.12766484878532475,0.10832920178482895,0.1554288547347546,0.10411502231036192,0.23401090728805157,0.0917203767972236,0.1249380267724343,0.18839861179970252,0.11849281110560238,0.16831928606841845,0.08477937530986614,0.0954387704511651,0.19881011403073873,0.1036192364898364,0.09295984134853744,0.0932077342588002,0.090233019335647,0.0842835894893406,0.10907288051561725,0.15592464055528013,1.0,0.08403569657907783,0.18244918195339613,0.0894893406048587,0.17773921665840356
SMALLTEXT_LEASTCONFIDENCE,0.07560733763014378,0.1353495290034705,0.06668319286068418,0.08453148239960337,0.4291026276648488,0.3098661378284581,0.02255825483391175,0.03371343579573624,0.28061477441745164,0.3202776400594943,0.2662369856222112,0.16385721368368864,0.16559246405552802,0.2411998016856718,0.06668319286068418,0.21839365394149726,0.07585523054040655,0.29325731284085277,0.23599405057015369,0.11452652454139811,0.18542389687654934,0.11130391670798215,0.08279623202776401,0.05651958353991076,0.0961824491819534,0.09965294992563213,0.2424392662369856,0.2783837382250868,0.22756569162121965,0.789786812097174,0.052553296975706494,0.08155676747645017,0.08403569657907783,1.0,0.0932077342588002,0.8135845314823996,0.08453148239960337
SMALLTEXT_LIGHTWEIGHTCORESET,0.14551313832424392,0.11452652454139811,0.20004957858205255,0.28582052553296977,0.11179970252850768,0.12196331184928111,0.05924640555280119,0.09345562716906297,0.09940505701536936,0.09766980664352999,0.10634605850272683,0.23946455131383243,0.23822508676251858,0.15443728309370353,0.20004957858205255,0.15815567674764502,0.14551313832424392,0.12518591968269707,0.19162121963311848,0.30912245909766983,0.15493306891422906,0.2669806643529995,0.11874070401586515,0.13981160138820029,0.32126921170054534,0.11898859692612791,0.11179970252850768,0.11427863163113534,0.11700545364402579,0.10560237977193852,0.09295984134853744,0.2478929102627665,0.18244918195339613,0.0932077342588002,1.0,0.09568666336142786,0.28582052553296977
SMALLTEXT_PREDICTIONENTROPY,0.07362419434804164,0.14005949429846307,0.06767476450173525,0.08205255329697571,0.3358948934060486,0.2863163113534953,0.023054040654437283,0.03619236489836391,0.3252354982647496,0.2925136341100645,0.26103123450669313,0.1591472483886961,0.16063460585027267,0.2270699058006941,0.06767476450173525,0.21219633118492812,0.07362419434804164,0.2702032721864155,0.22434308378780368,0.11080813088745661,0.19038175508180466,0.11130391670798215,0.08626673277144274,0.05503222607833416,0.0961824491819534,0.10114030738720872,0.28755577590480913,0.2424392662369856,0.21120475954387705,0.7615270203272186,0.05528011898859692,0.0805651958353991,0.0894893406048587,0.8135845314823996,0.09568666336142786,1.0,0.08205255329697571
SMALLTEXT_RANDOM,0.13039167079821518,0.0999008428358949,0.19038175508180466,1.0,0.09147248388696083,0.0984134853743183,0.05007436787307883,0.07635101636093208,0.07188894397620228,0.07089737233515121,0.08081308874566187,0.22508676251859197,0.21864154685176004,0.12964799206742686,0.19038175508180466,0.139067922657412,0.13039167079821518,0.11179970252850768,0.16608824987605356,0.30515617253346555,0.1375805651958354,0.24144769459593457,0.10585027268220129,0.13708477937530986,0.3158155676747645,0.09295984134853744,0.08701041150223103,0.0932077342588002,0.09519087754090233,0.0857709469509172,0.07362419434804164,0.22359940505701537,0.17773921665840356,0.08453148239960337,0.28582052553296977,0.08205255329697571,1.0
