,ALIPY_CORESET_GREEDY,ALIPY_DENSITY_WEIGHTED,ALIPY_GRAPH_DENSITY,ALIPY_RANDOM,ALIPY_UNCERTAINTY_LC,ALIPY_UNCERTAINTY_MM,LIBACT_DWUS,LIBACT_QUIRE,LIBACT_UNCERTAINTY_ENT,LIBACT_UNCERTAINTY_LC,LIBACT_UNCERTAINTY_SM,OPTIMAL_GREEDY_10,OPTIMAL_GREEDY_20,PLAYGROUND_BANDIT,PLAYGROUND_GRAPH_DENSITY,PLAYGROUND_INFORMATIVE_DIVERSE,PLAYGROUND_KCENTER_GREEDY,PLAYGROUND_MARGIN,PLAYGROUND_MIXTURE,PLAYGROUND_UNIFORM,SKACTIVEML_COST_EMBEDDING,SKACTIVEML_DAL,SKACTIVEML_DWUS,SKACTIVEML_QBC,SKACTIVEML_QBC_VOTE_ENTROPY,SKACTIVEML_QUIRE,SKACTIVEML_US_ENTROPY,SKACTIVEML_US_LC,SKACTIVEML_US_MARGIN,SMALLTEXT_BREAKINGTIES,SMALLTEXT_CONTRASTIVEAL,SMALLTEXT_EMBEDDINGKMEANS,SMALLTEXT_GREEDYCORESET,SMALLTEXT_LEASTCONFIDENCE,SMALLTEXT_LIGHTWEIGHTCORESET,SMALLTEXT_PREDICTIONENTROPY,SMALLTEXT_RANDOM
ALIPY_CORESET_GREEDY,1.0,0.3111056023797719,0.24367873078829946,0.24343083787803668,0.26822012890431335,0.26425384234010907,0.23971244422409518,0.26574119980168565,0.25111551809618243,0.24392662369856222,0.24541398116013882,0.255825483391175,0.25359444719881014,0.2994546355974219,0.24367873078829946,0.29300941993059,1.0,0.29424888448190384,0.2848289538919187,0.27193852255825485,0.30441249380267726,0.2545860188398612,0.23797719385225583,0.244174516608825,0.2662369856222112,0.29474467030242935,0.2588001983143282,0.2543381259295984,0.251611303916708,0.25681705503222607,0.25409023301933564,0.23772930094199307,0.30862667327714427,0.25780862667327714,0.26450173525037185,0.26871591472483886,0.23425880019831433
ALIPY_DENSITY_WEIGHTED,0.3111056023797719,1.0,0.26103123450669313,0.2583044124938027,0.3039167079821517,0.297223599405057,0.26375805651958356,0.32077342588001984,0.28135845314824,0.2821021318790283,0.28135845314824,0.26797223599405057,0.27317798710956864,0.3296975706494794,0.26103123450669313,0.3106098165592464,0.3111056023797719,0.32350024789291026,0.30813088745661876,0.300446207238473,0.3173029251363411,0.2729300941993059,0.27491323748140806,0.273921665840357,0.28061477441745164,0.33886960832920177,0.2962320277640059,0.2925136341100645,0.2863163113534953,0.28705999008428357,0.2803668815071889,0.2506197322756569,0.30639563708477935,0.29449677739216656,0.28334159643034207,0.29920674268715913,0.2508676251859197
ALIPY_GRAPH_DENSITY,0.24367873078829946,0.26103123450669313,1.0,0.24169558750619732,0.22979672781358454,0.23698562221120476,0.24814080317302925,0.21864154685176004,0.22062469013386218,0.21864154685176004,0.2226078334159643,0.23698562221120476,0.24442240951908775,0.2816063460585027,1.0,0.2530986613782846,0.24367873078829946,0.2602875557759048,0.26425384234010907,0.2729300941993059,0.25855230540406543,0.2498760535448686,0.24392662369856222,0.23996033713435796,0.26078334159643035,0.23797719385225583,0.22657411998016858,0.2196331184928111,0.22657411998016858,0.23425880019831433,0.24169558750619732,0.2307882994546356,0.26822012890431335,0.2285572632622707,0.2521070897372335,0.23202776400594943,0.23326722855726326
ALIPY_RANDOM,0.24343083787803668,0.2583044124938027,0.24169558750619732,1.0,0.24095190877540903,0.24764501735250372,0.22459097669806644,0.22533465542885472,0.22459097669806644,0.2255825483391175,0.22806147744174515,0.26896380763510164,0.27565691621219635,0.2848289538919187,0.24169558750619732,0.27169062964799207,0.24343083787803668,0.2714427367377293,0.2734258800198314,0.288795240456123,0.2669806643529995,0.255825483391175,0.22756569162121965,0.2543381259295984,0.2778879524045612,0.25260287555775907,0.23475458601883986,0.23103619236489836,0.23425880019831433,0.23624194348041647,0.24962816063460586,0.2498760535448686,0.26425384234010907,0.2315319781854239,0.2672285572632623,0.24169558750619732,0.9873574615765989
ALIPY_UNCERTAINTY_LC,0.26822012890431335,0.3039167079821517,0.22979672781358454,0.24095190877540903,1.0,0.8068914229053049,0.24144769459593457,0.26227069905800693,0.30887456618740705,0.32796232027764005,0.29424888448190384,0.24169558750619732,0.2565691621219633,0.3527516113039167,0.22979672781358454,0.300446207238473,0.26822012890431335,0.3822508676251859,0.32126921170054534,0.2811105602379772,0.3165592464055528,0.26152702032721864,0.26474962816063463,0.2580565195835399,0.2625185919682697,0.2999504214179474,0.319533961328706,0.33936539414972733,0.3024293505205751,0.37679722359940504,0.2677243430837878,0.22954883490332176,0.2771442736737729,0.47000495785820523,0.2659890927119484,0.3971244422409519,0.23128408527516114
ALIPY_UNCERTAINTY_MM,0.26425384234010907,0.297223599405057,0.23698562221120476,0.24764501735250372,0.8068914229053049,1.0,0.24442240951908775,0.25681705503222607,0.2935052057511155,0.28730788299454635,0.3210213187902826,0.2506197322756569,0.26574119980168565,0.3639067922657412,0.23698562221120476,0.2997025285076847,0.26425384234010907,0.43381259295984137,0.35101636093207733,0.2900347050074368,0.3165592464055528,0.2654933068914229,0.2654933068914229,0.25780862667327714,0.26574119980168565,0.2997025285076847,0.3041646008924145,0.30143777887952405,0.3292017848289539,0.4635597421913733,0.26425384234010907,0.2315319781854239,0.27640059494298463,0.3710956866633614,0.2702032721864155,0.3696083292017848,0.23797719385225583
LIBACT_DWUS,0.23971244422409518,0.26375805651958356,0.24814080317302925,0.22459097669806644,0.24144769459593457,0.24442240951908775,1.0,0.2211204759543877,0.22136836886465047,0.2226078334159643,0.22384729796727815,0.22880515617253347,0.23475458601883986,0.28656420426375806,0.24814080317302925,0.2550818046603867,0.23971244422409518,0.27863163113534956,0.26053544868616757,0.26474962816063463,0.26524541398116014,0.244174516608825,0.25037183936539414,0.24590976698066436,0.24913237481408032,0.25260287555775907,0.22954883490332176,0.22682201289043133,0.23202776400594943,0.2387208725830441,0.251611303916708,0.23996033713435796,0.25111551809618243,0.23648983639067922,0.24888448190381754,0.23822508676251858,0.21641051065939515
LIBACT_QUIRE,0.26574119980168565,0.32077342588001984,0.21864154685176004,0.22533465542885472,0.26227069905800693,0.25681705503222607,0.2211204759543877,1.0,0.23549826474962815,0.23277144273673772,0.2300446207238473,0.2233515121467526,0.22979672781358454,0.2840852751611304,0.21864154685176004,0.2583044124938027,0.26574119980168565,0.26747645017352506,0.26053544868616757,0.2677243430837878,0.26425384234010907,0.2404561229548835,0.23549826474962815,0.24318294496777393,0.24020823004462072,0.29325731284085277,0.244174516608825,0.23971244422409518,0.2345066931085771,0.24442240951908775,0.2565691621219633,0.2196331184928111,0.259048091224591,0.24690133862171543,0.24814080317302925,0.2506197322756569,0.21864154685176004
LIBACT_UNCERTAINTY_ENT,0.25111551809618243,0.28135845314824,0.22062469013386218,0.22459097669806644,0.30887456618740705,0.2935052057511155,0.22136836886465047,0.23549826474962815,1.0,0.83961328705999,0.8098661378284581,0.23624194348041647,0.2387208725830441,0.3034209221616262,0.22062469013386218,0.288795240456123,0.25111551809618243,0.288795240456123,0.27169062964799207,0.2699553792761527,0.28805156172533464,0.24144769459593457,0.24343083787803668,0.24516608824987604,0.25632126921170056,0.27491323748140806,0.3306891422905305,0.2994546355974219,0.28953891918691127,0.349281110560238,0.24665344571145265,0.22508676251859197,0.2736737729300942,0.3673772930094199,0.23971244422409518,0.3996033713435796,0.21616261774913237
LIBACT_UNCERTAINTY_LC,0.24392662369856222,0.2821021318790283,0.21864154685176004,0.2255825483391175,0.32796232027764005,0.28730788299454635,0.2226078334159643,0.23277144273673772,0.83961328705999,1.0,0.8123450669310858,0.23054040654437283,0.23648983639067922,0.2959841348537432,0.21864154685176004,0.282350024789291,0.24392662369856222,0.2863163113534953,0.26524541398116014,0.2630143777887952,0.28309370352007934,0.24442240951908775,0.2426871591472484,0.24095190877540903,0.25037183936539414,0.27640059494298463,0.30813088745661876,0.3182944967773922,0.28805156172533464,0.35101636093207733,0.24367873078829946,0.22087258304412494,0.2721864154685176,0.39092711948438275,0.23723351512146754,0.3735746157659891,0.21690629647992068
LIBACT_UNCERTAINTY_SM,0.24541398116013882,0.28135845314824,0.2226078334159643,0.22806147744174515,0.29424888448190384,0.3210213187902826,0.22384729796727815,0.2300446207238473,0.8098661378284581,0.8123450669310858,1.0,0.23946455131383243,0.2449181953396133,0.29697570649479427,0.2226078334159643,0.2850768468021815,0.24541398116013882,0.29028259791769956,0.2709469509172038,0.2709469509172038,0.28433316807139314,0.24516608824987604,0.24714923153197818,0.24194348041646008,0.2553296975706495,0.266484878532474,0.2878036688150719,0.28433316807139314,0.31978185423896877,0.3849776896380763,0.2424392662369856,0.22508676251859197,0.26871591472483886,0.3515121467526029,0.24590976698066436,0.36117997025285076,0.21988101140307387
OPTIMAL_GREEDY_10,0.255825483391175,0.26797223599405057,0.23698562221120476,0.26896380763510164,0.24169558750619732,0.2506197322756569,0.22880515617253347,0.2233515121467526,0.23624194348041647,0.23054040654437283,0.23946455131383243,1.0,0.3554784333168071,0.2962320277640059,0.23698562221120476,0.28582052553296977,0.255825483391175,0.2845810609816559,0.3026772434308379,0.3026772434308379,0.27119484382746656,0.26747645017352506,0.23723351512146754,0.2627664848785325,0.2920178482895389,0.25037183936539414,0.23822508676251858,0.23772930094199307,0.2411998016856718,0.2337630143777888,0.24467030242935053,0.2729300941993059,0.270699058006941,0.22979672781358454,0.28011898859692613,0.22954883490332176,0.2625185919682697
OPTIMAL_GREEDY_20,0.25359444719881014,0.27317798710956864,0.24442240951908775,0.27565691621219635,0.2565691621219633,0.26574119980168565,0.23475458601883986,0.22979672781358454,0.2387208725830441,0.23648983639067922,0.2449181953396133,0.3554784333168071,1.0,0.30069410014873577,0.24442240951908775,0.29697570649479427,0.25359444719881014,0.28383738225086763,0.2900347050074368,0.31234506693108577,0.2773921665840357,0.27987109568666335,0.23946455131383243,0.2734258800198314,0.29424888448190384,0.2553296975706495,0.23847297967278136,0.24169558750619732,0.24739712444224096,0.24714923153197818,0.2545860188398612,0.2744174516608825,0.2640059494298463,0.24367873078829946,0.28433316807139314,0.2464055528011899,0.2692117005453644
PLAYGROUND_BANDIT,0.2994546355974219,0.3296975706494794,0.2816063460585027,0.2848289538919187,0.3527516113039167,0.3639067922657412,0.28656420426375806,0.2840852751611304,0.3034209221616262,0.2959841348537432,0.29697570649479427,0.2962320277640059,0.30069410014873577,1.0,0.2816063460585027,0.4524045612295488,0.2994546355974219,0.641298958849777,0.49529003470500743,0.3321764997521071,0.38646504709965296,0.2967278135845315,0.28582052553296977,0.30168567178978684,0.31308874566187406,0.34283589489340605,0.3173029251363411,0.31333663857213684,0.30961824491819534,0.34977689638076354,0.297223599405057,0.27863163113534956,0.3116013882002975,0.33986117997025284,0.3145761031234507,0.3453148239960337,0.27565691621219635
PLAYGROUND_GRAPH_DENSITY,0.24367873078829946,0.26103123450669313,1.0,0.24169558750619732,0.22979672781358454,0.23698562221120476,0.24814080317302925,0.21864154685176004,0.22062469013386218,0.21864154685176004,0.2226078334159643,0.23698562221120476,0.24442240951908775,0.2816063460585027,1.0,0.2530986613782846,0.24367873078829946,0.2602875557759048,0.26425384234010907,0.2729300941993059,0.25855230540406543,0.2498760535448686,0.24392662369856222,0.23996033713435796,0.26078334159643035,0.23797719385225583,0.22657411998016858,0.2196331184928111,0.22657411998016858,0.23425880019831433,0.24169558750619732,0.2307882994546356,0.26822012890431335,0.2285572632622707,0.2521070897372335,0.23202776400594943,0.23326722855726326
PLAYGROUND_INFORMATIVE_DIVERSE,0.29300941993059,0.3106098165592464,0.2530986613782846,0.27169062964799207,0.300446207238473,0.2997025285076847,0.2550818046603867,0.2583044124938027,0.288795240456123,0.282350024789291,0.2850768468021815,0.28582052553296977,0.29697570649479427,0.4524045612295488,0.2530986613782846,1.0,0.29300941993059,0.4414972731779871,0.4144769459593456,0.3073872087258304,0.3485374318294497,0.28705999008428357,0.26499752107089736,0.28358948934060485,0.29474467030242935,0.30168567178978684,0.2925136341100645,0.2949925632126921,0.29474467030242935,0.29077838373822507,0.2811105602379772,0.278135845314824,0.2937530986613783,0.2935052057511155,0.28284581060981656,0.30193356470004956,0.2635101636093208
PLAYGROUND_KCENTER_GREEDY,1.0,0.3111056023797719,0.24367873078829946,0.24343083787803668,0.26822012890431335,0.26425384234010907,0.23971244422409518,0.26574119980168565,0.25111551809618243,0.24392662369856222,0.24541398116013882,0.255825483391175,0.25359444719881014,0.2994546355974219,0.24367873078829946,0.29300941993059,1.0,0.29424888448190384,0.2848289538919187,0.27193852255825485,0.30441249380267726,0.2545860188398612,0.23797719385225583,0.244174516608825,0.2662369856222112,0.29474467030242935,0.2588001983143282,0.2543381259295984,0.251611303916708,0.25681705503222607,0.25409023301933564,0.23772930094199307,0.30862667327714427,0.25780862667327714,0.26450173525037185,0.26871591472483886,0.23425880019831433
PLAYGROUND_MARGIN,0.29424888448190384,0.32350024789291026,0.2602875557759048,0.2714427367377293,0.3822508676251859,0.43381259295984137,0.27863163113534956,0.26747645017352506,0.288795240456123,0.2863163113534953,0.29028259791769956,0.2845810609816559,0.28383738225086763,0.641298958849777,0.2602875557759048,0.4414972731779871,0.29424888448190384,1.0,0.5674268715914725,0.31631135349529005,0.3777887952404561,0.28705999008428357,0.2734258800198314,0.2997025285076847,0.2935052057511155,0.32771442736737727,0.30515617253346555,0.3026772434308379,0.30887456618740705,0.4112543381259296,0.2915220624690134,0.27268220128904314,0.2962320277640059,0.3710956866633614,0.2892910262766485,0.3713435795736242,0.26227069905800693
PLAYGROUND_MIXTURE,0.2848289538919187,0.30813088745661876,0.26425384234010907,0.2734258800198314,0.32126921170054534,0.35101636093207733,0.26053544868616757,0.26053544868616757,0.27169062964799207,0.26524541398116014,0.2709469509172038,0.3026772434308379,0.2900347050074368,0.49529003470500743,0.26425384234010907,0.4144769459593456,0.2848289538919187,0.5674268715914725,1.0,0.3254833911750124,0.3341596430342092,0.28755577590480913,0.26524541398116014,0.29821517104610806,0.30862667327714427,0.30515617253346555,0.27937530986613784,0.2808626673277144,0.2816063460585027,0.33539910758552305,0.2773921665840357,0.28433316807139314,0.2967278135845315,0.3108577094695092,0.29449677739216656,0.3150718889439762,0.26474962816063463
PLAYGROUND_UNIFORM,0.27193852255825485,0.300446207238473,0.2729300941993059,0.288795240456123,0.2811105602379772,0.2900347050074368,0.26474962816063463,0.2677243430837878,0.2699553792761527,0.2630143777887952,0.2709469509172038,0.3026772434308379,0.31234506693108577,0.3321764997521071,0.2729300941993059,0.3073872087258304,0.27193852255825485,0.31631135349529005,0.3254833911750124,1.0,0.31184928111056026,0.2959841348537432,0.2592959841348537,0.289786812097174,0.31011403073872085,0.29821517104610806,0.27615270203272185,0.2699553792761527,0.27689638076351014,0.28309370352007934,0.28656420426375806,0.285572632622707,0.2949925632126921,0.27615270203272185,0.30218145761031234,0.28135845314824,0.2803668815071889
SKACTIVEML_COST_EMBEDDING,0.30441249380267726,0.3173029251363411,0.25855230540406543,0.2669806643529995,0.3165592464055528,0.3165592464055528,0.26524541398116014,0.26425384234010907,0.28805156172533464,0.28309370352007934,0.28433316807139314,0.27119484382746656,0.2773921665840357,0.38646504709965296,0.25855230540406543,0.3485374318294497,0.30441249380267726,0.3777887952404561,0.3341596430342092,0.31184928111056026,1.0,0.2721864154685176,0.27615270203272185,0.29077838373822507,0.29400099157164106,0.3358948934060486,0.31036192364898363,0.30515617253346555,0.30540406544372833,0.3071393158155677,0.28681209717402084,0.2635101636093208,0.29920674268715913,0.30441249380267726,0.29300941993059,0.3140803173029251,0.25855230540406543
SKACTIVEML_DAL,0.2545860188398612,0.2729300941993059,0.2498760535448686,0.255825483391175,0.26152702032721864,0.2654933068914229,0.244174516608825,0.2404561229548835,0.24144769459593457,0.24442240951908775,0.24516608824987604,0.26747645017352506,0.27987109568666335,0.2967278135845315,0.2498760535448686,0.28705999008428357,0.2545860188398612,0.28705999008428357,0.28755577590480913,0.2959841348537432,0.2721864154685176,1.0,0.2523549826474963,0.25632126921170056,0.28334159643034207,0.26474962816063463,0.2553296975706495,0.25334655428854735,0.26003966286564206,0.25756073376301436,0.26003966286564206,0.2580565195835399,0.2736737729300942,0.2565691621219633,0.28383738225086763,0.2617749132374814,0.248388696083292
SKACTIVEML_DWUS,0.23797719385225583,0.27491323748140806,0.24392662369856222,0.22756569162121965,0.26474962816063463,0.2654933068914229,0.25037183936539414,0.23549826474962815,0.24343083787803668,0.2426871591472484,0.24714923153197818,0.23723351512146754,0.23946455131383243,0.28582052553296977,0.24392662369856222,0.26499752107089736,0.23797719385225583,0.2734258800198314,0.26524541398116014,0.2592959841348537,0.27615270203272185,0.2523549826474963,1.0,0.2426871591472484,0.255825483391175,0.2697074863658899,0.2588001983143282,0.26127912741695586,0.2592959841348537,0.2580565195835399,0.25334655428854735,0.23177987109568665,0.26499752107089736,0.25756073376301436,0.24863658899355479,0.25731284085275163,0.2203767972235994
SKACTIVEML_QBC,0.244174516608825,0.273921665840357,0.23996033713435796,0.2543381259295984,0.2580565195835399,0.25780862667327714,0.24590976698066436,0.24318294496777393,0.24516608824987604,0.24095190877540903,0.24194348041646008,0.2627664848785325,0.2734258800198314,0.30168567178978684,0.23996033713435796,0.28358948934060485,0.244174516608825,0.2997025285076847,0.29821517104610806,0.289786812097174,0.29077838373822507,0.25632126921170056,0.2426871591472484,1.0,0.2853247397124442,0.2788795240456123,0.24962816063460586,0.2560733763014378,0.2565691621219633,0.25681705503222607,0.2625185919682697,0.2560733763014378,0.2677243430837878,0.2595438770451165,0.263262270699058,0.25384234010907286,0.2464055528011899
SKACTIVEML_QBC_VOTE_ENTROPY,0.2662369856222112,0.28061477441745164,0.26078334159643035,0.2778879524045612,0.2625185919682697,0.26574119980168565,0.24913237481408032,0.24020823004462072,0.25632126921170056,0.25037183936539414,0.2553296975706495,0.2920178482895389,0.29424888448190384,0.31308874566187406,0.26078334159643035,0.29474467030242935,0.2662369856222112,0.2935052057511155,0.30862667327714427,0.31011403073872085,0.29400099157164106,0.28334159643034207,0.255825483391175,0.2853247397124442,1.0,0.26797223599405057,0.263262270699058,0.2627664848785325,0.2640059494298463,0.2635101636093208,0.26822012890431335,0.26896380763510164,0.2890431333663857,0.25731284085275163,0.2863163113534953,0.2677243430837878,0.26945959345562714
SKACTIVEML_QUIRE,0.29474467030242935,0.33886960832920177,0.23797719385225583,0.25260287555775907,0.2999504214179474,0.2997025285076847,0.25260287555775907,0.29325731284085277,0.27491323748140806,0.27640059494298463,0.266484878532474,0.25037183936539414,0.2553296975706495,0.34283589489340605,0.23797719385225583,0.30168567178978684,0.29474467030242935,0.32771442736737727,0.30515617253346555,0.29821517104610806,0.3358948934060486,0.26474962816063463,0.2697074863658899,0.2788795240456123,0.26797223599405057,1.0,0.29028259791769956,0.29102627664848785,0.27640059494298463,0.2863163113534953,0.27193852255825485,0.24318294496777393,0.29028259791769956,0.29424888448190384,0.2821021318790283,0.2997025285076847,0.24442240951908775
SKACTIVEML_US_ENTROPY,0.2588001983143282,0.2962320277640059,0.22657411998016858,0.23475458601883986,0.319533961328706,0.3041646008924145,0.22954883490332176,0.244174516608825,0.3306891422905305,0.30813088745661876,0.2878036688150719,0.23822508676251858,0.23847297967278136,0.3173029251363411,0.22657411998016858,0.2925136341100645,0.2588001983143282,0.30515617253346555,0.27937530986613784,0.27615270203272185,0.31036192364898363,0.2553296975706495,0.2588001983143282,0.24962816063460586,0.263262270699058,0.29028259791769956,1.0,0.8403569657907783,0.8098661378284581,0.3001983143282102,0.2588001983143282,0.22583044124938026,0.27565691621219635,0.31755081804660384,0.2565691621219633,0.3455627169062965,0.2255825483391175
SKACTIVEML_US_LC,0.2543381259295984,0.2925136341100645,0.2196331184928111,0.23103619236489836,0.33936539414972733,0.30143777887952405,0.22682201289043133,0.23971244422409518,0.2994546355974219,0.3182944967773922,0.28433316807139314,0.23772930094199307,0.24169558750619732,0.31333663857213684,0.2196331184928111,0.2949925632126921,0.2543381259295984,0.3026772434308379,0.2808626673277144,0.2699553792761527,0.30515617253346555,0.25334655428854735,0.26127912741695586,0.2560733763014378,0.2627664848785325,0.29102627664848785,0.8403569657907783,1.0,0.8153197818542389,0.2949925632126921,0.2528507684680218,0.2300446207238473,0.26896380763510164,0.3321764997521071,0.26003966286564206,0.31928606841844326,0.22161626177491323
SKACTIVEML_US_MARGIN,0.251611303916708,0.2863163113534953,0.22657411998016858,0.23425880019831433,0.3024293505205751,0.3292017848289539,0.23202776400594943,0.2345066931085771,0.28953891918691127,0.28805156172533464,0.31978185423896877,0.2411998016856718,0.24739712444224096,0.30961824491819534,0.22657411998016858,0.29474467030242935,0.251611303916708,0.30887456618740705,0.2816063460585027,0.27689638076351014,0.30540406544372833,0.26003966286564206,0.2592959841348537,0.2565691621219633,0.2640059494298463,0.27640059494298463,0.8098661378284581,0.8153197818542389,1.0,0.3267228557263262,0.25731284085275163,0.23128408527516114,0.26574119980168565,0.2920178482895389,0.25681705503222607,0.30218145761031234,0.22459097669806644
SMALLTEXT_BREAKINGTIES,0.25681705503222607,0.28705999008428357,0.23425880019831433,0.23624194348041647,0.37679722359940504,0.4635597421913733,0.2387208725830441,0.24442240951908775,0.349281110560238,0.35101636093207733,0.3849776896380763,0.2337630143777888,0.24714923153197818,0.34977689638076354,0.23425880019831433,0.29077838373822507,0.25681705503222607,0.4112543381259296,0.33539910758552305,0.28309370352007934,0.3071393158155677,0.25756073376301436,0.2580565195835399,0.25681705503222607,0.2635101636093208,0.2863163113534953,0.3001983143282102,0.2949925632126921,0.3267228557263262,1.0,0.25334655428854735,0.22731779871095686,0.2667327714427367,0.8058998512642539,0.2580565195835399,0.8049082796232028,0.22657411998016858
SMALLTEXT_CONTRASTIVEAL,0.25409023301933564,0.2803668815071889,0.24169558750619732,0.24962816063460586,0.2677243430837878,0.26425384234010907,0.251611303916708,0.2565691621219633,0.24665344571145265,0.24367873078829946,0.2424392662369856,0.24467030242935053,0.2545860188398612,0.297223599405057,0.24169558750619732,0.2811105602379772,0.25409023301933564,0.2915220624690134,0.2773921665840357,0.28656420426375806,0.28681209717402084,0.26003966286564206,0.25334655428854735,0.2625185919682697,0.26822012890431335,0.27193852255825485,0.2588001983143282,0.2528507684680218,0.25731284085275163,0.25334655428854735,1.0,0.24293505205751115,0.27268220128904314,0.2595438770451165,0.2583044124938027,0.2635101636093208,0.24219137332672286
SMALLTEXT_EMBEDDINGKMEANS,0.23772930094199307,0.2506197322756569,0.2307882994546356,0.2498760535448686,0.22954883490332176,0.2315319781854239,0.23996033713435796,0.2196331184928111,0.22508676251859197,0.22087258304412494,0.22508676251859197,0.2729300941993059,0.2744174516608825,0.27863163113534956,0.2307882994546356,0.278135845314824,0.23772930094199307,0.27268220128904314,0.28433316807139314,0.285572632622707,0.2635101636093208,0.2580565195835399,0.23177987109568665,0.2560733763014378,0.26896380763510164,0.24318294496777393,0.22583044124938026,0.2300446207238473,0.23128408527516114,0.22731779871095686,0.24293505205751115,1.0,0.24938026772434307,0.21764997521070897,0.266484878532474,0.22533465542885472,0.24293505205751115
SMALLTEXT_GREEDYCORESET,0.30862667327714427,0.30639563708477935,0.26822012890431335,0.26425384234010907,0.2771442736737729,0.27640059494298463,0.25111551809618243,0.259048091224591,0.2736737729300942,0.2721864154685176,0.26871591472483886,0.270699058006941,0.2640059494298463,0.3116013882002975,0.26822012890431335,0.2937530986613783,0.30862667327714427,0.2962320277640059,0.2967278135845315,0.2949925632126921,0.29920674268715913,0.2736737729300942,0.26499752107089736,0.2677243430837878,0.2890431333663857,0.29028259791769956,0.27565691621219635,0.26896380763510164,0.26574119980168565,0.2667327714427367,0.27268220128904314,0.24938026772434307,1.0,0.26945959345562714,0.2803668815071889,0.2776400594942985,0.255825483391175
SMALLTEXT_LEASTCONFIDENCE,0.25780862667327714,0.29449677739216656,0.2285572632622707,0.2315319781854239,0.47000495785820523,0.3710956866633614,0.23648983639067922,0.24690133862171543,0.3673772930094199,0.39092711948438275,0.3515121467526029,0.22979672781358454,0.24367873078829946,0.33986117997025284,0.2285572632622707,0.2935052057511155,0.25780862667327714,0.3710956866633614,0.3108577094695092,0.27615270203272185,0.30441249380267726,0.2565691621219633,0.25756073376301436,0.2595438770451165,0.25731284085275163,0.29424888448190384,0.31755081804660384,0.3321764997521071,0.2920178482895389,0.8058998512642539,0.2595438770451165,0.21764997521070897,0.26945959345562714,1.0,0.2545860188398612,0.8319286068418443,0.22235994050570154
SMALLTEXT_LIGHTWEIGHTCORESET,0.26450173525037185,0.28334159643034207,0.2521070897372335,0.2672285572632623,0.2659890927119484,0.2702032721864155,0.24888448190381754,0.24814080317302925,0.23971244422409518,0.23723351512146754,0.24590976698066436,0.28011898859692613,0.28433316807139314,0.3145761031234507,0.2521070897372335,0.28284581060981656,0.26450173525037185,0.2892910262766485,0.29449677739216656,0.30218145761031234,0.29300941993059,0.28383738225086763,0.24863658899355479,0.263262270699058,0.2863163113534953,0.2821021318790283,0.2565691621219633,0.26003966286564206,0.25681705503222607,0.2580565195835399,0.2583044124938027,0.266484878532474,0.2803668815071889,0.2545860188398612,1.0,0.25632126921170056,0.2595438770451165
SMALLTEXT_PREDICTIONENTROPY,0.26871591472483886,0.29920674268715913,0.23202776400594943,0.24169558750619732,0.3971244422409519,0.3696083292017848,0.23822508676251858,0.2506197322756569,0.3996033713435796,0.3735746157659891,0.36117997025285076,0.22954883490332176,0.2464055528011899,0.3453148239960337,0.23202776400594943,0.30193356470004956,0.26871591472483886,0.3713435795736242,0.3150718889439762,0.28135845314824,0.3140803173029251,0.2617749132374814,0.25731284085275163,0.25384234010907286,0.2677243430837878,0.2997025285076847,0.3455627169062965,0.31928606841844326,0.30218145761031234,0.8049082796232028,0.2635101636093208,0.22533465542885472,0.2776400594942985,0.8319286068418443,0.25632126921170056,1.0,0.23277144273673772
SMALLTEXT_RANDOM,0.23425880019831433,0.2508676251859197,0.23326722855726326,0.9873574615765989,0.23128408527516114,0.23797719385225583,0.21641051065939515,0.21864154685176004,0.21616261774913237,0.21690629647992068,0.21988101140307387,0.2625185919682697,0.2692117005453644,0.27565691621219635,0.23326722855726326,0.2635101636093208,0.23425880019831433,0.26227069905800693,0.26474962816063463,0.2803668815071889,0.25855230540406543,0.248388696083292,0.2203767972235994,0.2464055528011899,0.26945959345562714,0.24442240951908775,0.2255825483391175,0.22161626177491323,0.22459097669806644,0.22657411998016858,0.24219137332672286,0.24293505205751115,0.255825483391175,0.22235994050570154,0.2595438770451165,0.23277144273673772,1.0
