,ALIPY_CORESET_GREEDY,ALIPY_DENSITY_WEIGHTED,ALIPY_GRAPH_DENSITY,ALIPY_RANDOM,ALIPY_UNCERTAINTY_LC,ALIPY_UNCERTAINTY_MM,LIBACT_DWUS,LIBACT_QUIRE,LIBACT_UNCERTAINTY_ENT,LIBACT_UNCERTAINTY_LC,LIBACT_UNCERTAINTY_SM,OPTIMAL_GREEDY_10,OPTIMAL_GREEDY_20,PLAYGROUND_BANDIT,PLAYGROUND_GRAPH_DENSITY,PLAYGROUND_INFORMATIVE_DIVERSE,PLAYGROUND_KCENTER_GREEDY,PLAYGROUND_MARGIN,PLAYGROUND_MIXTURE,PLAYGROUND_UNIFORM,SKACTIVEML_COST_EMBEDDING,SKACTIVEML_DAL,SKACTIVEML_DWUS,SKACTIVEML_QBC,SKACTIVEML_QBC_VOTE_ENTROPY,SKACTIVEML_QUIRE,SKACTIVEML_US_ENTROPY,SKACTIVEML_US_LC,SKACTIVEML_US_MARGIN,SMALLTEXT_BREAKINGTIES,SMALLTEXT_CONTRASTIVEAL,SMALLTEXT_EMBEDDINGKMEANS,SMALLTEXT_GREEDYCORESET,SMALLTEXT_LEASTCONFIDENCE,SMALLTEXT_LIGHTWEIGHTCORESET,SMALLTEXT_PREDICTIONENTROPY,SMALLTEXT_RANDOM
ALIPY_CORESET_GREEDY,1.0,0.11378284581060982,0.13485374318294496,0.12989588497768964,0.0850272682201289,0.0813088745661874,0.04685176003966286,0.07808626673277144,0.06792265741199802,0.07040158651462568,0.07164105106593951,0.20897372335151215,0.19881011403073873,0.11874070401586515,0.13485374318294496,0.12469013386217154,0.9992563212692117,0.09395141298958849,0.15319781854238967,0.16608824987605356,0.12171541893901834,0.16311353495290035,0.07188894397620228,0.08329201784828955,0.16311353495290035,0.11155180961824492,0.07188894397620228,0.08205255329697571,0.07089737233515121,0.07560733763014378,0.0880019831432821,0.11923648983639068,0.236737729300942,0.08081308874566187,0.146504709965295,0.07585523054040655,0.12989588497768964
ALIPY_DENSITY_WEIGHTED,0.11378284581060982,1.0,0.07932573128408528,0.10188398611799702,0.13956370847793753,0.13782845810609817,0.047595438770451165,0.0984134853743183,0.11378284581060982,0.11502231036192365,0.11601388200297472,0.11948438274665345,0.11650966782350025,0.13807635101636093,0.07932573128408528,0.12915220624690135,0.11378284581060982,0.13262270699058007,0.13485374318294496,0.11601388200297472,0.15071888943976203,0.11874070401586515,0.12394645513138325,0.06742687159147248,0.11105602379771938,0.13956370847793753,0.13733267228557264,0.13658899355478432,0.13634110064452157,0.12047595438770452,0.07759048091224591,0.08527516113039167,0.11378284581060982,0.12964799206742686,0.11824491819533961,0.13287059990084282,0.10188398611799702
ALIPY_GRAPH_DENSITY,0.13485374318294496,0.07932573128408528,1.0,0.18889439762022806,0.06742687159147248,0.07635101636093208,0.060981655924640554,0.03743182944967774,0.06395637084779375,0.06048587010411502,0.06792265741199802,0.16732771442736738,0.1588993554784333,0.10634605850272683,1.0,0.09766980664352999,0.1353495290034705,0.0880019831432821,0.13212692117005453,0.23624194348041647,0.10882498760535449,0.18815071888943977,0.0969261279127417,0.10684184432325236,0.2337630143777888,0.07089737233515121,0.06866633614278632,0.06941001487357462,0.07511155180961825,0.07188894397620228,0.04908279623202776,0.1494794248884482,0.153941497273178,0.06693108577094695,0.19360436291522062,0.06767476450173525,0.18889439762022806
ALIPY_RANDOM,0.12989588497768964,0.10188398611799702,0.18889439762022806,1.0,0.0887456618740704,0.09419930589985126,0.056023797719385225,0.07957362419434805,0.07734258800198314,0.07312840852751612,0.08304412493802678,0.22756569162121965,0.21021318790282598,0.13361427863163114,0.18889439762022806,0.13559742191373328,0.12964799206742686,0.11204759543877045,0.16732771442736738,0.300446207238473,0.13510163609320774,0.25037183936539414,0.10808130887456618,0.14080317302925136,0.3111056023797719,0.09519087754090233,0.08973723351512147,0.09568666336142786,0.09890927119484383,0.0850272682201289,0.07188894397620228,0.2248388696083292,0.17104610808130888,0.08552305404065444,0.27937530986613784,0.07957362419434805,1.0
ALIPY_UNCERTAINTY_LC,0.0850272682201289,0.13956370847793753,0.06742687159147248,0.0887456618740704,1.0,0.7786316311353495,0.025780862667327716,0.04685176003966286,0.21417947446703026,0.25681705503222607,0.20748636588993555,0.17278135845314824,0.16955875061973227,0.26202280614774415,0.06742687159147248,0.24293505205751115,0.0850272682201289,0.3111056023797719,0.2513634110064452,0.11849281110560238,0.20500743678730787,0.11998016856717898,0.08701041150223103,0.06271690629647993,0.10560237977193852,0.11130391670798215,0.2721864154685176,0.30466038671294,0.2550818046603867,0.31383242439266235,0.04933068914229053,0.0857709469509172,0.0924640555280119,0.4253842340109073,0.10808130887456618,0.33837382250867626,0.0887456618740704
ALIPY_UNCERTAINTY_MM,0.0813088745661874,0.13782845810609817,0.07635101636093208,0.09419930589985126,0.7786316311353495,1.0,0.03445711452652454,0.04561229548834903,0.18368864650470995,0.2077342588001983,0.263262270699058,0.1886465047099653,0.18393653941497273,0.282350024789291,0.07635101636093208,0.25037183936539414,0.08155676747645017,0.3646504709965295,0.273921665840357,0.12543381259295985,0.1960832920178483,0.1264253842340109,0.08849776896380764,0.06569162121963312,0.11650966782350025,0.11378284581060982,0.23500247892910262,0.24888448190381754,0.3039167079821517,0.42786316311353495,0.052553296975706494,0.08676251859196826,0.09295984134853744,0.31011403073872085,0.11303916707982152,0.28135845314824,0.09419930589985126
LIBACT_DWUS,0.04685176003966286,0.047595438770451165,0.060981655924640554,0.056023797719385225,0.025780862667327716,0.03445711452652454,1.0,0.06693108577094695,0.022062469013386217,0.022806147744174516,0.02900347050074368,0.029747149231531978,0.030490827962320277,0.03445711452652454,0.060981655924640554,0.023549826474962815,0.04685176003966286,0.031978185423896875,0.034209221616261776,0.07436787307882994,0.0421417947446703,0.053792761527020325,0.09643034209221617,0.07808626673277144,0.07808626673277144,0.04858701041150223,0.026524541398116015,0.02404561229548835,0.031978185423896875,0.02825979176995538,0.06792265741199802,0.11700545364402579,0.04313336638572137,0.02181457610312345,0.062221120475954385,0.02454139811601388,0.056023797719385225
LIBACT_QUIRE,0.07808626673277144,0.0984134853743183,0.03743182944967774,0.07957362419434805,0.04685176003966286,0.04561229548834903,0.06693108577094695,1.0,0.03520079325731284,0.03371343579573624,0.035448686167575606,0.05280118988596926,0.05081804660386713,0.05156172533465543,0.03743182944967774,0.05057015369360436,0.07783837382250867,0.04462072384729797,0.06246901338621715,0.0842835894893406,0.06618740704015866,0.0813088745661874,0.053544868616757564,0.08304412493802678,0.09147248388696083,0.1028755577590481,0.031978185423896875,0.034209221616261776,0.03173029251363411,0.037927615270203274,0.09271194843827467,0.0872583044124938,0.08899355478433317,0.03867129400099157,0.09890927119484383,0.03767972235994051,0.07957362419434805
LIBACT_UNCERTAINTY_ENT,0.06792265741199802,0.11378284581060982,0.06395637084779375,0.07734258800198314,0.21417947446703026,0.18368864650470995,0.022062469013386217,0.03520079325731284,1.0,0.8098661378284581,0.7600396628656421,0.13658899355478432,0.1331184928111056,0.16360932077342588,0.06395637084779375,0.21021318790282598,0.06817055032226078,0.16311353495290035,0.15989092711948438,0.10808130887456618,0.1576598909271195,0.1028755577590481,0.08527516113039167,0.054784333168071395,0.09568666336142786,0.08304412493802678,0.2580565195835399,0.21170054536440258,0.18616757560733763,0.24566187407040158,0.05899851264253842,0.06941001487357462,0.08477937530986614,0.2773921665840357,0.09147248388696083,0.3220128904313337,0.07734258800198314
LIBACT_UNCERTAINTY_LC,0.07040158651462568,0.11502231036192365,0.06048587010411502,0.07312840852751612,0.25681705503222607,0.2077342588001983,0.022806147744174516,0.03371343579573624,0.8098661378284581,1.0,0.7925136341100645,0.14105106593951414,0.14080317302925136,0.17575607337630145,0.06048587010411502,0.22285572632622708,0.07064947942488845,0.18319286068418444,0.17426871591472484,0.09593455627169063,0.16410510659395142,0.10461080813088745,0.0887456618740704,0.05230540406544373,0.09395141298958849,0.07957362419434805,0.23054040654437283,0.26202280614774415,0.21095686663361427,0.2627664848785325,0.04685176003966286,0.07064947942488845,0.08155676747645017,0.3215171046108081,0.090233019335647,0.28705999008428357,0.07312840852751612
LIBACT_UNCERTAINTY_SM,0.07164105106593951,0.11601388200297472,0.06792265741199802,0.08304412493802678,0.20748636588993555,0.263262270699058,0.02900347050074368,0.035448686167575606,0.7600396628656421,0.7925136341100645,1.0,0.15815567674764502,0.1536936043629152,0.18517600396628656,0.06792265741199802,0.23202776400594943,0.07213683688646505,0.19583539910758552,0.18815071888943977,0.10981655924640556,0.1685671789786812,0.10808130887456618,0.08775409023301933,0.060981655924640554,0.10312345066931086,0.07932573128408528,0.1906296479920674,0.20748636588993555,0.2635101636093208,0.32746653445711454,0.04685176003966286,0.07213683688646505,0.08403569657907783,0.26945959345562714,0.09890927119484383,0.25731284085275163,0.08304412493802678
OPTIMAL_GREEDY_10,0.20897372335151215,0.11948438274665345,0.16732771442736738,0.22756569162121965,0.17278135845314824,0.1886465047099653,0.029747149231531978,0.05280118988596926,0.13658899355478432,0.14105106593951414,0.15815567674764502,1.0,0.7265741199801685,0.2625185919682697,0.16732771442736738,0.2853247397124442,0.2094695091720377,0.2345066931085771,0.33886960832920177,0.2640059494298463,0.1983143282102132,0.24318294496777393,0.07461576598909271,0.11973227565691621,0.2699553792761527,0.13658899355478432,0.1715418939018344,0.17773921665840356,0.1923648983639068,0.1826970748636589,0.06395637084779375,0.22062469013386218,0.13559742191373328,0.1722855726326227,0.23996033713435796,0.16311353495290035,0.22756569162121965
OPTIMAL_GREEDY_20,0.19881011403073873,0.11650966782350025,0.1588993554784333,0.21021318790282598,0.16955875061973227,0.18393653941497273,0.030490827962320277,0.05081804660386713,0.1331184928111056,0.14080317302925136,0.1536936043629152,0.7265741199801685,1.0,0.26053544868616757,0.1588993554784333,0.2848289538919187,0.1980664352999504,0.23202776400594943,0.33539910758552305,0.25012394645513136,0.18170550322260784,0.236737729300942,0.07040158651462568,0.11725334655428855,0.2588001983143282,0.14105106593951414,0.17278135845314824,0.17997025285076848,0.1931085770946951,0.17947446703024295,0.07387208725830441,0.21715418939018344,0.13658899355478432,0.16385721368368864,0.23252354982647497,0.15939514129895885,0.21021318790282598
PLAYGROUND_BANDIT,0.11874070401586515,0.13807635101636093,0.10634605850272683,0.13361427863163114,0.26202280614774415,0.282350024789291,0.03445711452652454,0.05156172533465543,0.16360932077342588,0.17575607337630145,0.18517600396628656,0.2625185919682697,0.26053544868616757,1.0,0.10634605850272683,0.44918195339613287,0.11898859692612791,0.652949925632127,0.503222607833416,0.16906296479920674,0.3073872087258304,0.16584035696579078,0.08304412493802678,0.0887456618740704,0.1536936043629152,0.1576598909271195,0.19286068418443233,0.20153693604362916,0.2166584035696579,0.2583044124938027,0.062221120475954385,0.10213187902825979,0.10262766484878533,0.23648983639067922,0.1499752107089737,0.22136836886465047,0.13361427863163114
PLAYGROUND_GRAPH_DENSITY,0.13485374318294496,0.07932573128408528,1.0,0.18889439762022806,0.06742687159147248,0.07635101636093208,0.060981655924640554,0.03743182944967774,0.06395637084779375,0.06048587010411502,0.06792265741199802,0.16732771442736738,0.1588993554784333,0.10634605850272683,1.0,0.09766980664352999,0.1353495290034705,0.0880019831432821,0.13212692117005453,0.23624194348041647,0.10882498760535449,0.18815071888943977,0.0969261279127417,0.10684184432325236,0.2337630143777888,0.07089737233515121,0.06866633614278632,0.06941001487357462,0.07511155180961825,0.07188894397620228,0.04908279623202776,0.1494794248884482,0.153941497273178,0.06693108577094695,0.19360436291522062,0.06767476450173525,0.18889439762022806
PLAYGROUND_INFORMATIVE_DIVERSE,0.12469013386217154,0.12915220624690135,0.09766980664352999,0.13559742191373328,0.24293505205751115,0.25037183936539414,0.023549826474962815,0.05057015369360436,0.21021318790282598,0.22285572632622708,0.23202776400594943,0.2853247397124442,0.2848289538919187,0.44918195339613287,0.09766980664352999,1.0,0.1249380267724343,0.451165096678235,0.44323252354982645,0.16955875061973227,0.26425384234010907,0.15319781854238967,0.08453148239960337,0.08824987605354487,0.15642042637580567,0.14179474467030243,0.2094695091720377,0.2255825483391175,0.23648983639067922,0.22533465542885472,0.06073376301437779,0.1249380267724343,0.11254338125929599,0.21913733267228558,0.15815567674764502,0.20599900842835894,0.13559742191373328
PLAYGROUND_KCENTER_GREEDY,0.9992563212692117,0.11378284581060982,0.1353495290034705,0.12964799206742686,0.0850272682201289,0.08155676747645017,0.04685176003966286,0.07783837382250867,0.06817055032226078,0.07064947942488845,0.07213683688646505,0.2094695091720377,0.1980664352999504,0.11898859692612791,0.1353495290034705,0.1249380267724343,1.0,0.09419930589985126,0.1536936043629152,0.1663361427863163,0.12196331184928111,0.16360932077342588,0.07188894397620228,0.08378780366881507,0.16385721368368864,0.11155180961824492,0.07188894397620228,0.08230044620723848,0.07089737233515121,0.07585523054040655,0.08775409023301933,0.11898859692612791,0.23723351512146754,0.0813088745661874,0.14675260287555775,0.07585523054040655,0.12964799206742686
PLAYGROUND_MARGIN,0.09395141298958849,0.13262270699058007,0.0880019831432821,0.11204759543877045,0.3111056023797719,0.3646504709965295,0.031978185423896875,0.04462072384729797,0.16311353495290035,0.18319286068418444,0.19583539910758552,0.2345066931085771,0.23202776400594943,0.652949925632127,0.0880019831432821,0.451165096678235,0.09419930589985126,1.0,0.5451165096678235,0.14080317302925136,0.30441249380267726,0.12865642042637582,0.08254833911750124,0.08279623202776401,0.13411006445215667,0.1554288547347546,0.20699058006941,0.21864154685176004,0.2374814080317303,0.3378780366881507,0.057263262270699056,0.08775409023301933,0.09221616261774913,0.285572632622707,0.12369856222112048,0.26524541398116014,0.11204759543877045
PLAYGROUND_MIXTURE,0.15319781854238967,0.13485374318294496,0.13212692117005453,0.16732771442736738,0.2513634110064452,0.273921665840357,0.034209221616261776,0.06246901338621715,0.15989092711948438,0.17426871591472484,0.18815071888943977,0.33886960832920177,0.33539910758552305,0.503222607833416,0.13212692117005453,0.44323252354982645,0.1536936043629152,0.5451165096678235,1.0,0.229300941993059,0.2697074863658899,0.1901338621715419,0.08378780366881507,0.10089241447694595,0.19657907783837383,0.15096678235002478,0.19930589985126426,0.20029747149231533,0.22062469013386218,0.2597917699553793,0.06618740704015866,0.15493306891422906,0.12320277640059495,0.2352503718393654,0.1864154685176004,0.22161626177491323,0.16732771442736738
PLAYGROUND_UNIFORM,0.16608824987605356,0.11601388200297472,0.23624194348041647,0.300446207238473,0.11849281110560238,0.12543381259295985,0.07436787307882994,0.0842835894893406,0.10808130887456618,0.09593455627169063,0.10981655924640556,0.2640059494298463,0.25012394645513136,0.16906296479920674,0.23624194348041647,0.16955875061973227,0.1663361427863163,0.14080317302925136,0.229300941993059,1.0,0.16980664352999505,0.26945959345562714,0.12097174020823004,0.15642042637580567,0.3505205751115518,0.11328705999008429,0.11006445215666832,0.11229548834903322,0.11799702528507684,0.1279127416955875,0.0991571641051066,0.2464055528011899,0.1834407535944472,0.11923648983639068,0.3083787803668815,0.10956866633614279,0.300446207238473
SKACTIVEML_COST_EMBEDDING,0.12171541893901834,0.15071888943976203,0.10882498760535449,0.13510163609320774,0.20500743678730787,0.1960832920178483,0.0421417947446703,0.06618740704015866,0.1576598909271195,0.16410510659395142,0.1685671789786812,0.1983143282102132,0.18170550322260784,0.3073872087258304,0.10882498760535449,0.26425384234010907,0.12196331184928111,0.30441249380267726,0.2697074863658899,0.16980664352999505,1.0,0.15096678235002478,0.1028755577590481,0.10039662865642042,0.1591472483886961,0.16906296479920674,0.17773921665840356,0.18170550322260784,0.1819533961328706,0.18591968269707487,0.06420426375805652,0.11130391670798215,0.11799702528507684,0.18889439762022806,0.146504709965295,0.1906296479920674,0.13510163609320774
SKACTIVEML_DAL,0.16311353495290035,0.11874070401586515,0.18815071888943977,0.25037183936539414,0.11998016856717898,0.1264253842340109,0.053792761527020325,0.0813088745661874,0.1028755577590481,0.10461080813088745,0.10808130887456618,0.24318294496777393,0.236737729300942,0.16584035696579078,0.18815071888943977,0.15319781854238967,0.16360932077342588,0.12865642042637582,0.1901338621715419,0.26945959345562714,0.15096678235002478,1.0,0.11403073872087258,0.12047595438770452,0.27590480912245907,0.11849281110560238,0.11799702528507684,0.11973227565691621,0.12617749132374814,0.11204759543877045,0.09221616261774913,0.1960832920178483,0.17129400099157163,0.10907288051561725,0.26103123450669313,0.10684184432325236,0.25037183936539414
SKACTIVEML_DWUS,0.07188894397620228,0.12394645513138325,0.0969261279127417,0.10808130887456618,0.08701041150223103,0.08849776896380764,0.09643034209221617,0.053544868616757564,0.08527516113039167,0.0887456618740704,0.08775409023301933,0.07461576598909271,0.07040158651462568,0.08304412493802678,0.0969261279127417,0.08453148239960337,0.07188894397620228,0.08254833911750124,0.08378780366881507,0.12097174020823004,0.1028755577590481,0.11403073872087258,1.0,0.10337134357957363,0.12444224095190877,0.07808626673277144,0.09791769955379276,0.09890927119484383,0.09940505701536936,0.08279623202776401,0.05676747645017353,0.10882498760535449,0.08180466038671294,0.08279623202776401,0.11626177491323748,0.0857709469509172,0.10808130887456618
SKACTIVEML_QBC,0.08329201784828955,0.06742687159147248,0.10684184432325236,0.14080317302925136,0.06271690629647993,0.06569162121963312,0.07808626673277144,0.08304412493802678,0.054784333168071395,0.05230540406544373,0.060981655924640554,0.11973227565691621,0.11725334655428855,0.0887456618740704,0.10684184432325236,0.08824987605354487,0.08378780366881507,0.08279623202776401,0.10089241447694595,0.15642042637580567,0.10039662865642042,0.12047595438770452,0.10337134357957363,1.0,0.1650966782350025,0.10312345066931086,0.054784333168071395,0.05924640555280119,0.06445215666831929,0.05800694100148736,0.0842835894893406,0.16385721368368864,0.0954387704511651,0.05577590480912246,0.1308874566187407,0.0532969757064948,0.14080317302925136
SKACTIVEML_QBC_VOTE_ENTROPY,0.16311353495290035,0.11105602379771938,0.2337630143777888,0.3111056023797719,0.10560237977193852,0.11650966782350025,0.07808626673277144,0.09147248388696083,0.09568666336142786,0.09395141298958849,0.10312345066931086,0.2699553792761527,0.2588001983143282,0.1536936043629152,0.2337630143777888,0.15642042637580567,0.16385721368368864,0.13411006445215667,0.19657907783837383,0.3505205751115518,0.1591472483886961,0.27590480912245907,0.12444224095190877,0.1650966782350025,1.0,0.11204759543877045,0.11031234506693109,0.11378284581060982,0.1256817055032226,0.10411502231036192,0.07808626673277144,0.2411998016856718,0.19410014873574616,0.0991571641051066,0.32771442736737727,0.09519087754090233,0.3111056023797719
SKACTIVEML_QUIRE,0.11155180961824492,0.13956370847793753,0.07089737233515121,0.09519087754090233,0.11130391670798215,0.11378284581060982,0.04858701041150223,0.1028755577590481,0.08304412493802678,0.07957362419434805,0.07932573128408528,0.13658899355478432,0.14105106593951414,0.1576598909271195,0.07089737233515121,0.14179474467030243,0.11155180961824492,0.1554288547347546,0.15096678235002478,0.11328705999008429,0.16906296479920674,0.11849281110560238,0.07808626673277144,0.10312345066931086,0.11204759543877045,1.0,0.10163609320773426,0.09816559246405553,0.10163609320773426,0.10510659395141299,0.10585027268220129,0.07585523054040655,0.10634605850272683,0.10510659395141299,0.11576598909271195,0.1036192364898364,0.09519087754090233
SKACTIVEML_US_ENTROPY,0.07188894397620228,0.13733267228557264,0.06866633614278632,0.08973723351512147,0.2721864154685176,0.23500247892910262,0.026524541398116015,0.031978185423896875,0.2580565195835399,0.23054040654437283,0.1906296479920674,0.1715418939018344,0.17278135845314824,0.19286068418443233,0.06866633614278632,0.2094695091720377,0.07188894397620228,0.20699058006941,0.19930589985126426,0.11006445215666832,0.17773921665840356,0.11799702528507684,0.09791769955379276,0.054784333168071395,0.11031234506693109,0.10163609320773426,1.0,0.8249876053544869,0.7677243430837878,0.2017848289538919,0.05552801189885969,0.07585523054040655,0.09419930589985126,0.24070401586514625,0.10510659395141299,0.28681209717402084,0.08973723351512147
SKACTIVEML_US_LC,0.08205255329697571,0.13658899355478432,0.06941001487357462,0.09568666336142786,0.30466038671294,0.24888448190381754,0.02404561229548835,0.034209221616261776,0.21170054536440258,0.26202280614774415,0.20748636588993555,0.17773921665840356,0.17997025285076848,0.20153693604362916,0.06941001487357462,0.2255825483391175,0.08230044620723848,0.21864154685176004,0.20029747149231533,0.11229548834903322,0.18170550322260784,0.11973227565691621,0.09890927119484383,0.05924640555280119,0.11378284581060982,0.09816559246405553,0.8249876053544869,1.0,0.7905304908279623,0.21492315319781854,0.056023797719385225,0.08279623202776401,0.09667823500247893,0.2729300941993059,0.10708973723351513,0.2374814080317303,0.09568666336142786
SKACTIVEML_US_MARGIN,0.07089737233515121,0.13634110064452157,0.07511155180961825,0.09890927119484383,0.2550818046603867,0.3039167079821517,0.031978185423896875,0.03173029251363411,0.18616757560733763,0.21095686663361427,0.2635101636093208,0.1923648983639068,0.1931085770946951,0.2166584035696579,0.07511155180961825,0.23648983639067922,0.07089737233515121,0.2374814080317303,0.22062469013386218,0.11799702528507684,0.1819533961328706,0.12617749132374814,0.09940505701536936,0.06445215666831929,0.1256817055032226,0.10163609320773426,0.7677243430837878,0.7905304908279623,1.0,0.2746653445711453,0.05577590480912246,0.07957362419434805,0.0932077342588002,0.22607833415964304,0.10981655924640556,0.20649479424888448,0.09890927119484383
SMALLTEXT_BREAKINGTIES,0.07560733763014378,0.12047595438770452,0.07188894397620228,0.0850272682201289,0.31383242439266235,0.42786316311353495,0.02825979176995538,0.037927615270203274,0.24566187407040158,0.2627664848785325,0.32746653445711454,0.1826970748636589,0.17947446703024295,0.2583044124938027,0.07188894397620228,0.22533465542885472,0.07585523054040655,0.3378780366881507,0.2597917699553793,0.1279127416955875,0.18591968269707487,0.11204759543877045,0.08279623202776401,0.05800694100148736,0.10411502231036192,0.10510659395141299,0.2017848289538919,0.21492315319781854,0.2746653445711453,1.0,0.04933068914229053,0.08403569657907783,0.08849776896380764,0.7880515617253346,0.1036192364898364,0.7555775904809122,0.0850272682201289
SMALLTEXT_CONTRASTIVEAL,0.0880019831432821,0.07759048091224591,0.04908279623202776,0.07188894397620228,0.04933068914229053,0.052553296975706494,0.06792265741199802,0.09271194843827467,0.05899851264253842,0.04685176003966286,0.04685176003966286,0.06395637084779375,0.07387208725830441,0.062221120475954385,0.04908279623202776,0.06073376301437779,0.08775409023301933,0.057263262270699056,0.06618740704015866,0.0991571641051066,0.06420426375805652,0.09221616261774913,0.05676747645017353,0.0842835894893406,0.07808626673277144,0.10585027268220129,0.05552801189885969,0.056023797719385225,0.05577590480912246,0.04933068914229053,1.0,0.10262766484878533,0.11130391670798215,0.05057015369360436,0.09667823500247893,0.050322260783341594,0.07188894397620228
SMALLTEXT_EMBEDDINGKMEANS,0.11923648983639068,0.08527516113039167,0.1494794248884482,0.2248388696083292,0.0857709469509172,0.08676251859196826,0.11700545364402579,0.0872583044124938,0.06941001487357462,0.07064947942488845,0.07213683688646505,0.22062469013386218,0.21715418939018344,0.10213187902825979,0.1494794248884482,0.1249380267724343,0.11898859692612791,0.08775409023301933,0.15493306891422906,0.2464055528011899,0.11130391670798215,0.1960832920178483,0.10882498760535449,0.16385721368368864,0.2411998016856718,0.07585523054040655,0.07585523054040655,0.08279623202776401,0.07957362419434805,0.08403569657907783,0.10262766484878533,1.0,0.15047099652949925,0.08205255329697571,0.2555775904809122,0.07833415964303421,0.2248388696083292
SMALLTEXT_GREEDYCORESET,0.236737729300942,0.11378284581060982,0.153941497273178,0.17104610808130888,0.0924640555280119,0.09295984134853744,0.04313336638572137,0.08899355478433317,0.08477937530986614,0.08155676747645017,0.08403569657907783,0.13559742191373328,0.13658899355478432,0.10262766484878533,0.153941497273178,0.11254338125929599,0.23723351512146754,0.09221616261774913,0.12320277640059495,0.1834407535944472,0.11799702528507684,0.17129400099157163,0.08180466038671294,0.0954387704511651,0.19410014873574616,0.10634605850272683,0.09419930589985126,0.09667823500247893,0.0932077342588002,0.08849776896380764,0.11130391670798215,0.15047099652949925,1.0,0.0887456618740704,0.1901338621715419,0.09072880515617253,0.17104610808130888
SMALLTEXT_LEASTCONFIDENCE,0.08081308874566187,0.12964799206742686,0.06693108577094695,0.08552305404065444,0.4253842340109073,0.31011403073872085,0.02181457610312345,0.03867129400099157,0.2773921665840357,0.3215171046108081,0.26945959345562714,0.1722855726326227,0.16385721368368864,0.23648983639067922,0.06693108577094695,0.21913733267228558,0.0813088745661874,0.285572632622707,0.2352503718393654,0.11923648983639068,0.18889439762022806,0.10907288051561725,0.08279623202776401,0.05577590480912246,0.0991571641051066,0.10510659395141299,0.24070401586514625,0.2729300941993059,0.22607833415964304,0.7880515617253346,0.05057015369360436,0.08205255329697571,0.0887456618740704,1.0,0.09742191373326722,0.8116013882002975,0.08552305404065444
SMALLTEXT_LIGHTWEIGHTCORESET,0.146504709965295,0.11824491819533961,0.19360436291522062,0.27937530986613784,0.10808130887456618,0.11303916707982152,0.062221120475954385,0.09890927119484383,0.09147248388696083,0.090233019335647,0.09890927119484383,0.23996033713435796,0.23252354982647497,0.1499752107089737,0.19360436291522062,0.15815567674764502,0.14675260287555775,0.12369856222112048,0.1864154685176004,0.3083787803668815,0.146504709965295,0.26103123450669313,0.11626177491323748,0.1308874566187407,0.32771442736737727,0.11576598909271195,0.10510659395141299,0.10708973723351513,0.10981655924640556,0.1036192364898364,0.09667823500247893,0.2555775904809122,0.1901338621715419,0.09742191373326722,1.0,0.09667823500247893,0.27937530986613784
SMALLTEXT_PREDICTIONENTROPY,0.07585523054040655,0.13287059990084282,0.06767476450173525,0.07957362419434805,0.33837382250867626,0.28135845314824,0.02454139811601388,0.03767972235994051,0.3220128904313337,0.28705999008428357,0.25731284085275163,0.16311353495290035,0.15939514129895885,0.22136836886465047,0.06767476450173525,0.20599900842835894,0.07585523054040655,0.26524541398116014,0.22161626177491323,0.10956866633614279,0.1906296479920674,0.10684184432325236,0.0857709469509172,0.0532969757064948,0.09519087754090233,0.1036192364898364,0.28681209717402084,0.2374814080317303,0.20649479424888448,0.7555775904809122,0.050322260783341594,0.07833415964303421,0.09072880515617253,0.8116013882002975,0.09667823500247893,1.0,0.07957362419434805
SMALLTEXT_RANDOM,0.12989588497768964,0.10188398611799702,0.18889439762022806,1.0,0.0887456618740704,0.09419930589985126,0.056023797719385225,0.07957362419434805,0.07734258800198314,0.07312840852751612,0.08304412493802678,0.22756569162121965,0.21021318790282598,0.13361427863163114,0.18889439762022806,0.13559742191373328,0.12964799206742686,0.11204759543877045,0.16732771442736738,0.300446207238473,0.13510163609320774,0.25037183936539414,0.10808130887456618,0.14080317302925136,0.3111056023797719,0.09519087754090233,0.08973723351512147,0.09568666336142786,0.09890927119484383,0.0850272682201289,0.07188894397620228,0.2248388696083292,0.17104610808130888,0.08552305404065444,0.27937530986613784,0.07957362419434805,1.0
