,ALIPY_CORESET_GREEDY,ALIPY_DENSITY_WEIGHTED,ALIPY_GRAPH_DENSITY,ALIPY_RANDOM,ALIPY_UNCERTAINTY_LC,ALIPY_UNCERTAINTY_MM,LIBACT_DWUS,LIBACT_QUIRE,LIBACT_UNCERTAINTY_ENT,LIBACT_UNCERTAINTY_LC,LIBACT_UNCERTAINTY_SM,OPTIMAL_GREEDY_10,OPTIMAL_GREEDY_20,PLAYGROUND_BANDIT,PLAYGROUND_GRAPH_DENSITY,PLAYGROUND_INFORMATIVE_DIVERSE,PLAYGROUND_KCENTER_GREEDY,PLAYGROUND_MARGIN,PLAYGROUND_MIXTURE,PLAYGROUND_UNIFORM,SKACTIVEML_COST_EMBEDDING,SKACTIVEML_DAL,SKACTIVEML_DWUS,SKACTIVEML_QBC,SKACTIVEML_QBC_VOTE_ENTROPY,SKACTIVEML_QUIRE,SKACTIVEML_US_ENTROPY,SKACTIVEML_US_LC,SKACTIVEML_US_MARGIN,SMALLTEXT_BREAKINGTIES,SMALLTEXT_CONTRASTIVEAL,SMALLTEXT_EMBEDDINGKMEANS,SMALLTEXT_GREEDYCORESET,SMALLTEXT_LEASTCONFIDENCE,SMALLTEXT_LIGHTWEIGHTCORESET,SMALLTEXT_PREDICTIONENTROPY,SMALLTEXT_RANDOM
ALIPY_CORESET_GREEDY,4034,381,197,186,276,251,362,413,251,249,222,387,383,334,197,334,4027,257,312,418,394,375,400,365,390,399,237,239,226,232,367,409,542,249,392,263,168
ALIPY_DENSITY_WEIGHTED,381,4034,373,317,612,568,532,556,523,525,502,525,535,621,373,667,381,637,629,534,608,595,660,512,560,633,527,522,528,540,554,570,598,563,531,577,305
ALIPY_GRAPH_DENSITY,197,373,4034,183,226,219,448,343,208,197,217,427,404,298,4034,306,197,271,303,415,351,416,408,420,422,391,184,207,203,179,360,433,430,178,395,205,165
ALIPY_RANDOM,186,317,183,4034,191,189,350,323,184,202,200,395,378,275,183,307,186,240,269,381,351,404,368,377,444,325,177,207,214,177,322,391,361,185,405,203,4014
ALIPY_UNCERTAINTY_LC,276,612,226,191,4034,2973,416,396,450,498,399,448,467,563,226,564,275,736,565,466,551,479,528,406,465,551,477,501,454,625,455,437,453,983,410,676,177
ALIPY_UNCERTAINTY_MM,251,568,219,189,2973,4034,417,389,384,397,462,453,434,549,219,571,251,879,629,475,568,461,533,408,443,554,410,426,473,960,422,431,431,615,393,580,173
LIBACT_DWUS,362,532,448,350,416,417,4034,583,377,382,410,588,570,469,448,486,362,483,449,609,517,646,656,640,608,576,422,435,431,389,636,678,622,374,566,402,342
LIBACT_QUIRE,413,556,343,323,396,389,583,4034,359,360,352,565,539,434,343,436,413,398,418,577,475,562,546,568,572,569,400,396,381,344,554,571,604,353,563,360,318
LIBACT_UNCERTAINTY_ENT,251,523,208,184,450,384,377,359,4034,3060,2994,439,456,481,208,516,252,426,431,421,511,462,500,402,458,475,462,400,360,356,405,421,458,401,446,480,169
LIBACT_UNCERTAINTY_LC,249,525,197,202,498,397,382,360,3060,4034,3032,452,473,490,197,541,251,411,433,427,528,477,491,384,445,462,412,469,378,369,404,434,442,441,440,441,188
LIBACT_UNCERTAINTY_SM,222,502,217,200,399,462,410,352,2994,3032,4034,468,464,526,217,523,223,468,458,430,527,479,511,401,442,468,351,405,435,422,396,441,437,372,435,386,185
OPTIMAL_GREEDY_10,387,525,427,395,448,453,588,565,439,452,468,4034,715,471,427,468,387,449,464,664,564,620,675,618,636,573,428,442,428,419,541,638,634,425,639,440,378
OPTIMAL_GREEDY_20,383,535,404,378,467,434,570,539,456,473,464,715,4034,506,404,524,383,473,469,669,605,657,672,631,635,538,453,446,462,402,554,664,599,417,618,420,362
PLAYGROUND_BANDIT,334,621,298,275,563,549,469,434,481,490,526,471,506,4034,298,1312,333,1439,1249,477,688,547,553,462,470,588,529,558,540,510,487,479,520,508,477,507,258
PLAYGROUND_GRAPH_DENSITY,197,373,4034,183,226,219,448,343,208,197,217,427,404,298,4034,306,197,271,303,415,351,416,408,420,422,391,184,207,203,179,360,433,430,178,395,205,165
PLAYGROUND_INFORMATIVE_DIVERSE,334,667,306,307,564,571,486,436,516,541,523,468,524,1312,306,4034,336,1300,1208,490,670,539,601,480,509,592,532,540,565,522,496,481,539,521,483,536,291
PLAYGROUND_KCENTER_GREEDY,4027,381,197,186,275,251,362,413,252,251,223,387,383,333,197,336,4034,256,313,419,395,377,401,365,390,401,237,239,226,233,366,407,542,249,391,263,168
PLAYGROUND_MARGIN,257,637,271,240,736,879,483,398,426,411,468,449,473,1439,271,1300,256,4034,1859,462,673,475,540,437,475,604,485,507,498,812,474,466,485,676,443,645,222
PLAYGROUND_MIXTURE,312,629,303,269,565,629,449,418,431,433,458,464,469,1249,303,1208,313,1859,4034,495,668,462,520,435,459,601,447,443,454,607,484,440,518,526,412,499,254
PLAYGROUND_UNIFORM,418,534,415,381,466,475,609,577,421,427,430,664,669,477,415,490,419,462,495,4034,564,637,592,636,647,567,447,446,471,441,611,640,632,423,613,446,368
SKACTIVEML_COST_EMBEDDING,394,608,351,351,551,568,517,475,511,528,527,564,605,688,351,670,395,673,668,564,4034,647,597,547,541,638,517,525,525,511,547,587,622,499,552,503,337
SKACTIVEML_DAL,375,595,416,404,479,461,646,562,462,477,479,620,657,547,416,539,377,475,462,637,647,4034,647,667,635,611,515,542,519,443,625,681,647,436,613,458,389
SKACTIVEML_DWUS,400,660,408,368,528,533,656,546,500,491,511,675,672,553,408,601,401,540,520,592,597,647,4034,613,670,610,542,552,519,508,603,648,670,505,615,522,354
SKACTIVEML_QBC,365,512,420,377,406,408,640,568,402,384,401,618,631,462,420,480,365,437,435,636,547,667,613,4034,671,553,409,420,430,355,557,656,606,355,599,367,362
SKACTIVEML_QBC_VOTE_ENTROPY,390,560,422,444,465,443,608,572,458,445,442,636,635,470,422,509,390,475,459,647,541,635,670,671,4034,568,438,436,451,427,551,627,641,413,607,458,425
SKACTIVEML_QUIRE,399,633,391,325,551,554,576,569,475,462,468,573,538,588,391,592,401,604,601,567,638,611,610,553,568,4034,473,452,451,457,605,566,620,470,536,493,313
SKACTIVEML_US_ENTROPY,237,527,184,177,477,410,422,400,462,412,351,428,453,529,184,532,237,485,447,447,517,515,542,409,438,473,4034,3054,3004,334,436,423,479,393,448,476,165
SKACTIVEML_US_LC,239,522,207,207,501,426,435,396,400,469,405,442,446,558,207,540,239,507,443,446,525,542,552,420,436,452,3054,4034,3004,346,473,442,499,439,469,408,192
SKACTIVEML_US_MARGIN,226,528,203,214,454,473,431,381,360,378,435,428,462,540,203,565,226,498,454,471,525,519,519,430,451,451,3004,3004,4034,414,464,429,466,377,466,371,200
SMALLTEXT_BREAKINGTIES,232,540,179,177,625,960,389,344,356,369,422,419,402,510,179,522,233,812,607,441,511,443,508,355,427,457,334,346,414,4034,444,417,431,2955,410,2959,161
SMALLTEXT_CONTRASTIVEAL,367,554,360,322,455,422,636,554,405,404,396,541,554,487,360,496,366,474,484,611,547,625,603,557,551,605,436,473,464,444,4034,574,601,444,524,467,317
SMALLTEXT_EMBEDDINGKMEANS,409,570,433,391,437,431,678,571,421,434,441,638,664,479,433,481,407,466,440,640,587,681,648,656,627,566,423,442,429,417,574,4034,660,410,638,428,378
SMALLTEXT_GREEDYCORESET,542,598,430,361,453,431,622,604,458,442,437,634,599,520,430,539,542,485,518,632,622,647,670,606,641,620,479,499,466,431,601,660,4034,445,613,461,346
SMALLTEXT_LEASTCONFIDENCE,249,563,178,185,983,615,374,353,401,441,372,425,417,508,178,521,249,676,526,423,499,436,505,355,413,470,393,439,377,2955,444,410,445,4034,411,3025,170
SMALLTEXT_LIGHTWEIGHTCORESET,392,531,395,405,410,393,566,563,446,440,435,639,618,477,395,483,391,443,412,613,552,613,615,599,607,536,448,469,466,410,524,638,613,411,4034,448,394
SMALLTEXT_PREDICTIONENTROPY,263,577,205,203,676,580,402,360,480,441,386,440,420,507,205,536,263,645,499,446,503,458,522,367,458,493,476,408,371,2959,467,428,461,3025,448,4034,190
SMALLTEXT_RANDOM,168,305,165,4014,177,173,342,318,169,188,185,378,362,258,165,291,168,222,254,368,337,389,354,362,425,313,165,192,200,161,317,378,346,170,394,190,4034
