,ALIPY_CORESET_GREEDY,ALIPY_DENSITY_WEIGHTED,ALIPY_GRAPH_DENSITY,ALIPY_RANDOM,ALIPY_UNCERTAINTY_LC,ALIPY_UNCERTAINTY_MM,LIBACT_DWUS,LIBACT_QUIRE,LIBACT_UNCERTAINTY_ENT,LIBACT_UNCERTAINTY_LC,LIBACT_UNCERTAINTY_SM,OPTIMAL_GREEDY_10,OPTIMAL_GREEDY_20,PLAYGROUND_BANDIT,PLAYGROUND_GRAPH_DENSITY,PLAYGROUND_INFORMATIVE_DIVERSE,PLAYGROUND_KCENTER_GREEDY,PLAYGROUND_MARGIN,PLAYGROUND_MIXTURE,PLAYGROUND_UNIFORM,SKACTIVEML_COST_EMBEDDING,SKACTIVEML_DAL,SKACTIVEML_DWUS,SKACTIVEML_QBC,SKACTIVEML_QBC_VOTE_ENTROPY,SKACTIVEML_QUIRE,SKACTIVEML_US_ENTROPY,SKACTIVEML_US_LC,SKACTIVEML_US_MARGIN,SMALLTEXT_BREAKINGTIES,SMALLTEXT_CONTRASTIVEAL,SMALLTEXT_EMBEDDINGKMEANS,SMALLTEXT_GREEDYCORESET,SMALLTEXT_LEASTCONFIDENCE,SMALLTEXT_LIGHTWEIGHTCORESET,SMALLTEXT_PREDICTIONENTROPY,SMALLTEXT_RANDOM
ALIPY_CORESET_GREEDY,1.0,0.11973227565691621,0.13584531482399603,0.12989588497768964,0.09295984134853744,0.09271194843827467,0.044868616757560736,0.09196826970748637,0.07064947942488845,0.07263262270699058,0.0768468021814576,0.229300941993059,0.22285572632622708,0.1271690629647992,0.13584531482399603,0.13212692117005453,0.9995042141794744,0.10014873574615767,0.1648487853247397,0.16831928606841845,0.1271690629647992,0.16212196331184928,0.07164105106593951,0.08279623202776401,0.16212196331184928,0.10733763014377788,0.08676251859196826,0.09370352007932573,0.0887456618740704,0.08230044620723848,0.08403569657907783,0.12047595438770452,0.23971244422409518,0.08180466038671294,0.14774417451660882,0.08031730292513634,0.12964799206742686
ALIPY_DENSITY_WEIGHTED,0.11973227565691621,1.0,0.0805651958353991,0.10014873574615767,0.13782845810609817,0.14005949429846307,0.048834903321764996,0.10609816559246406,0.11477441745166088,0.11923648983639068,0.11874070401586515,0.11774913237481408,0.11898859692612791,0.13882002974714924,0.0805651958353991,0.13287059990084282,0.11973227565691621,0.14105106593951414,0.14402578086266732,0.11898859692612791,0.14923153197818542,0.12345066931085771,0.11626177491323748,0.06990580069410014,0.11527020327218641,0.13658899355478432,0.15071888943976203,0.14526524541398117,0.1442736737729301,0.13262270699058007,0.08230044620723848,0.08775409023301933,0.11626177491323748,0.14005949429846307,0.12915220624690135,0.14105106593951414,0.0999008428358949
ALIPY_GRAPH_DENSITY,0.13584531482399603,0.0805651958353991,1.0,0.16360932077342588,0.06941001487357462,0.07709469509172037,0.05280118988596926,0.0421417947446703,0.05899851264253842,0.05775904809122459,0.06346058502726822,0.16782350024789291,0.16410510659395142,0.10237977193852256,1.0,0.10114030738720872,0.1360932077342588,0.07982151710461081,0.13039167079821518,0.2240951908775409,0.11130391670798215,0.17476450173525038,0.09791769955379276,0.09593455627169063,0.2188894397620228,0.07188894397620228,0.06073376301437779,0.059742191373326724,0.06593951412989589,0.07585523054040655,0.047595438770451165,0.14700049578582053,0.15790778383738224,0.06817055032226078,0.18368864650470995,0.07188894397620228,0.16360932077342588
ALIPY_RANDOM,0.12989588497768964,0.10014873574615767,0.16360932077342588,1.0,0.09593455627169063,0.10089241447694595,0.05230540406544373,0.0805651958353991,0.08230044620723848,0.08155676747645017,0.09147248388696083,0.2404561229548835,0.2307882994546356,0.14154685176003967,0.16360932077342588,0.15195835399107585,0.12989588497768964,0.12047595438770452,0.1760039662865642,0.288795240456123,0.1405552801189886,0.25012394645513136,0.11179970252850768,0.1412989588497769,0.3034209221616262,0.10411502231036192,0.09271194843827467,0.0984134853743183,0.10163609320773426,0.09717402082300446,0.07759048091224591,0.2270699058006941,0.17773921665840356,0.0954387704511651,0.27863163113534956,0.08849776896380764,0.9997521070897373
ALIPY_UNCERTAINTY_LC,0.09295984134853744,0.13782845810609817,0.06941001487357462,0.09593455627169063,1.0,0.7840852751611304,0.02602875557759048,0.047595438770451165,0.2211204759543877,0.26896380763510164,0.214427367377293,0.1722855726326227,0.17352503718393653,0.25632126921170056,0.06941001487357462,0.23326722855726326,0.09295984134853744,0.3111056023797719,0.25731284085275163,0.13336638572136836,0.20475954387704512,0.13336638572136836,0.08626673277144274,0.06916212196331185,0.11130391670798215,0.11279127416955875,0.26450173525037185,0.30218145761031234,0.24566187407040158,0.32002974714923155,0.05428854734754586,0.0850272682201289,0.09370352007932573,0.43108577094695094,0.11353495290034706,0.3415964303420922,0.09568666336142786
ALIPY_UNCERTAINTY_MM,0.09271194843827467,0.14005949429846307,0.07709469509172037,0.10089241447694595,0.7840852751611304,1.0,0.03272186415468518,0.04933068914229053,0.18839861179970252,0.2094695091720377,0.26499752107089736,0.18790282597917699,0.18468021814576102,0.278135845314824,0.07709469509172037,0.248388696083292,0.09271194843827467,0.36043629152206247,0.2840852751611304,0.14402578086266732,0.19732275656916212,0.13584531482399603,0.08849776896380764,0.07486365889935548,0.11626177491323748,0.11353495290034706,0.22905304908279622,0.24690133862171543,0.29821517104610806,0.4328210213187903,0.05428854734754586,0.08750619732275657,0.09643034209221617,0.31631135349529005,0.12072384729796728,0.28681209717402084,0.10064452156668319
LIBACT_DWUS,0.044868616757560736,0.048834903321764996,0.05280118988596926,0.05230540406544373,0.02602875557759048,0.03272186415468518,1.0,0.060981655924640554,0.02404561229548835,0.025037183936539417,0.02875557759048091,0.030986613782845812,0.028507684680218144,0.035448686167575606,0.05280118988596926,0.02825979176995538,0.044868616757560736,0.030490827962320277,0.03941497273177987,0.07288051561725335,0.040406544372830935,0.0458601883986118,0.08031730292513634,0.06296479920674268,0.07362419434804164,0.0495785820525533,0.029995042141794746,0.026772434308378782,0.03272186415468518,0.02900347050074368,0.07089737233515121,0.10089241447694595,0.03966286564204264,0.025780862667327716,0.05676747645017353,0.027764005949429845,0.05230540406544373
LIBACT_QUIRE,0.09196826970748637,0.10609816559246406,0.0421417947446703,0.0805651958353991,0.047595438770451165,0.04933068914229053,0.060981655924640554,1.0,0.03767972235994051,0.03346554288547347,0.03743182944967774,0.060981655924640554,0.06048587010411502,0.05453644025780863,0.0421417947446703,0.05577590480912246,0.0917203767972236,0.0495785820525533,0.06891422905304909,0.08849776896380764,0.06569162121963312,0.08180466038671294,0.053544868616757564,0.07436787307882994,0.08651462568170551,0.10089241447694595,0.04164600892414477,0.040406544372830935,0.04115022310361924,0.042637580565195836,0.09519087754090233,0.07139315815567675,0.07932573128408528,0.04164600892414477,0.09593455627169063,0.045364402578086264,0.0805651958353991
LIBACT_UNCERTAINTY_ENT,0.07064947942488845,0.11477441745166088,0.05899851264253842,0.08230044620723848,0.2211204759543877,0.18839861179970252,0.02404561229548835,0.03767972235994051,1.0,0.8160634605850273,0.7649975210708974,0.14105106593951414,0.13882002974714924,0.16931085770946952,0.05899851264253842,0.2114526524541398,0.07064947942488845,0.16559246405552802,0.16534457114526524,0.11626177491323748,0.1745166088249876,0.10733763014377788,0.09419930589985126,0.049826474962816066,0.10312345066931086,0.08081308874566187,0.2565691621219633,0.2151710461080813,0.1826970748636589,0.2565691621219633,0.06172533465542886,0.07585523054040655,0.0894893406048587,0.2853247397124442,0.10014873574615767,0.32746653445711454,0.08230044620723848
LIBACT_UNCERTAINTY_LC,0.07263262270699058,0.11923648983639068,0.05775904809122459,0.08155676747645017,0.26896380763510164,0.2094695091720377,0.025037183936539417,0.03346554288547347,0.8160634605850273,1.0,0.7957362419434805,0.14823996033713435,0.1502231036192365,0.1856717897868121,0.05775904809122459,0.2278135845314824,0.07288051561725335,0.18294496777392166,0.18071393158155677,0.10386712940009915,0.17699553792761527,0.10857709469509172,0.0954387704511651,0.04933068914229053,0.10436291522062469,0.07486365889935548,0.221864154685176,0.2580565195835399,0.20599900842835894,0.27169062964799207,0.051313832424392664,0.07709469509172037,0.08230044620723848,0.33192860684184433,0.09965294992563213,0.2987109568666336,0.0813088745661874
LIBACT_UNCERTAINTY_SM,0.0768468021814576,0.11874070401586515,0.06346058502726822,0.09147248388696083,0.214427367377293,0.26499752107089736,0.02875557759048091,0.03743182944967774,0.7649975210708974,0.7957362419434805,1.0,0.15964303420922163,0.15642042637580567,0.18963807635101637,0.06346058502726822,0.236737729300942,0.07709469509172037,0.19286068418443233,0.19509172037679723,0.11031234506693109,0.17798710956866634,0.11700545364402579,0.09519087754090233,0.05676747645017353,0.11031234506693109,0.07436787307882994,0.18790282597917699,0.21170054536440258,0.25780862667327714,0.3371343579573624,0.04833911750123947,0.08155676747645017,0.08180466038671294,0.2773921665840357,0.10808130887456618,0.26574119980168565,0.09122459097669806
OPTIMAL_GREEDY_10,0.229300941993059,0.11774913237481408,0.16782350024789291,0.2404561229548835,0.1722855726326227,0.18790282597917699,0.030986613782845812,0.060981655924640554,0.14105106593951414,0.14823996033713435,0.15964303420922163,1.0,0.7476450173525038,0.26003966286564206,0.16782350024789291,0.29325731284085277,0.22954883490332176,0.229300941993059,0.3406048587010411,0.2957362419434804,0.2020327218641547,0.2543381259295984,0.07585523054040655,0.13237481408031732,0.2816063460585027,0.13956370847793753,0.17426871591472484,0.1819533961328706,0.1938522558254834,0.1849281110560238,0.06941001487357462,0.23847297967278136,0.1479920674268716,0.17798710956866634,0.26003966286564206,0.16980664352999505,0.24020823004462072
OPTIMAL_GREEDY_20,0.22285572632622708,0.11898859692612791,0.16410510659395142,0.2307882994546356,0.17352503718393653,0.18468021814576102,0.028507684680218144,0.06048587010411502,0.13882002974714924,0.1502231036192365,0.15642042637580567,0.7476450173525038,1.0,0.263262270699058,0.16410510659395142,0.29077838373822507,0.22235994050570154,0.2337630143777888,0.3401090728805156,0.2783837382250868,0.19732275656916212,0.2461576598909271,0.07387208725830441,0.1279127416955875,0.2721864154685176,0.13981160138820029,0.18096182449181952,0.18740704015865145,0.20004957858205255,0.18145761031234506,0.07411998016856718,0.23401090728805157,0.1420426375805652,0.16980664352999505,0.2461576598909271,0.16385721368368864,0.23054040654437283
PLAYGROUND_BANDIT,0.1271690629647992,0.13882002974714924,0.10237977193852256,0.14154685176003967,0.25632126921170056,0.278135845314824,0.035448686167575606,0.05453644025780863,0.16931085770946952,0.1856717897868121,0.18963807635101637,0.26003966286564206,0.263262270699058,1.0,0.10237977193852256,0.4452156668319286,0.1271690629647992,0.6576598909271195,0.4985126425384234,0.1849281110560238,0.3185423896876549,0.17649975210708974,0.0850272682201289,0.10039662865642042,0.1591472483886961,0.15939514129895885,0.19410014873574616,0.20252850768468023,0.21244422409519087,0.25483391175012393,0.06792265741199802,0.11452652454139811,0.11254338125929599,0.23549826474962815,0.15840356965790778,0.22607833415964304,0.1412989588497769
PLAYGROUND_GRAPH_DENSITY,0.13584531482399603,0.0805651958353991,1.0,0.16360932077342588,0.06941001487357462,0.07709469509172037,0.05280118988596926,0.0421417947446703,0.05899851264253842,0.05775904809122459,0.06346058502726822,0.16782350024789291,0.16410510659395142,0.10237977193852256,1.0,0.10114030738720872,0.1360932077342588,0.07982151710461081,0.13039167079821518,0.2240951908775409,0.11130391670798215,0.17476450173525038,0.09791769955379276,0.09593455627169063,0.2188894397620228,0.07188894397620228,0.06073376301437779,0.059742191373326724,0.06593951412989589,0.07585523054040655,0.047595438770451165,0.14700049578582053,0.15790778383738224,0.06817055032226078,0.18368864650470995,0.07188894397620228,0.16360932077342588
PLAYGROUND_INFORMATIVE_DIVERSE,0.13212692117005453,0.13287059990084282,0.10114030738720872,0.15195835399107585,0.23326722855726326,0.248388696083292,0.02825979176995538,0.05577590480912246,0.2114526524541398,0.2278135845314824,0.236737729300942,0.29325731284085277,0.29077838373822507,0.4452156668319286,0.10114030738720872,1.0,0.13237481408031732,0.4558750619732276,0.44620723847297966,0.17947446703024295,0.2766484878532474,0.161378284581061,0.08824987605354487,0.09766980664352999,0.16460089241447695,0.14253842340109074,0.2072384729796728,0.22136836886465047,0.23797719385225583,0.22731779871095686,0.06693108577094695,0.1301437778879524,0.11006445215666832,0.2151710461080813,0.16360932077342588,0.20649479424888448,0.1517104610808131
PLAYGROUND_KCENTER_GREEDY,0.9995042141794744,0.11973227565691621,0.1360932077342588,0.12989588497768964,0.09295984134853744,0.09271194843827467,0.044868616757560736,0.0917203767972236,0.07064947942488845,0.07288051561725335,0.07709469509172037,0.22954883490332176,0.22235994050570154,0.1271690629647992,0.1360932077342588,0.13237481408031732,1.0,0.10014873574615767,0.1650966782350025,0.16831928606841845,0.12741695587506197,0.16236985622211206,0.07164105106593951,0.08329201784828955,0.1626177491323748,0.10733763014377788,0.08676251859196826,0.09395141298958849,0.0887456618740704,0.08230044620723848,0.08378780366881507,0.11998016856717898,0.23996033713435796,0.08205255329697571,0.14823996033713435,0.08031730292513634,0.12964799206742686
PLAYGROUND_MARGIN,0.10014873574615767,0.14105106593951414,0.07982151710461081,0.12047595438770452,0.3111056023797719,0.36043629152206247,0.030490827962320277,0.0495785820525533,0.16559246405552802,0.18294496777392166,0.19286068418443233,0.229300941993059,0.2337630143777888,0.6576598909271195,0.07982151710461081,0.4558750619732276,0.10014873574615767,1.0,0.5344571145265246,0.15691621219633117,0.3182944967773922,0.13981160138820029,0.08279623202776401,0.09370352007932573,0.13807635101636093,0.15865146256817056,0.2055032226078334,0.21417947446703026,0.23177987109568665,0.3415964303420922,0.06494794248884482,0.09766980664352999,0.09345562716906297,0.28805156172533464,0.13411006445215667,0.2692117005453644,0.12022806147744175
PLAYGROUND_MIXTURE,0.1648487853247397,0.14402578086266732,0.13039167079821518,0.1760039662865642,0.25731284085275163,0.2840852751611304,0.03941497273177987,0.06891422905304909,0.16534457114526524,0.18071393158155677,0.19509172037679723,0.3406048587010411,0.3401090728805156,0.4985126425384234,0.13039167079821518,0.44620723847297966,0.1650966782350025,0.5344571145265246,1.0,0.25384234010907286,0.2788795240456123,0.20054536440257809,0.08552305404065444,0.11576598909271195,0.21244422409519087,0.1502231036192365,0.19484382746653445,0.20302429350520576,0.21690629647992068,0.266484878532474,0.07461576598909271,0.16608824987605356,0.1301437778879524,0.2345066931085771,0.19533961328705998,0.22434308378780368,0.17575607337630145
PLAYGROUND_UNIFORM,0.16831928606841845,0.11898859692612791,0.2240951908775409,0.288795240456123,0.13336638572136836,0.14402578086266732,0.07288051561725335,0.08849776896380764,0.11626177491323748,0.10386712940009915,0.11031234506693109,0.2957362419434804,0.2783837382250868,0.1849281110560238,0.2240951908775409,0.17947446703024295,0.16831928606841845,0.15691621219633117,0.25384234010907286,1.0,0.17674764501735252,0.2746653445711453,0.12369856222112048,0.16955875061973227,0.3443232523549826,0.12196331184928111,0.11799702528507684,0.12097174020823004,0.12840852751611304,0.13559742191373328,0.10213187902825979,0.2521070897372335,0.1826970748636589,0.1256817055032226,0.30589985126425384,0.12270699058006941,0.2885473475458602
SKACTIVEML_COST_EMBEDDING,0.1271690629647992,0.14923153197818542,0.11130391670798215,0.1405552801189886,0.20475954387704512,0.19732275656916212,0.040406544372830935,0.06569162121963312,0.1745166088249876,0.17699553792761527,0.17798710956866634,0.2020327218641547,0.19732275656916212,0.3185423896876549,0.11130391670798215,0.2766484878532474,0.12741695587506197,0.3182944967773922,0.2788795240456123,0.17674764501735252,1.0,0.16807139315815567,0.10188398611799702,0.10510659395141299,0.16782350024789291,0.17947446703024295,0.18914229053049084,0.19583539910758552,0.19112543381259295,0.17699553792761527,0.07560733763014378,0.12295488349033218,0.11998016856717898,0.18244918195339613,0.16038671294000992,0.18839861179970252,0.1405552801189886
SKACTIVEML_DAL,0.16212196331184928,0.12345066931085771,0.17476450173525038,0.25012394645513136,0.13336638572136836,0.13584531482399603,0.0458601883986118,0.08180466038671294,0.10733763014377788,0.10857709469509172,0.11700545364402579,0.2543381259295984,0.2461576598909271,0.17649975210708974,0.17476450173525038,0.161378284581061,0.16236985622211206,0.13981160138820029,0.20054536440257809,0.2746653445711453,0.16807139315815567,1.0,0.11130391670798215,0.13063956370847793,0.26846802181457613,0.11973227565691621,0.1249380267724343,0.12667327714427368,0.13361427863163114,0.12320277640059495,0.10262766484878533,0.19757064947942488,0.16906296479920674,0.12171541893901834,0.2530986613782846,0.12270699058006941,0.25012394645513136
SKACTIVEML_DWUS,0.07164105106593951,0.11626177491323748,0.09791769955379276,0.11179970252850768,0.08626673277144274,0.08849776896380764,0.08031730292513634,0.053544868616757564,0.09419930589985126,0.0954387704511651,0.09519087754090233,0.07585523054040655,0.07387208725830441,0.0850272682201289,0.09791769955379276,0.08824987605354487,0.07164105106593951,0.08279623202776401,0.08552305404065444,0.12369856222112048,0.10188398611799702,0.11130391670798215,1.0,0.090233019335647,0.12295488349033218,0.07734258800198314,0.0909766980664353,0.08924144769459594,0.09048091224590976,0.0857709469509172,0.057263262270699056,0.09717402082300446,0.08453148239960337,0.0835399107585523,0.12047595438770452,0.08775409023301933,0.11155180961824492
SKACTIVEML_QBC,0.08279623202776401,0.06990580069410014,0.09593455627169063,0.1412989588497769,0.06916212196331185,0.07486365889935548,0.06296479920674268,0.07436787307882994,0.049826474962816066,0.04933068914229053,0.05676747645017353,0.13237481408031732,0.1279127416955875,0.10039662865642042,0.09593455627169063,0.09766980664352999,0.08329201784828955,0.09370352007932573,0.11576598909271195,0.16955875061973227,0.10510659395141299,0.13063956370847793,0.090233019335647,1.0,0.1700545364402578,0.10535448686167576,0.059494298463063956,0.06122954883490332,0.06817055032226078,0.06891422905304909,0.0880019831432821,0.1420426375805652,0.09395141298958849,0.06420426375805652,0.14898363906792267,0.06395637084779375,0.1412989588497769
SKACTIVEML_QBC_VOTE_ENTROPY,0.16212196331184928,0.11527020327218641,0.2188894397620228,0.3034209221616262,0.11130391670798215,0.11626177491323748,0.07362419434804164,0.08651462568170551,0.10312345066931086,0.10436291522062469,0.11031234506693109,0.2816063460585027,0.2721864154685176,0.1591472483886961,0.2188894397620228,0.16460089241447695,0.1626177491323748,0.13807635101636093,0.21244422409519087,0.3443232523549826,0.16782350024789291,0.26846802181457613,0.12295488349033218,0.1700545364402578,1.0,0.12022806147744175,0.11155180961824492,0.11502231036192365,0.12171541893901834,0.11130391670798215,0.0850272682201289,0.25260287555775907,0.20054536440257809,0.10684184432325236,0.31705503222607834,0.10634605850272683,0.3031730292513634
SKACTIVEML_QUIRE,0.10733763014377788,0.13658899355478432,0.07188894397620228,0.10411502231036192,0.11279127416955875,0.11353495290034706,0.0495785820525533,0.10089241447694595,0.08081308874566187,0.07486365889935548,0.07436787307882994,0.13956370847793753,0.13981160138820029,0.15939514129895885,0.07188894397620228,0.14253842340109074,0.10733763014377788,0.15865146256817056,0.1502231036192365,0.12196331184928111,0.17947446703024295,0.11973227565691621,0.07734258800198314,0.10535448686167576,0.12022806147744175,1.0,0.10039662865642042,0.09444719881011403,0.0999008428358949,0.10163609320773426,0.10039662865642042,0.08006941001487357,0.10634605850272683,0.10039662865642042,0.11750123946455131,0.10188398611799702,0.10411502231036192
SKACTIVEML_US_ENTROPY,0.08676251859196826,0.15071888943976203,0.06073376301437779,0.09271194843827467,0.26450173525037185,0.22905304908279622,0.029995042141794746,0.04164600892414477,0.2565691621219633,0.221864154685176,0.18790282597917699,0.17426871591472484,0.18096182449181952,0.19410014873574616,0.06073376301437779,0.2072384729796728,0.08676251859196826,0.2055032226078334,0.19484382746653445,0.11799702528507684,0.18914229053049084,0.1249380267724343,0.0909766980664353,0.059494298463063956,0.11155180961824492,0.10039662865642042,1.0,0.8148239960337135,0.7702032721864155,0.20401586514625683,0.058254833911750126,0.0850272682201289,0.08924144769459594,0.2426871591472484,0.11080813088745661,0.282350024789291,0.0924640555280119
SKACTIVEML_US_LC,0.09370352007932573,0.14526524541398117,0.059742191373326724,0.0984134853743183,0.30218145761031234,0.24690133862171543,0.026772434308378782,0.040406544372830935,0.2151710461080813,0.2580565195835399,0.21170054536440258,0.1819533961328706,0.18740704015865145,0.20252850768468023,0.059742191373326724,0.22136836886465047,0.09395141298958849,0.21417947446703026,0.20302429350520576,0.12097174020823004,0.19583539910758552,0.12667327714427368,0.08924144769459594,0.06122954883490332,0.11502231036192365,0.09444719881011403,0.8148239960337135,1.0,0.7997025285076846,0.21690629647992068,0.057263262270699056,0.0887456618740704,0.0909766980664353,0.2729300941993059,0.11353495290034706,0.23549826474962815,0.09816559246405553
SKACTIVEML_US_MARGIN,0.0887456618740704,0.1442736737729301,0.06593951412989589,0.10163609320773426,0.24566187407040158,0.29821517104610806,0.03272186415468518,0.04115022310361924,0.1826970748636589,0.20599900842835894,0.25780862667327714,0.1938522558254834,0.20004957858205255,0.21244422409519087,0.06593951412989589,0.23797719385225583,0.0887456618740704,0.23177987109568665,0.21690629647992068,0.12840852751611304,0.19112543381259295,0.13361427863163114,0.09048091224590976,0.06817055032226078,0.12171541893901834,0.0999008428358949,0.7702032721864155,0.7997025285076846,1.0,0.273921665840357,0.05651958353991076,0.0880019831432821,0.08849776896380764,0.22682201289043133,0.12146752602875557,0.2055032226078334,0.10138820029747149
SMALLTEXT_BREAKINGTIES,0.08230044620723848,0.13262270699058007,0.07585523054040655,0.09717402082300446,0.32002974714923155,0.4328210213187903,0.02900347050074368,0.042637580565195836,0.2565691621219633,0.27169062964799207,0.3371343579573624,0.1849281110560238,0.18145761031234506,0.25483391175012393,0.07585523054040655,0.22731779871095686,0.08230044620723848,0.3415964303420922,0.266484878532474,0.13559742191373328,0.17699553792761527,0.12320277640059495,0.0857709469509172,0.06891422905304909,0.11130391670798215,0.10163609320773426,0.20401586514625683,0.21690629647992068,0.273921665840357,1.0,0.047595438770451165,0.08973723351512147,0.08924144769459594,0.7917699553792762,0.11006445215666832,0.7607833415964304,0.0969261279127417
SMALLTEXT_CONTRASTIVEAL,0.08403569657907783,0.08230044620723848,0.047595438770451165,0.07759048091224591,0.05428854734754586,0.05428854734754586,0.07089737233515121,0.09519087754090233,0.06172533465542886,0.051313832424392664,0.04833911750123947,0.06941001487357462,0.07411998016856718,0.06792265741199802,0.047595438770451165,0.06693108577094695,0.08378780366881507,0.06494794248884482,0.07461576598909271,0.10213187902825979,0.07560733763014378,0.10262766484878533,0.057263262270699056,0.0880019831432821,0.0850272682201289,0.10039662865642042,0.058254833911750126,0.057263262270699056,0.05651958353991076,0.047595438770451165,1.0,0.09643034209221617,0.10237977193852256,0.05280118988596926,0.09271194843827467,0.051313832424392664,0.07759048091224591
SMALLTEXT_EMBEDDINGKMEANS,0.12047595438770452,0.08775409023301933,0.14700049578582053,0.2270699058006941,0.0850272682201289,0.08750619732275657,0.10089241447694595,0.07139315815567675,0.07585523054040655,0.07709469509172037,0.08155676747645017,0.23847297967278136,0.23401090728805157,0.11452652454139811,0.14700049578582053,0.1301437778879524,0.11998016856717898,0.09766980664352999,0.16608824987605356,0.2521070897372335,0.12295488349033218,0.19757064947942488,0.09717402082300446,0.1420426375805652,0.25260287555775907,0.08006941001487357,0.0850272682201289,0.0887456618740704,0.0880019831432821,0.08973723351512147,0.09643034209221617,1.0,0.15567674764501735,0.08651462568170551,0.2498760535448686,0.08031730292513634,0.22682201289043133
SMALLTEXT_GREEDYCORESET,0.23971244422409518,0.11626177491323748,0.15790778383738224,0.17773921665840356,0.09370352007932573,0.09643034209221617,0.03966286564204264,0.07932573128408528,0.0894893406048587,0.08230044620723848,0.08180466038671294,0.1479920674268716,0.1420426375805652,0.11254338125929599,0.15790778383738224,0.11006445215666832,0.23996033713435796,0.09345562716906297,0.1301437778879524,0.1826970748636589,0.11998016856717898,0.16906296479920674,0.08453148239960337,0.09395141298958849,0.20054536440257809,0.10634605850272683,0.08924144769459594,0.0909766980664353,0.08849776896380764,0.08924144769459594,0.10237977193852256,0.15567674764501735,1.0,0.08750619732275657,0.1943480416460089,0.09395141298958849,0.17773921665840356
SMALLTEXT_LEASTCONFIDENCE,0.08180466038671294,0.14005949429846307,0.06817055032226078,0.0954387704511651,0.43108577094695094,0.31631135349529005,0.025780862667327716,0.04164600892414477,0.2853247397124442,0.33192860684184433,0.2773921665840357,0.17798710956866634,0.16980664352999505,0.23549826474962815,0.06817055032226078,0.2151710461080813,0.08205255329697571,0.28805156172533464,0.2345066931085771,0.1256817055032226,0.18244918195339613,0.12171541893901834,0.0835399107585523,0.06420426375805652,0.10684184432325236,0.10039662865642042,0.2426871591472484,0.2729300941993059,0.22682201289043133,0.7917699553792762,0.05280118988596926,0.08651462568170551,0.08750619732275657,1.0,0.10436291522062469,0.8103619236489836,0.09519087754090233
SMALLTEXT_LIGHTWEIGHTCORESET,0.14774417451660882,0.12915220624690135,0.18368864650470995,0.27863163113534956,0.11353495290034706,0.12072384729796728,0.05676747645017353,0.09593455627169063,0.10014873574615767,0.09965294992563213,0.10808130887456618,0.26003966286564206,0.2461576598909271,0.15840356965790778,0.18368864650470995,0.16360932077342588,0.14823996033713435,0.13411006445215667,0.19533961328705998,0.30589985126425384,0.16038671294000992,0.2530986613782846,0.12047595438770452,0.14898363906792267,0.31705503222607834,0.11750123946455131,0.11080813088745661,0.11353495290034706,0.12146752602875557,0.11006445215666832,0.09271194843827467,0.2498760535448686,0.1943480416460089,0.10436291522062469,1.0,0.10014873574615767,0.2783837382250868
SMALLTEXT_PREDICTIONENTROPY,0.08031730292513634,0.14105106593951414,0.07188894397620228,0.08849776896380764,0.3415964303420922,0.28681209717402084,0.027764005949429845,0.045364402578086264,0.32746653445711454,0.2987109568666336,0.26574119980168565,0.16980664352999505,0.16385721368368864,0.22607833415964304,0.07188894397620228,0.20649479424888448,0.08031730292513634,0.2692117005453644,0.22434308378780368,0.12270699058006941,0.18839861179970252,0.12270699058006941,0.08775409023301933,0.06395637084779375,0.10634605850272683,0.10188398611799702,0.282350024789291,0.23549826474962815,0.2055032226078334,0.7607833415964304,0.051313832424392664,0.08031730292513634,0.09395141298958849,0.8103619236489836,0.10014873574615767,1.0,0.08849776896380764
SMALLTEXT_RANDOM,0.12964799206742686,0.0999008428358949,0.16360932077342588,0.9997521070897373,0.09568666336142786,0.10064452156668319,0.05230540406544373,0.0805651958353991,0.08230044620723848,0.0813088745661874,0.09122459097669806,0.24020823004462072,0.23054040654437283,0.1412989588497769,0.16360932077342588,0.1517104610808131,0.12964799206742686,0.12022806147744175,0.17575607337630145,0.2885473475458602,0.1405552801189886,0.25012394645513136,0.11155180961824492,0.1412989588497769,0.3031730292513634,0.10411502231036192,0.0924640555280119,0.09816559246405553,0.10138820029747149,0.0969261279127417,0.07759048091224591,0.22682201289043133,0.17773921665840356,0.09519087754090233,0.2783837382250868,0.08849776896380764,1.0
