,ALIPY_CORESET_GREEDY,ALIPY_DENSITY_WEIGHTED,ALIPY_GRAPH_DENSITY,ALIPY_RANDOM,ALIPY_UNCERTAINTY_LC,ALIPY_UNCERTAINTY_MM,LIBACT_DWUS,LIBACT_QUIRE,LIBACT_UNCERTAINTY_ENT,LIBACT_UNCERTAINTY_LC,LIBACT_UNCERTAINTY_SM,OPTIMAL_GREEDY_10,OPTIMAL_GREEDY_20,PLAYGROUND_BANDIT,PLAYGROUND_GRAPH_DENSITY,PLAYGROUND_INFORMATIVE_DIVERSE,PLAYGROUND_KCENTER_GREEDY,PLAYGROUND_MARGIN,PLAYGROUND_MIXTURE,PLAYGROUND_UNIFORM,SKACTIVEML_COST_EMBEDDING,SKACTIVEML_DAL,SKACTIVEML_DWUS,SKACTIVEML_QBC,SKACTIVEML_QBC_VOTE_ENTROPY,SKACTIVEML_QUIRE,SKACTIVEML_US_ENTROPY,SKACTIVEML_US_LC,SKACTIVEML_US_MARGIN,SMALLTEXT_BREAKINGTIES,SMALLTEXT_CONTRASTIVEAL,SMALLTEXT_EMBEDDINGKMEANS,SMALLTEXT_GREEDYCORESET,SMALLTEXT_LEASTCONFIDENCE,SMALLTEXT_LIGHTWEIGHTCORESET,SMALLTEXT_PREDICTIONENTROPY,SMALLTEXT_RANDOM
ALIPY_CORESET_GREEDY,1.0,0.13237481408031732,0.06346058502726822,0.1412989588497769,0.06321269211700545,0.062221120475954385,0.1487357461576599,0.161378284581061,0.07015369360436291,0.06519583539910759,0.06841844323252355,0.20674268715914726,0.21393158155676748,0.16460089241447695,0.06346058502726822,0.16311353495290035,1.0,0.10510659395141299,0.16906296479920674,0.19930589985126426,0.14352999504214178,0.22954883490332176,0.10485870104115022,0.1856717897868121,0.20277640059494298,0.10337134357957363,0.06172533465542886,0.060981655924640554,0.06593951412989589,0.059494298463063956,0.16410510659395142,0.20624690133862172,0.3071393158155677,0.06420426375805652,0.21591472483886961,0.06420426375805652,0.1412989588497769
ALIPY_DENSITY_WEIGHTED,0.13237481408031732,1.0,0.0887456618740704,0.09370352007932573,0.17278135845314824,0.1665840356965791,0.1412989588497769,0.19112543381259295,0.1665840356965791,0.17402082300446206,0.17203767972235995,0.10882498760535449,0.11849281110560238,0.13658899355478432,0.0887456618740704,0.14005949429846307,0.13237481408031732,0.1499752107089737,0.11650966782350025,0.10213187902825979,0.15195835399107585,0.11923648983639068,0.15418939018344074,0.1294000991571641,0.1065939514129896,0.1633614278631631,0.16881507188894398,0.1707982151710461,0.16931085770946952,0.16063460585027267,0.1707982151710461,0.10956866633614279,0.14030738720872582,0.1715418939018344,0.1256817055032226,0.17352503718393653,0.09370352007932573
ALIPY_GRAPH_DENSITY,0.06346058502726822,0.0887456618740704,1.0,0.06246901338621715,0.06643529995042141,0.06494794248884482,0.10783341596430342,0.11378284581060982,0.06420426375805652,0.060981655924640554,0.06073376301437779,0.09494298463063956,0.0850272682201289,0.08006941001487357,1.0,0.07858205255329698,0.06346058502726822,0.06519583539910759,0.06792265741199802,0.0932077342588002,0.10411502231036192,0.0872583044124938,0.11948438274665345,0.08849776896380764,0.08750619732275657,0.09345562716906297,0.06519583539910759,0.061973227565691624,0.06470004957858205,0.05924640555280119,0.10014873574615767,0.09494298463063956,0.08155676747645017,0.059742191373326724,0.09048091224590976,0.06246901338621715,0.06246901338621715
ALIPY_RANDOM,0.1412989588497769,0.09370352007932573,0.06246901338621715,1.0,0.06445215666831929,0.06717897868120971,0.1588993554784333,0.09568666336142786,0.06668319286068418,0.06122954883490332,0.06693108577094695,0.2808626673277144,0.2714427367377293,0.17327714427367377,0.06246901338621715,0.180466038671294,0.1412989588497769,0.10188398611799702,0.20302429350520576,0.2840852751611304,0.14526524541398117,0.24690133862171543,0.12667327714427368,0.21269211700545365,0.28953891918691127,0.09866137828458106,0.05999008428358949,0.05999008428358949,0.06668319286068418,0.06470004957858205,0.11650966782350025,0.23797719385225583,0.21690629647992068,0.06122954883490332,0.22905304908279622,0.06147744174516609,1.0
ALIPY_UNCERTAINTY_LC,0.06321269211700545,0.17278135845314824,0.06643529995042141,0.06445215666831929,1.0,0.7622706990580069,0.10708973723351513,0.09568666336142786,0.14675260287555775,0.15964303420922163,0.13658899355478432,0.08081308874566187,0.0857709469509172,0.11626177491323748,0.06643529995042141,0.11303916707982152,0.06321269211700545,0.1864154685176004,0.1028755577590481,0.08031730292513634,0.12146752602875557,0.08453148239960337,0.1346058502726822,0.0991571641051066,0.08676251859196826,0.11551809618244918,0.14105106593951414,0.15319781854238967,0.1412989588497769,0.18393653941497273,0.11353495290034706,0.08279623202776401,0.0880019831432821,0.2721864154685176,0.08750619732275657,0.19930589985126426,0.06445215666831929
ALIPY_UNCERTAINTY_MM,0.062221120475954385,0.1665840356965791,0.06494794248884482,0.06717897868120971,0.7622706990580069,1.0,0.10733763014377788,0.09717402082300446,0.12816063460585028,0.13981160138820029,0.15666831928606842,0.08626673277144274,0.0872583044124938,0.11824491819533961,0.06494794248884482,0.10956866633614279,0.062221120475954385,0.2263262270699058,0.12047595438770452,0.08180466038671294,0.11923648983639068,0.09072880515617253,0.13039167079821518,0.0954387704511651,0.08750619732275657,0.10461080813088745,0.13237481408031732,0.13262270699058007,0.15071888943976203,0.27169062964799207,0.11279127416955875,0.08750619732275657,0.08552305404065444,0.19038175508180466,0.0954387704511651,0.18790282597917699,0.06717897868120971
LIBACT_DWUS,0.1487357461576599,0.1412989588497769,0.10783341596430342,0.1588993554784333,0.10708973723351513,0.10733763014377788,1.0,0.1249380267724343,0.10609816559246406,0.10337134357957363,0.11031234506693109,0.2248388696083292,0.2151710461080813,0.18815071888943977,0.10783341596430342,0.19533961328705998,0.1487357461576599,0.14972731779871096,0.19881011403073873,0.20475954387704512,0.15964303420922163,0.21046108081308876,0.27119484382746656,0.20823004462072384,0.21120475954387705,0.16212196331184928,0.11576598909271195,0.11006445215666832,0.11700545364402579,0.10138820029747149,0.16732771442736738,0.2677243430837878,0.214427367377293,0.10262766484878533,0.2315319781854239,0.10932077342588002,0.1588993554784333
LIBACT_QUIRE,0.161378284581061,0.19112543381259295,0.11378284581060982,0.09568666336142786,0.09568666336142786,0.09717402082300446,0.1249380267724343,1.0,0.09122459097669806,0.0894893406048587,0.09295984134853744,0.12692117005453643,0.1375805651958354,0.11130391670798215,0.11378284581060982,0.11452652454139811,0.161378284581061,0.0991571641051066,0.10237977193852256,0.11279127416955875,0.1450173525037184,0.13956370847793753,0.11527020327218641,0.1271690629647992,0.12072384729796728,0.1715418939018344,0.10213187902825979,0.10237977193852256,0.10436291522062469,0.08775409023301933,0.26103123450669313,0.1353495290034705,0.161378284581061,0.08849776896380764,0.1383242439266237,0.08824987605354487,0.09568666336142786
LIBACT_UNCERTAINTY_ENT,0.07015369360436291,0.1665840356965791,0.06420426375805652,0.06668319286068418,0.14675260287555775,0.12816063460585028,0.10609816559246406,0.09122459097669806,1.0,0.7813584531482399,0.7568170550322261,0.08775409023301933,0.09395141298958849,0.11204759543877045,0.06420426375805652,0.10312345066931086,0.07015369360436291,0.11874070401586515,0.08775409023301933,0.08849776896380764,0.11700545364402579,0.09568666336142786,0.12865642042637582,0.1036192364898364,0.08924144769459594,0.12394645513138325,0.13956370847793753,0.12964799206742686,0.12245909766980664,0.11477441745166088,0.11204759543877045,0.09122459097669806,0.09395141298958849,0.13510163609320774,0.09072880515617253,0.1479920674268716,0.06668319286068418
LIBACT_UNCERTAINTY_LC,0.06519583539910759,0.17402082300446206,0.060981655924640554,0.06122954883490332,0.15964303420922163,0.13981160138820029,0.10337134357957363,0.0894893406048587,0.7813584531482399,1.0,0.7677243430837878,0.08006941001487357,0.08279623202776401,0.10411502231036192,0.060981655924640554,0.10114030738720872,0.06519583539910759,0.12394645513138325,0.08775409023301933,0.0813088745661874,0.11452652454139811,0.08527516113039167,0.1271690629647992,0.09593455627169063,0.08031730292513634,0.12270699058006941,0.13262270699058007,0.14328210213187903,0.1264253842340109,0.1279127416955875,0.10213187902825979,0.08081308874566187,0.08477937530986614,0.14625681705503224,0.07882994546355974,0.14700049578582053,0.06122954883490332
LIBACT_UNCERTAINTY_SM,0.06841844323252355,0.17203767972235995,0.06073376301437779,0.06693108577094695,0.13658899355478432,0.15666831928606842,0.11031234506693109,0.09295984134853744,0.7568170550322261,0.7677243430837878,1.0,0.0850272682201289,0.09048091224590976,0.10907288051561725,0.06073376301437779,0.10733763014377788,0.06841844323252355,0.12816063460585028,0.0924640555280119,0.08775409023301933,0.11750123946455131,0.09122459097669806,0.13708477937530986,0.09766980664352999,0.08750619732275657,0.11279127416955875,0.12270699058006941,0.12617749132374814,0.14476945959345563,0.14402578086266732,0.10138820029747149,0.08676251859196826,0.08824987605354487,0.12989588497768964,0.08924144769459594,0.12865642042637582,0.06693108577094695
OPTIMAL_GREEDY_10,0.20674268715914726,0.10882498760535449,0.09494298463063956,0.2808626673277144,0.08081308874566187,0.08626673277144274,0.2248388696083292,0.12692117005453643,0.08775409023301933,0.08006941001487357,0.0850272682201289,1.0,0.37927615270203274,0.2181457610312345,0.09494298463063956,0.21616261774913237,0.20674268715914726,0.1360932077342588,0.26053544868616757,0.3475458601883986,0.15294992563212692,0.3098661378284581,0.1648487853247397,0.25632126921170056,0.349281110560238,0.11229548834903322,0.08230044620723848,0.0842835894893406,0.08775409023301933,0.08378780366881507,0.14749628160634606,0.3247397124442241,0.2635101636093208,0.0768468021814576,0.3135845314823996,0.07882994546355974,0.2808626673277144
OPTIMAL_GREEDY_20,0.21393158155676748,0.11849281110560238,0.0850272682201289,0.2714427367377293,0.0857709469509172,0.0872583044124938,0.2151710461080813,0.1375805651958354,0.09395141298958849,0.08279623202776401,0.09048091224590976,0.37927615270203274,1.0,0.22136836886465047,0.0850272682201289,0.2181457610312345,0.21393158155676748,0.1346058502726822,0.25359444719881014,0.3381259295984135,0.15418939018344074,0.30540406544372833,0.16360932077342588,0.2597917699553793,0.3542389687654933,0.11948438274665345,0.08378780366881507,0.0835399107585523,0.0880019831432821,0.07659890927119484,0.14923153197818542,0.32796232027764005,0.26103123450669313,0.07659890927119484,0.3108577094695092,0.07337630143777887,0.2714427367377293
PLAYGROUND_BANDIT,0.16460089241447695,0.13658899355478432,0.08006941001487357,0.17327714427367377,0.11626177491323748,0.11824491819533961,0.18815071888943977,0.11130391670798215,0.11204759543877045,0.10411502231036192,0.10907288051561725,0.2181457610312345,0.22136836886465047,1.0,0.08006941001487357,0.3710956866633614,0.16460089241447695,0.3743182944967774,0.41745166088249874,0.2020327218641547,0.17848289538919188,0.2255825483391175,0.15691621219633117,0.17302925136341102,0.21715418939018344,0.1308874566187407,0.10089241447694595,0.10485870104115022,0.10733763014377788,0.10213187902825979,0.13807635101636093,0.21913733267228558,0.1901338621715419,0.10262766484878533,0.22682201289043133,0.10262766484878533,0.17327714427367377
PLAYGROUND_GRAPH_DENSITY,0.06346058502726822,0.0887456618740704,1.0,0.06246901338621715,0.06643529995042141,0.06494794248884482,0.10783341596430342,0.11378284581060982,0.06420426375805652,0.060981655924640554,0.06073376301437779,0.09494298463063956,0.0850272682201289,0.08006941001487357,1.0,0.07858205255329698,0.06346058502726822,0.06519583539910759,0.06792265741199802,0.0932077342588002,0.10411502231036192,0.0872583044124938,0.11948438274665345,0.08849776896380764,0.08750619732275657,0.09345562716906297,0.06519583539910759,0.061973227565691624,0.06470004957858205,0.05924640555280119,0.10014873574615767,0.09494298463063956,0.08155676747645017,0.059742191373326724,0.09048091224590976,0.06246901338621715,0.06246901338621715
PLAYGROUND_INFORMATIVE_DIVERSE,0.16311353495290035,0.14005949429846307,0.07858205255329698,0.180466038671294,0.11303916707982152,0.10956866633614279,0.19533961328705998,0.11452652454139811,0.10312345066931086,0.10114030738720872,0.10733763014377788,0.21616261774913237,0.2181457610312345,0.3710956866633614,0.07858205255329698,1.0,0.16311353495290035,0.32077342588001984,0.3896876549330689,0.20649479424888448,0.16980664352999505,0.2233515121467526,0.1427863163113535,0.1574119980168567,0.2129400099157164,0.14179474467030243,0.09766980664352999,0.10634605850272683,0.10882498760535449,0.10039662865642042,0.14352999504214178,0.23921665840356965,0.19881011403073873,0.09965294992563213,0.23277144273673772,0.09568666336142786,0.180466038671294
PLAYGROUND_KCENTER_GREEDY,1.0,0.13237481408031732,0.06346058502726822,0.1412989588497769,0.06321269211700545,0.062221120475954385,0.1487357461576599,0.161378284581061,0.07015369360436291,0.06519583539910759,0.06841844323252355,0.20674268715914726,0.21393158155676748,0.16460089241447695,0.06346058502726822,0.16311353495290035,1.0,0.10510659395141299,0.16906296479920674,0.19930589985126426,0.14352999504214178,0.22954883490332176,0.10485870104115022,0.1856717897868121,0.20277640059494298,0.10337134357957363,0.06172533465542886,0.060981655924640554,0.06593951412989589,0.059494298463063956,0.16410510659395142,0.20624690133862172,0.3071393158155677,0.06420426375805652,0.21591472483886961,0.06420426375805652,0.1412989588497769
PLAYGROUND_MARGIN,0.10510659395141299,0.1499752107089737,0.06519583539910759,0.10188398611799702,0.1864154685176004,0.2263262270699058,0.14972731779871096,0.0991571641051066,0.11874070401586515,0.12394645513138325,0.12816063460585028,0.1360932077342588,0.1346058502726822,0.3743182944967774,0.06519583539910759,0.32077342588001984,0.10510659395141299,1.0,0.4489340604858701,0.12444224095190877,0.1517104610808131,0.14253842340109074,0.14600892414476946,0.131631135349529,0.13411006445215667,0.14476945959345563,0.12865642042637582,0.12766484878532475,0.13138324243926625,0.20798215171046108,0.13187902825979178,0.12072384729796728,0.13931581556767478,0.16980664352999505,0.1479920674268716,0.16782350024789291,0.10188398611799702
PLAYGROUND_MIXTURE,0.16906296479920674,0.11650966782350025,0.06792265741199802,0.20302429350520576,0.1028755577590481,0.12047595438770452,0.19881011403073873,0.10237977193852256,0.08775409023301933,0.08775409023301933,0.0924640555280119,0.26053544868616757,0.25359444719881014,0.41745166088249874,0.06792265741199802,0.3896876549330689,0.16906296479920674,0.4489340604858701,1.0,0.23351512146752604,0.16038671294000992,0.23996033713435796,0.13882002974714924,0.1983143282102132,0.2523549826474963,0.12915220624690135,0.08924144769459594,0.08701041150223103,0.09271194843827467,0.11006445215666832,0.1338621715418939,0.2387208725830441,0.214427367377293,0.0961824491819534,0.25037183936539414,0.09643034209221617,0.20302429350520576
PLAYGROUND_UNIFORM,0.19930589985126426,0.10213187902825979,0.0932077342588002,0.2840852751611304,0.08031730292513634,0.08180466038671294,0.20475954387704512,0.11279127416955875,0.08849776896380764,0.0813088745661874,0.08775409023301933,0.3475458601883986,0.3381259295984135,0.2020327218641547,0.0932077342588002,0.20649479424888448,0.19930589985126426,0.12444224095190877,0.23351512146752604,1.0,0.13782845810609817,0.30664352999504213,0.18765493306891423,0.25012394645513136,0.34357957362419433,0.11576598909271195,0.08155676747645017,0.08205255329697571,0.08254833911750124,0.07858205255329698,0.13559742191373328,0.32870599900842834,0.27193852255825485,0.07535944471988101,0.29424888448190384,0.07635101636093208,0.2840852751611304
SKACTIVEML_COST_EMBEDDING,0.14352999504214178,0.15195835399107585,0.10411502231036192,0.14526524541398117,0.12146752602875557,0.11923648983639068,0.15964303420922163,0.1450173525037184,0.11700545364402579,0.11452652454139811,0.11750123946455131,0.15294992563212692,0.15418939018344074,0.17848289538919188,0.10411502231036192,0.16980664352999505,0.14352999504214178,0.1517104610808131,0.16038671294000992,0.13782845810609817,1.0,0.15319781854238967,0.15344571145265246,0.1554288547347546,0.1487357461576599,0.15815567674764502,0.12270699058006941,0.11527020327218641,0.12146752602875557,0.11427863163113534,0.16212196331184928,0.1554288547347546,0.15195835399107585,0.11750123946455131,0.16435299950421417,0.12022806147744175,0.14526524541398117
SKACTIVEML_DAL,0.22954883490332176,0.11923648983639068,0.0872583044124938,0.24690133862171543,0.08453148239960337,0.09072880515617253,0.21046108081308876,0.13956370847793753,0.09568666336142786,0.08527516113039167,0.09122459097669806,0.3098661378284581,0.30540406544372833,0.2255825483391175,0.0872583044124938,0.2233515121467526,0.22954883490332176,0.14253842340109074,0.23996033713435796,0.30664352999504213,0.15319781854238967,1.0,0.16385721368368864,0.2300446207238473,0.2915220624690134,0.11353495290034706,0.08601883986117997,0.08626673277144274,0.08899355478433317,0.08031730292513634,0.1517104610808131,0.3111056023797719,0.24590976698066436,0.0805651958353991,0.2885473475458602,0.08403569657907783,0.24690133862171543
SKACTIVEML_DWUS,0.10485870104115022,0.15418939018344074,0.11948438274665345,0.12667327714427368,0.1346058502726822,0.13039167079821518,0.27119484382746656,0.11527020327218641,0.12865642042637582,0.1271690629647992,0.13708477937530986,0.1648487853247397,0.16360932077342588,0.15691621219633117,0.11948438274665345,0.1427863163113535,0.10485870104115022,0.14600892414476946,0.13882002974714924,0.18765493306891423,0.15344571145265246,0.16385721368368864,1.0,0.1901338621715419,0.1722855726326227,0.13138324243926625,0.12741695587506197,0.124194348041646,0.1308874566187407,0.1271690629647992,0.15096678235002478,0.1980664352999504,0.14253842340109074,0.12469013386217154,0.16559246405552802,0.12865642042637582,0.12667327714427368
SKACTIVEML_QBC,0.1856717897868121,0.1294000991571641,0.08849776896380764,0.21269211700545365,0.0991571641051066,0.0954387704511651,0.20823004462072384,0.1271690629647992,0.1036192364898364,0.09593455627169063,0.09766980664352999,0.25632126921170056,0.2597917699553793,0.17302925136341102,0.08849776896380764,0.1574119980168567,0.1856717897868121,0.131631135349529,0.1983143282102132,0.25012394645513136,0.1554288547347546,0.2300446207238473,0.1901338621715419,1.0,0.263262270699058,0.13782845810609817,0.09568666336142786,0.09295984134853744,0.09791769955379276,0.09048091224590976,0.16881507188894398,0.23772930094199307,0.21789786812097173,0.0932077342588002,0.22434308378780368,0.090233019335647,0.21269211700545365
SKACTIVEML_QBC_VOTE_ENTROPY,0.20277640059494298,0.1065939514129896,0.08750619732275657,0.28953891918691127,0.08676251859196826,0.08750619732275657,0.21120475954387705,0.12072384729796728,0.08924144769459594,0.08031730292513634,0.08750619732275657,0.349281110560238,0.3542389687654933,0.21715418939018344,0.08750619732275657,0.2129400099157164,0.20277640059494298,0.13411006445215667,0.2523549826474963,0.34357957362419433,0.1487357461576599,0.2915220624690134,0.1722855726326227,0.263262270699058,1.0,0.11328705999008429,0.08453148239960337,0.0835399107585523,0.0872583044124938,0.07808626673277144,0.139067922657412,0.31333663857213684,0.2736737729300942,0.07535944471988101,0.3098661378284581,0.0768468021814576,0.28953891918691127
SKACTIVEML_QUIRE,0.10337134357957363,0.1633614278631631,0.09345562716906297,0.09866137828458106,0.11551809618244918,0.10461080813088745,0.16212196331184928,0.1715418939018344,0.12394645513138325,0.12270699058006941,0.11279127416955875,0.11229548834903322,0.11948438274665345,0.1308874566187407,0.09345562716906297,0.14179474467030243,0.10337134357957363,0.14476945959345563,0.12915220624690135,0.11576598909271195,0.15815567674764502,0.11353495290034706,0.13138324243926625,0.13782845810609817,0.11328705999008429,1.0,0.11973227565691621,0.12047595438770452,0.11031234506693109,0.11650966782350025,0.17724343083787802,0.09643034209221617,0.13981160138820029,0.12592959841348536,0.11998016856717898,0.12915220624690135,0.09866137828458106
SKACTIVEML_US_ENTROPY,0.06172533465542886,0.16881507188894398,0.06519583539910759,0.05999008428358949,0.14105106593951414,0.13237481408031732,0.11576598909271195,0.10213187902825979,0.13956370847793753,0.13262270699058007,0.12270699058006941,0.08230044620723848,0.08378780366881507,0.10089241447694595,0.06519583539910759,0.09766980664352999,0.06172533465542886,0.12865642042637582,0.08924144769459594,0.08155676747645017,0.12270699058006941,0.08601883986117997,0.12741695587506197,0.09568666336142786,0.08453148239960337,0.11973227565691621,1.0,0.7845810609816559,0.7652454139811602,0.11477441745166088,0.10634605850272683,0.08106098165592464,0.08180466038671294,0.13187902825979178,0.08824987605354487,0.14823996033713435,0.05999008428358949
SKACTIVEML_US_LC,0.060981655924640554,0.1707982151710461,0.061973227565691624,0.05999008428358949,0.15319781854238967,0.13262270699058007,0.11006445215666832,0.10237977193852256,0.12964799206742686,0.14328210213187903,0.12617749132374814,0.0842835894893406,0.0835399107585523,0.10485870104115022,0.061973227565691624,0.10634605850272683,0.060981655924640554,0.12766484878532475,0.08701041150223103,0.08205255329697571,0.11527020327218641,0.08626673277144274,0.124194348041646,0.09295984134853744,0.0835399107585523,0.12047595438770452,0.7845810609816559,1.0,0.7736737729300942,0.12270699058006941,0.10783341596430342,0.08329201784828955,0.08378780366881507,0.14848785324739713,0.0857709469509172,0.13782845810609817,0.05999008428358949
SKACTIVEML_US_MARGIN,0.06593951412989589,0.16931085770946952,0.06470004957858205,0.06668319286068418,0.1412989588497769,0.15071888943976203,0.11700545364402579,0.10436291522062469,0.12245909766980664,0.1264253842340109,0.14476945959345563,0.08775409023301933,0.0880019831432821,0.10733763014377788,0.06470004957858205,0.10882498760535449,0.06593951412989589,0.13138324243926625,0.09271194843827467,0.08254833911750124,0.12146752602875557,0.08899355478433317,0.1308874566187407,0.09791769955379276,0.0872583044124938,0.11031234506693109,0.7652454139811602,0.7736737729300942,1.0,0.14402578086266732,0.11006445215666832,0.09147248388696083,0.08626673277144274,0.1308874566187407,0.09271194843827467,0.12592959841348536,0.06668319286068418
SMALLTEXT_BREAKINGTIES,0.059494298463063956,0.16063460585027267,0.05924640555280119,0.06470004957858205,0.18393653941497273,0.27169062964799207,0.10138820029747149,0.08775409023301933,0.11477441745166088,0.1279127416955875,0.14402578086266732,0.08378780366881507,0.07659890927119484,0.10213187902825979,0.05924640555280119,0.10039662865642042,0.059494298463063956,0.20798215171046108,0.11006445215666832,0.07858205255329698,0.11427863163113534,0.08031730292513634,0.1271690629647992,0.09048091224590976,0.07808626673277144,0.11650966782350025,0.11477441745166088,0.12270699058006941,0.14402578086266732,1.0,0.10163609320773426,0.08006941001487357,0.08006941001487357,0.7595438770451165,0.0850272682201289,0.7615270203272186,0.06470004957858205
SMALLTEXT_CONTRASTIVEAL,0.16410510659395142,0.1707982151710461,0.10014873574615767,0.11650966782350025,0.11353495290034706,0.11279127416955875,0.16732771442736738,0.26103123450669313,0.11204759543877045,0.10213187902825979,0.10138820029747149,0.14749628160634606,0.14923153197818542,0.13807635101636093,0.10014873574615767,0.14352999504214178,0.16410510659395142,0.13187902825979178,0.1338621715418939,0.13559742191373328,0.16212196331184928,0.1517104610808131,0.15096678235002478,0.16881507188894398,0.139067922657412,0.17724343083787802,0.10634605850272683,0.10783341596430342,0.11006445215666832,0.10163609320773426,1.0,0.15840356965790778,0.1983143282102132,0.1036192364898364,0.15121467526028756,0.1028755577590481,0.11650966782350025
SMALLTEXT_EMBEDDINGKMEANS,0.20624690133862172,0.10956866633614279,0.09494298463063956,0.23797719385225583,0.08279623202776401,0.08750619732275657,0.2677243430837878,0.1353495290034705,0.09122459097669806,0.08081308874566187,0.08676251859196826,0.3247397124442241,0.32796232027764005,0.21913733267228558,0.09494298463063956,0.23921665840356965,0.20624690133862172,0.12072384729796728,0.2387208725830441,0.32870599900842834,0.1554288547347546,0.3111056023797719,0.1980664352999504,0.23772930094199307,0.31333663857213684,0.09643034209221617,0.08106098165592464,0.08329201784828955,0.09147248388696083,0.08006941001487357,0.15840356965790778,1.0,0.29846306395637084,0.07783837382250867,0.33539910758552305,0.0813088745661874,0.23797719385225583
SMALLTEXT_GREEDYCORESET,0.3071393158155677,0.14030738720872582,0.08155676747645017,0.21690629647992068,0.0880019831432821,0.08552305404065444,0.214427367377293,0.161378284581061,0.09395141298958849,0.08477937530986614,0.08824987605354487,0.2635101636093208,0.26103123450669313,0.1901338621715419,0.08155676747645017,0.19881011403073873,0.3071393158155677,0.13931581556767478,0.214427367377293,0.27193852255825485,0.15195835399107585,0.24590976698066436,0.14253842340109074,0.21789786812097173,0.2736737729300942,0.13981160138820029,0.08180466038671294,0.08378780366881507,0.08626673277144274,0.08006941001487357,0.1983143282102132,0.29846306395637084,1.0,0.0850272682201289,0.2697074863658899,0.08279623202776401,0.21690629647992068
SMALLTEXT_LEASTCONFIDENCE,0.06420426375805652,0.1715418939018344,0.059742191373326724,0.06122954883490332,0.2721864154685176,0.19038175508180466,0.10262766484878533,0.08849776896380764,0.13510163609320774,0.14625681705503224,0.12989588497768964,0.0768468021814576,0.07659890927119484,0.10262766484878533,0.059742191373326724,0.09965294992563213,0.06420426375805652,0.16980664352999505,0.0961824491819534,0.07535944471988101,0.11750123946455131,0.0805651958353991,0.12469013386217154,0.0932077342588002,0.07535944471988101,0.12592959841348536,0.13187902825979178,0.14848785324739713,0.1308874566187407,0.7595438770451165,0.1036192364898364,0.07783837382250867,0.0850272682201289,1.0,0.0805651958353991,0.7808626673277145,0.06122954883490332
SMALLTEXT_LIGHTWEIGHTCORESET,0.21591472483886961,0.1256817055032226,0.09048091224590976,0.22905304908279622,0.08750619732275657,0.0954387704511651,0.2315319781854239,0.1383242439266237,0.09072880515617253,0.07882994546355974,0.08924144769459594,0.3135845314823996,0.3108577094695092,0.22682201289043133,0.09048091224590976,0.23277144273673772,0.21591472483886961,0.1479920674268716,0.25037183936539414,0.29424888448190384,0.16435299950421417,0.2885473475458602,0.16559246405552802,0.22434308378780368,0.3098661378284581,0.11998016856717898,0.08824987605354487,0.0857709469509172,0.09271194843827467,0.0850272682201289,0.15121467526028756,0.33539910758552305,0.2697074863658899,0.0805651958353991,1.0,0.08230044620723848,0.22905304908279622
SMALLTEXT_PREDICTIONENTROPY,0.06420426375805652,0.17352503718393653,0.06246901338621715,0.06147744174516609,0.19930589985126426,0.18790282597917699,0.10932077342588002,0.08824987605354487,0.1479920674268716,0.14700049578582053,0.12865642042637582,0.07882994546355974,0.07337630143777887,0.10262766484878533,0.06246901338621715,0.09568666336142786,0.06420426375805652,0.16782350024789291,0.09643034209221617,0.07635101636093208,0.12022806147744175,0.08403569657907783,0.12865642042637582,0.090233019335647,0.0768468021814576,0.12915220624690135,0.14823996033713435,0.13782845810609817,0.12592959841348536,0.7615270203272186,0.1028755577590481,0.0813088745661874,0.08279623202776401,0.7808626673277145,0.08230044620723848,1.0,0.06147744174516609
SMALLTEXT_RANDOM,0.1412989588497769,0.09370352007932573,0.06246901338621715,1.0,0.06445215666831929,0.06717897868120971,0.1588993554784333,0.09568666336142786,0.06668319286068418,0.06122954883490332,0.06693108577094695,0.2808626673277144,0.2714427367377293,0.17327714427367377,0.06246901338621715,0.180466038671294,0.1412989588497769,0.10188398611799702,0.20302429350520576,0.2840852751611304,0.14526524541398117,0.24690133862171543,0.12667327714427368,0.21269211700545365,0.28953891918691127,0.09866137828458106,0.05999008428358949,0.05999008428358949,0.06668319286068418,0.06470004957858205,0.11650966782350025,0.23797719385225583,0.21690629647992068,0.06122954883490332,0.22905304908279622,0.06147744174516609,1.0
