,ALIPY_CORESET_GREEDY,ALIPY_DENSITY_WEIGHTED,ALIPY_GRAPH_DENSITY,ALIPY_RANDOM,ALIPY_UNCERTAINTY_LC,ALIPY_UNCERTAINTY_MM,LIBACT_DWUS,LIBACT_QUIRE,LIBACT_UNCERTAINTY_ENT,LIBACT_UNCERTAINTY_LC,LIBACT_UNCERTAINTY_SM,OPTIMAL_GREEDY_10,OPTIMAL_GREEDY_20,PLAYGROUND_BANDIT,PLAYGROUND_GRAPH_DENSITY,PLAYGROUND_INFORMATIVE_DIVERSE,PLAYGROUND_KCENTER_GREEDY,PLAYGROUND_MARGIN,PLAYGROUND_MIXTURE,PLAYGROUND_UNIFORM,SKACTIVEML_COST_EMBEDDING,SKACTIVEML_DAL,SKACTIVEML_DWUS,SKACTIVEML_QBC,SKACTIVEML_QBC_VOTE_ENTROPY,SKACTIVEML_QUIRE,SKACTIVEML_US_ENTROPY,SKACTIVEML_US_LC,SKACTIVEML_US_MARGIN,SMALLTEXT_BREAKINGTIES,SMALLTEXT_CONTRASTIVEAL,SMALLTEXT_EMBEDDINGKMEANS,SMALLTEXT_GREEDYCORESET,SMALLTEXT_LEASTCONFIDENCE,SMALLTEXT_LIGHTWEIGHTCORESET,SMALLTEXT_PREDICTIONENTROPY,SMALLTEXT_RANDOM
ALIPY_CORESET_GREEDY,4034,788,153,218,182,215,508,979,197,189,199,591,581,463,153,563,4034,351,467,658,536,648,543,613,622,661,205,164,212,174,705,571,943,147,616,196,218
ALIPY_DENSITY_WEIGHTED,788,4034,387,370,406,413,1066,1589,396,413,429,1016,1028,775,387,832,788,530,561,1036,954,1109,1072,1085,1000,1213,383,377,420,312,1141,1024,1301,313,1103,366,370
ALIPY_GRAPH_DENSITY,153,387,4034,164,143,148,558,464,146,163,158,459,475,295,4034,324,153,153,180,457,363,455,477,465,477,390,154,145,172,107,447,502,420,104,455,151,164
ALIPY_RANDOM,218,370,164,4034,147,150,647,490,142,144,153,560,598,354,164,421,218,287,400,535,323,530,520,539,553,454,126,132,150,106,514,577,479,116,538,127,4034
ALIPY_UNCERTAINTY_LC,182,406,143,147,4034,2929,403,423,267,320,279,395,394,381,143,383,182,490,316,376,324,376,415,410,393,400,294,300,285,481,391,385,387,877,438,517,147
ALIPY_UNCERTAINTY_MM,215,413,148,150,2929,4034,431,473,266,274,345,434,449,420,148,393,215,698,416,410,340,393,433,447,423,462,255,274,325,877,443,412,426,479,442,481,150
LIBACT_DWUS,508,1066,558,647,403,431,4034,1362,382,369,393,1509,1515,959,558,1064,508,611,886,1498,973,1435,1477,1465,1488,1260,385,347,408,296,1448,1748,1340,280,1440,360,647
LIBACT_QUIRE,979,1589,464,490,423,473,1362,4034,405,437,425,1293,1305,906,464,1052,979,591,773,1273,1098,1306,1275,1327,1273,1466,444,425,451,311,1429,1292,1588,284,1388,369,490
LIBACT_UNCERTAINTY_ENT,197,396,146,142,267,266,382,405,4034,2995,2952,364,372,302,146,324,197,254,219,418,331,372,349,386,359,412,384,324,316,239,460,348,356,248,385,360,142
LIBACT_UNCERTAINTY_LC,189,413,163,144,320,274,369,437,2995,4034,3031,374,368,306,163,329,189,235,212,380,321,388,394,394,355,404,342,358,355,262,402,339,391,283,396,316,144
LIBACT_UNCERTAINTY_SM,199,429,158,153,279,345,393,425,2952,3031,4034,407,394,309,158,352,199,266,242,400,330,400,419,420,392,409,327,321,387,291,411,375,382,252,417,325,153
OPTIMAL_GREEDY_10,591,1016,459,560,395,434,1509,1293,364,374,407,4034,1341,836,459,982,591,565,799,1294,872,1256,1177,1276,1336,1125,346,340,404,301,1279,1362,1205,294,1310,356,560
OPTIMAL_GREEDY_20,581,1028,475,598,394,449,1515,1305,372,368,394,1341,4034,869,475,955,581,603,795,1284,930,1258,1236,1280,1342,1157,386,381,420,303,1253,1406,1263,273,1320,359,598
PLAYGROUND_BANDIT,463,775,295,354,381,420,959,906,302,306,309,836,869,4034,295,1548,463,1434,1357,817,690,872,833,846,879,820,314,305,349,315,855,926,872,277,915,301,354
PLAYGROUND_GRAPH_DENSITY,153,387,4034,164,143,148,558,464,146,163,158,459,475,295,4034,324,153,153,180,457,363,455,477,465,477,390,154,145,172,107,447,502,420,104,455,151,164
PLAYGROUND_INFORMATIVE_DIVERSE,563,832,324,421,383,393,1064,1052,324,329,352,982,955,1548,324,4034,563,1340,1391,962,760,931,867,931,985,860,335,332,388,304,973,1029,952,296,962,298,421
PLAYGROUND_KCENTER_GREEDY,4034,788,153,218,182,215,508,979,197,189,199,591,581,463,153,563,4034,351,467,658,536,648,543,613,622,661,205,164,212,174,705,571,943,147,616,196,218
PLAYGROUND_MARGIN,351,530,153,287,490,698,611,591,254,235,266,565,603,1434,153,1340,351,4034,1941,546,486,534,523,563,589,523,228,240,248,623,613,623,546,408,604,417,287
PLAYGROUND_MIXTURE,467,561,180,400,316,416,886,773,219,212,242,799,795,1357,180,1391,467,1941,4034,756,537,772,707,774,812,656,202,232,240,326,770,877,768,230,749,253,400
PLAYGROUND_UNIFORM,658,1036,457,535,376,410,1498,1273,418,380,400,1294,1284,817,457,962,658,546,756,4034,875,1292,1211,1290,1305,1130,360,380,407,306,1286,1368,1225,274,1280,356,535
SKACTIVEML_COST_EMBEDDING,536,954,363,323,324,340,973,1098,331,321,330,872,930,690,363,760,536,486,537,875,4034,911,934,898,877,962,322,293,321,244,929,921,979,230,893,301,323
SKACTIVEML_DAL,648,1109,455,530,376,393,1435,1306,372,388,400,1256,1258,872,455,931,648,534,772,1292,911,4034,1185,1277,1266,1175,385,356,414,303,1249,1410,1271,284,1292,367,530
SKACTIVEML_DWUS,543,1072,477,520,415,433,1477,1275,349,394,419,1177,1236,833,477,867,543,523,707,1211,934,1185,4034,1185,1203,1110,365,358,396,307,1189,1291,1186,277,1208,359,520
SKACTIVEML_QBC,613,1085,465,539,410,447,1465,1327,386,394,420,1276,1280,846,465,931,613,563,774,1290,898,1277,1185,4034,1358,1182,391,395,453,328,1256,1354,1289,295,1293,392,539
SKACTIVEML_QBC_VOTE_ENTROPY,622,1000,477,553,393,423,1488,1273,359,355,392,1336,1342,879,477,985,622,589,812,1305,877,1266,1203,1358,4034,1120,379,360,406,302,1230,1397,1274,280,1304,340,553
SKACTIVEML_QUIRE,661,1213,390,454,400,462,1260,1466,412,404,409,1125,1157,820,390,860,661,523,656,1130,962,1175,1110,1182,1120,4034,419,391,443,318,1262,1150,1273,284,1169,388,454
SKACTIVEML_US_ENTROPY,205,383,154,126,294,255,385,444,384,342,327,346,386,314,154,335,205,228,202,360,322,385,365,391,379,419,4034,3002,3011,225,397,354,415,257,393,380,126
SKACTIVEML_US_LC,164,377,145,132,300,274,347,425,324,358,321,340,381,305,145,332,164,240,232,380,293,356,358,395,360,391,3002,4034,3035,234,405,326,379,253,351,303,132
SKACTIVEML_US_MARGIN,212,420,172,150,285,325,408,451,316,355,387,404,420,349,172,388,212,248,240,407,321,414,396,453,406,443,3011,3035,4034,281,450,386,434,253,400,300,150
SMALLTEXT_BREAKINGTIES,174,312,107,106,481,877,296,311,239,262,291,301,303,315,107,304,174,623,326,306,244,303,307,328,302,318,225,234,281,4034,322,298,295,2919,308,2889,106
SMALLTEXT_CONTRASTIVEAL,705,1141,447,514,391,443,1448,1429,460,402,411,1279,1253,855,447,973,705,613,770,1286,929,1249,1189,1256,1230,1262,397,405,450,322,4034,1314,1321,299,1247,402,514
SMALLTEXT_EMBEDDINGKMEANS,571,1024,502,577,385,412,1748,1292,348,339,375,1362,1406,926,502,1029,571,623,877,1368,921,1410,1291,1354,1397,1150,354,326,386,298,1314,4034,1284,271,1420,331,577
SMALLTEXT_GREEDYCORESET,943,1301,420,479,387,426,1340,1588,356,391,382,1205,1263,872,420,952,943,546,768,1225,979,1271,1186,1289,1274,1273,415,379,434,295,1321,1284,4034,271,1282,347,479
SMALLTEXT_LEASTCONFIDENCE,147,313,104,116,877,479,280,284,248,283,252,294,273,277,104,296,147,408,230,274,230,284,277,295,280,284,257,253,253,2919,299,271,271,4034,301,2928,116
SMALLTEXT_LIGHTWEIGHTCORESET,616,1103,455,538,438,442,1440,1388,385,396,417,1310,1320,915,455,962,616,604,749,1280,893,1292,1208,1293,1304,1169,393,351,400,308,1247,1420,1282,301,4034,366,538
SMALLTEXT_PREDICTIONENTROPY,196,366,151,127,517,481,360,369,360,316,325,356,359,301,151,298,196,417,253,356,301,367,359,392,340,388,380,303,300,2889,402,331,347,2928,366,4034,127
SMALLTEXT_RANDOM,218,370,164,4034,147,150,647,490,142,144,153,560,598,354,164,421,218,287,400,535,323,530,520,539,553,454,126,132,150,106,514,577,479,116,538,127,4034
