,ALIPY_CORESET_GREEDY,ALIPY_DENSITY_WEIGHTED,ALIPY_GRAPH_DENSITY,ALIPY_RANDOM,ALIPY_UNCERTAINTY_LC,ALIPY_UNCERTAINTY_MM,LIBACT_DWUS,LIBACT_QUIRE,LIBACT_UNCERTAINTY_ENT,LIBACT_UNCERTAINTY_LC,LIBACT_UNCERTAINTY_SM,OPTIMAL_GREEDY_10,OPTIMAL_GREEDY_20,PLAYGROUND_BANDIT,PLAYGROUND_GRAPH_DENSITY,PLAYGROUND_INFORMATIVE_DIVERSE,PLAYGROUND_KCENTER_GREEDY,PLAYGROUND_MARGIN,PLAYGROUND_MIXTURE,PLAYGROUND_UNIFORM,SKACTIVEML_COST_EMBEDDING,SKACTIVEML_DAL,SKACTIVEML_DWUS,SKACTIVEML_QBC,SKACTIVEML_QBC_VOTE_ENTROPY,SKACTIVEML_QUIRE,SKACTIVEML_US_ENTROPY,SKACTIVEML_US_LC,SKACTIVEML_US_MARGIN,SMALLTEXT_BREAKINGTIES,SMALLTEXT_CONTRASTIVEAL,SMALLTEXT_EMBEDDINGKMEANS,SMALLTEXT_GREEDYCORESET,SMALLTEXT_LEASTCONFIDENCE,SMALLTEXT_LIGHTWEIGHTCORESET,SMALLTEXT_PREDICTIONENTROPY,SMALLTEXT_RANDOM
ALIPY_CORESET_GREEDY,1.0,0.14154685176003967,0.12097174020823004,0.11725334655428855,0.09196826970748637,0.0961824491819534,0.03495290034705007,0.11031234506693109,0.07040158651462568,0.07263262270699058,0.07585523054040655,0.21194843827466534,0.21170054536440258,0.12221120475954388,0.12097174020823004,0.13063956370847793,0.9995042141794744,0.10089241447694595,0.15294992563212692,0.15716410510659395,0.12072384729796728,0.15518096182449181,0.06841844323252355,0.08205255329697571,0.15493306891422906,0.10510659395141299,0.07436787307882994,0.08006941001487357,0.07610312345066932,0.07907783837382251,0.09519087754090233,0.12989588497768964,0.2506197322756569,0.07635101636093208,0.131631135349529,0.07486365889935548,0.11725334655428855
ALIPY_DENSITY_WEIGHTED,0.14154685176003967,1.0,0.07759048091224591,0.10014873574615767,0.1494794248884482,0.1442736737729301,0.03495290034705007,0.10981655924640556,0.12667327714427368,0.13212692117005453,0.1279127416955875,0.11998016856717898,0.11874070401586515,0.14600892414476946,0.07759048091224591,0.139067922657412,0.14154685176003967,0.14675260287555775,0.1487357461576599,0.10783341596430342,0.15121467526028756,0.12766484878532475,0.11849281110560238,0.07188894397620228,0.11006445215666832,0.1457610312345067,0.15047099652949925,0.14923153197818542,0.14253842340109074,0.13981160138820029,0.09717402082300446,0.10411502231036192,0.12865642042637582,0.14848785324739713,0.1279127416955875,0.15047099652949925,0.10014873574615767
ALIPY_GRAPH_DENSITY,0.12097174020823004,0.07759048091224591,1.0,0.15939514129895885,0.058254833911750126,0.06519583539910759,0.06643529995042141,0.056023797719385225,0.06271690629647993,0.053792761527020325,0.061973227565691624,0.1517104610808131,0.1502231036192365,0.0984134853743183,1.0,0.09717402082300446,0.1212196331184928,0.07486365889935548,0.11650966782350025,0.20674268715914726,0.09890927119484383,0.16385721368368864,0.08329201784828955,0.09295984134853744,0.2020327218641547,0.07015369360436291,0.06122954883490332,0.06023797719385226,0.061973227565691624,0.06470004957858205,0.061973227565691624,0.1383242439266237,0.1479920674268716,0.05924640555280119,0.17997025285076848,0.06296479920674268,0.15939514129895885
ALIPY_RANDOM,0.11725334655428855,0.10014873574615767,0.15939514129895885,1.0,0.08453148239960337,0.08899355478433317,0.054784333168071395,0.08527516113039167,0.06618740704015866,0.06321269211700545,0.06965790778383739,0.1968269707486366,0.1871591472483887,0.11427863163113534,0.15939514129895885,0.1279127416955875,0.11750123946455131,0.09940505701536936,0.14724838869608328,0.2662369856222112,0.1256817055032226,0.22211204759543876,0.10064452156668319,0.11874070401586515,0.2741695587506197,0.10262766484878533,0.06841844323252355,0.07461576598909271,0.07312840852751612,0.07957362419434805,0.07288051561725335,0.20079325731284084,0.17129400099157163,0.07759048091224591,0.24293505205751115,0.07288051561725335,1.0
ALIPY_UNCERTAINTY_LC,0.09196826970748637,0.1494794248884482,0.058254833911750126,0.08453148239960337,1.0,0.7825979176995538,0.02478929102627665,0.05205751115518096,0.20996529499256322,0.24863658899355479,0.2020327218641547,0.15047099652949925,0.15096678235002478,0.24962816063460586,0.058254833911750126,0.22756569162121965,0.09196826970748637,0.2962320277640059,0.23599405057015369,0.11527020327218641,0.2017848289538919,0.11328705999008429,0.08527516113039167,0.06296479920674268,0.09221616261774913,0.10907288051561725,0.2513634110064452,0.28582052553296977,0.23029251363411007,0.3041646008924145,0.058254833911750126,0.08701041150223103,0.10064452156668319,0.42042637580565195,0.10064452156668319,0.326970748636589,0.08453148239960337
ALIPY_UNCERTAINTY_MM,0.0961824491819534,0.1442736737729301,0.06519583539910759,0.08899355478433317,0.7825979176995538,1.0,0.03396132870599901,0.051065939514129896,0.17724343083787802,0.19558750619732276,0.25111551809618243,0.1628656420426376,0.16088249876053545,0.26375805651958356,0.06519583539910759,0.23723351512146754,0.0961824491819534,0.3440753594447199,0.26202280614774415,0.1212196331184928,0.19509172037679723,0.12221120475954388,0.08378780366881507,0.06866633614278632,0.09742191373326722,0.10832920178482895,0.21641051065939515,0.2337630143777888,0.2825979176995538,0.4144769459593456,0.05899851264253842,0.08824987605354487,0.10114030738720872,0.3026772434308379,0.10857709469509172,0.27540902330193356,0.08899355478433317
LIBACT_DWUS,0.03495290034705007,0.03495290034705007,0.06643529995042141,0.054784333168071395,0.02478929102627665,0.03396132870599901,1.0,0.07734258800198314,0.02528507684680218,0.02454139811601388,0.031978185423896875,0.02949925632126921,0.026276648487853247,0.02949925632126921,0.06643529995042141,0.025780862667327716,0.03495290034705007,0.026524541398116015,0.02949925632126921,0.07759048091224591,0.0384234010907288,0.04338125929598413,0.07734258800198314,0.06792265741199802,0.08973723351512147,0.05304908279623203,0.02900347050074368,0.02949925632126921,0.03272186415468518,0.02825979176995538,0.07882994546355974,0.10733763014377788,0.0458601883986118,0.02107089737233515,0.053792761527020325,0.022806147744174516,0.054784333168071395
LIBACT_QUIRE,0.11031234506693109,0.10981655924640556,0.056023797719385225,0.08527516113039167,0.05205751115518096,0.051065939514129896,0.07734258800198314,1.0,0.04561229548834903,0.04313336638572137,0.044868616757560736,0.06965790778383739,0.06841844323252355,0.06023797719385226,0.056023797719385225,0.05924640555280119,0.11006445215666832,0.0532969757064948,0.06668319286068418,0.09494298463063956,0.07040158651462568,0.09370352007932573,0.061973227565691624,0.08601883986117997,0.08973723351512147,0.12444224095190877,0.0443728309370352,0.04313336638572137,0.04462072384729797,0.04908279623202776,0.11477441745166088,0.08403569657907783,0.10808130887456618,0.04685176003966286,0.09965294992563213,0.0480912245909767,0.08527516113039167
LIBACT_UNCERTAINTY_ENT,0.07040158651462568,0.12667327714427368,0.06271690629647993,0.06618740704015866,0.20996529499256322,0.17724343083787802,0.02528507684680218,0.04561229548834903,1.0,0.8071393158155676,0.7595438770451165,0.1331184928111056,0.12518591968269707,0.15790778383738224,0.06271690629647993,0.1893901834407536,0.07040158651462568,0.1517104610808131,0.15270203272186417,0.1036192364898364,0.15840356965790778,0.09816559246405553,0.0813088745661874,0.04933068914229053,0.08676251859196826,0.08477937530986614,0.23549826474962815,0.19583539910758552,0.16534457114526524,0.23054040654437283,0.05800694100148736,0.06965790778383739,0.08750619732275657,0.26053544868616757,0.0880019831432821,0.29920674268715913,0.06618740704015866
LIBACT_UNCERTAINTY_LC,0.07263262270699058,0.13212692117005453,0.053792761527020325,0.06321269211700545,0.24863658899355479,0.19558750619732276,0.02454139811601388,0.04313336638572137,0.8071393158155676,1.0,0.7825979176995538,0.14030738720872582,0.13113534952900346,0.1722855726326227,0.053792761527020325,0.20401586514625683,0.07288051561725335,0.17055032226078334,0.16236985622211206,0.08973723351512147,0.16931085770946952,0.0932077342588002,0.0842835894893406,0.04784333168071393,0.07982151710461081,0.08180466038671294,0.20996529499256322,0.23822508676251858,0.19038175508180466,0.24590976698066436,0.04784333168071393,0.07461576598909271,0.08304412493802678,0.3031730292513634,0.08701041150223103,0.2741695587506197,0.06321269211700545
LIBACT_UNCERTAINTY_SM,0.07585523054040655,0.1279127416955875,0.061973227565691624,0.06965790778383739,0.2020327218641547,0.25111551809618243,0.031978185423896875,0.044868616757560736,0.7595438770451165,0.7825979176995538,1.0,0.14526524541398117,0.1412989588497769,0.18021814576103123,0.061973227565691624,0.21616261774913237,0.07610312345066932,0.18145761031234506,0.17253346554288548,0.09766980664352999,0.17426871591472484,0.0984134853743183,0.08254833911750124,0.05627169062964799,0.0909766980664353,0.08081308874566187,0.1745166088249876,0.19360436291522062,0.24095190877540903,0.30565195835399106,0.047595438770451165,0.07535944471988101,0.08230044620723848,0.251611303916708,0.09643034209221617,0.23847297967278136,0.06965790778383739
OPTIMAL_GREEDY_10,0.21194843827466534,0.11998016856717898,0.1517104610808131,0.1968269707486366,0.15047099652949925,0.1628656420426376,0.02949925632126921,0.06965790778383739,0.1331184928111056,0.14030738720872582,0.14526524541398117,1.0,0.676251859196827,0.24070401586514625,0.1517104610808131,0.27169062964799207,0.21219633118492812,0.21938522558254833,0.3111056023797719,0.23500247892910262,0.1906296479920674,0.2203767972235994,0.06569162121963312,0.10609816559246406,0.22682201289043133,0.12617749132374814,0.14105106593951414,0.15096678235002478,0.1626177491323748,0.15989092711948438,0.06717897868120971,0.20996529499256322,0.1420426375805652,0.15418939018344074,0.20599900842835894,0.14600892414476946,0.1968269707486366
OPTIMAL_GREEDY_20,0.21170054536440258,0.11874070401586515,0.1502231036192365,0.1871591472483887,0.15096678235002478,0.16088249876053545,0.026276648487853247,0.06841844323252355,0.12518591968269707,0.13113534952900346,0.1412989588497769,0.676251859196827,1.0,0.236737729300942,0.1502231036192365,0.2699553792761527,0.21120475954387705,0.21120475954387705,0.3009419930589985,0.22880515617253347,0.17997025285076848,0.20971740208230044,0.06767476450173525,0.10857709469509172,0.2203767972235994,0.1279127416955875,0.14675260287555775,0.15592464055528013,0.16782350024789291,0.15270203272186417,0.062221120475954385,0.20971740208230044,0.14105106593951414,0.14625681705503224,0.19881011403073873,0.13708477937530986,0.1871591472483887
PLAYGROUND_BANDIT,0.12221120475954388,0.14600892414476946,0.0984134853743183,0.11427863163113534,0.24962816063460586,0.26375805651958356,0.02949925632126921,0.06023797719385226,0.15790778383738224,0.1722855726326227,0.18021814576103123,0.24070401586514625,0.236737729300942,1.0,0.0984134853743183,0.443728309370352,0.12221120475954388,0.6269211700545364,0.48686167575607336,0.1591472483886961,0.3076351016360932,0.1487357461576599,0.07882994546355974,0.0813088745661874,0.1375805651958354,0.1611303916707982,0.18170550322260784,0.19137332672285573,0.19757064947942488,0.24566187407040158,0.07263262270699058,0.09345562716906297,0.1028755577590481,0.22508676251859197,0.1427863163113535,0.21269211700545365,0.11427863163113534
PLAYGROUND_GRAPH_DENSITY,0.12097174020823004,0.07759048091224591,1.0,0.15939514129895885,0.058254833911750126,0.06519583539910759,0.06643529995042141,0.056023797719385225,0.06271690629647993,0.053792761527020325,0.061973227565691624,0.1517104610808131,0.1502231036192365,0.0984134853743183,1.0,0.09717402082300446,0.1212196331184928,0.07486365889935548,0.11650966782350025,0.20674268715914726,0.09890927119484383,0.16385721368368864,0.08329201784828955,0.09295984134853744,0.2020327218641547,0.07015369360436291,0.06122954883490332,0.06023797719385226,0.061973227565691624,0.06470004957858205,0.061973227565691624,0.1383242439266237,0.1479920674268716,0.05924640555280119,0.17997025285076848,0.06296479920674268,0.15939514129895885
PLAYGROUND_INFORMATIVE_DIVERSE,0.13063956370847793,0.139067922657412,0.09717402082300446,0.1279127416955875,0.22756569162121965,0.23723351512146754,0.025780862667327716,0.05924640555280119,0.1893901834407536,0.20401586514625683,0.21616261774913237,0.27169062964799207,0.2699553792761527,0.443728309370352,0.09717402082300446,1.0,0.13113534952900346,0.44273673772930094,0.4186911254338126,0.15468517600396628,0.2699553792761527,0.14328210213187903,0.0850272682201289,0.08676251859196826,0.146504709965295,0.14625681705503224,0.1980664352999504,0.20897372335151215,0.22508676251859197,0.21120475954387705,0.06668319286068418,0.11923648983639068,0.10956866633614279,0.2072384729796728,0.14402578086266732,0.1931085770946951,0.1279127416955875
PLAYGROUND_KCENTER_GREEDY,0.9995042141794744,0.14154685176003967,0.1212196331184928,0.11750123946455131,0.09196826970748637,0.0961824491819534,0.03495290034705007,0.11006445215666832,0.07040158651462568,0.07288051561725335,0.07610312345066932,0.21219633118492812,0.21120475954387705,0.12221120475954388,0.1212196331184928,0.13113534952900346,1.0,0.10089241447694595,0.15319781854238967,0.15691621219633117,0.12097174020823004,0.15518096182449181,0.06841844323252355,0.08254833911750124,0.1554288547347546,0.10510659395141299,0.07436787307882994,0.08031730292513634,0.07610312345066932,0.07907783837382251,0.09494298463063956,0.1294000991571641,0.2508676251859197,0.07659890927119484,0.13212692117005453,0.07486365889935548,0.11750123946455131
PLAYGROUND_MARGIN,0.10089241447694595,0.14675260287555775,0.07486365889935548,0.09940505701536936,0.2962320277640059,0.3440753594447199,0.026524541398116015,0.0532969757064948,0.1517104610808131,0.17055032226078334,0.18145761031234506,0.21938522558254833,0.21120475954387705,0.6269211700545364,0.07486365889935548,0.44273673772930094,0.10089241447694595,1.0,0.5272682201289043,0.12816063460585028,0.30143777887952405,0.12617749132374814,0.07982151710461081,0.07560733763014378,0.11551809618244918,0.15865146256817056,0.18591968269707487,0.20104115022310362,0.20798215171046108,0.3262270699058007,0.07064947942488845,0.08899355478433317,0.09866137828458106,0.27863163113534956,0.11948438274665345,0.25334655428854735,0.09940505701536936
PLAYGROUND_MIXTURE,0.15294992563212692,0.1487357461576599,0.11650966782350025,0.14724838869608328,0.23599405057015369,0.26202280614774415,0.02949925632126921,0.06668319286068418,0.15270203272186417,0.16236985622211206,0.17253346554288548,0.3111056023797719,0.3009419930589985,0.48686167575607336,0.11650966782350025,0.4186911254338126,0.15319781854238967,0.5272682201289043,1.0,0.20897372335151215,0.25681705503222607,0.16881507188894398,0.07882994546355974,0.09196826970748637,0.17649975210708974,0.1517104610808131,0.1760039662865642,0.1841844323252355,0.19038175508180466,0.2404561229548835,0.07064947942488845,0.13882002974714924,0.12171541893901834,0.21913733267228558,0.1648487853247397,0.2077342588001983,0.14724838869608328
PLAYGROUND_UNIFORM,0.15716410510659395,0.10783341596430342,0.20674268715914726,0.2662369856222112,0.11527020327218641,0.1212196331184928,0.07759048091224591,0.09494298463063956,0.1036192364898364,0.08973723351512147,0.09766980664352999,0.23500247892910262,0.22880515617253347,0.1591472483886961,0.20674268715914726,0.15468517600396628,0.15691621219633117,0.12816063460585028,0.20897372335151215,1.0,0.1502231036192365,0.244174516608825,0.10535448686167576,0.1450173525037184,0.2997025285076847,0.11998016856717898,0.10708973723351513,0.10485870104115022,0.11179970252850768,0.11452652454139811,0.09419930589985126,0.2255825483391175,0.18071393158155677,0.1065939514129896,0.2667327714427367,0.10337134357957363,0.2662369856222112
SKACTIVEML_COST_EMBEDDING,0.12072384729796728,0.15121467526028756,0.09890927119484383,0.1256817055032226,0.2017848289538919,0.19509172037679723,0.0384234010907288,0.07040158651462568,0.15840356965790778,0.16931085770946952,0.17426871591472484,0.1906296479920674,0.17997025285076848,0.3076351016360932,0.09890927119484383,0.2699553792761527,0.12097174020823004,0.30143777887952405,0.25681705503222607,0.1502231036192365,1.0,0.15716410510659395,0.0946950917203768,0.090233019335647,0.1442736737729301,0.1707982151710461,0.17476450173525038,0.18145761031234506,0.18145761031234506,0.1834407535944472,0.06965790778383739,0.10857709469509172,0.124194348041646,0.18691125433812594,0.15443728309370353,0.1886465047099653,0.1256817055032226
SKACTIVEML_DAL,0.15518096182449181,0.12766484878532475,0.16385721368368864,0.22211204759543876,0.11328705999008429,0.12221120475954388,0.04338125929598413,0.09370352007932573,0.09816559246405553,0.0932077342588002,0.0984134853743183,0.2203767972235994,0.20971740208230044,0.1487357461576599,0.16385721368368864,0.14328210213187903,0.15518096182449181,0.12617749132374814,0.16881507188894398,0.244174516608825,0.15716410510659395,1.0,0.11204759543877045,0.11973227565691621,0.24962816063460586,0.11675756073376302,0.10857709469509172,0.11006445215666832,0.11328705999008429,0.10981655924640556,0.10535448686167576,0.18765493306891423,0.17724343083787802,0.10758552305404065,0.2389687654933069,0.1028755577590481,0.22211204759543876
SKACTIVEML_DWUS,0.06841844323252355,0.11849281110560238,0.08329201784828955,0.10064452156668319,0.08527516113039167,0.08378780366881507,0.07734258800198314,0.061973227565691624,0.0813088745661874,0.0842835894893406,0.08254833911750124,0.06569162121963312,0.06767476450173525,0.07882994546355974,0.08329201784828955,0.0850272682201289,0.06841844323252355,0.07982151710461081,0.07882994546355974,0.10535448686167576,0.0946950917203768,0.11204759543877045,1.0,0.0917203767972236,0.11378284581060982,0.07411998016856718,0.08031730292513634,0.08403569657907783,0.08527516113039167,0.08230044620723848,0.06395637084779375,0.09147248388696083,0.10089241447694595,0.08106098165592464,0.11378284581060982,0.08180466038671294,0.10064452156668319
SKACTIVEML_QBC,0.08205255329697571,0.07188894397620228,0.09295984134853744,0.11874070401586515,0.06296479920674268,0.06866633614278632,0.06792265741199802,0.08601883986117997,0.04933068914229053,0.04784333168071393,0.05627169062964799,0.10609816559246406,0.10857709469509172,0.0813088745661874,0.09295984134853744,0.08676251859196826,0.08254833911750124,0.07560733763014378,0.09196826970748637,0.1450173525037184,0.090233019335647,0.11973227565691621,0.0917203767972236,1.0,0.14923153197818542,0.10213187902825979,0.05404065443728309,0.05404065443728309,0.059494298463063956,0.05924640555280119,0.08924144769459594,0.13411006445215667,0.08651462568170551,0.0532969757064948,0.11824491819533961,0.05280118988596926,0.11874070401586515
SKACTIVEML_QBC_VOTE_ENTROPY,0.15493306891422906,0.11006445215666832,0.2020327218641547,0.2741695587506197,0.09221616261774913,0.09742191373326722,0.08973723351512147,0.08973723351512147,0.08676251859196826,0.07982151710461081,0.0909766980664353,0.22682201289043133,0.2203767972235994,0.1375805651958354,0.2020327218641547,0.146504709965295,0.1554288547347546,0.11551809618244918,0.17649975210708974,0.2997025285076847,0.1442736737729301,0.24962816063460586,0.11378284581060982,0.14923153197818542,1.0,0.1065939514129896,0.09940505701536936,0.0999008428358949,0.10411502231036192,0.09345562716906297,0.08601883986117997,0.2307882994546356,0.20252850768468023,0.08849776896380764,0.28061477441745164,0.08775409023301933,0.2741695587506197
SKACTIVEML_QUIRE,0.10510659395141299,0.1457610312345067,0.07015369360436291,0.10262766484878533,0.10907288051561725,0.10832920178482895,0.05304908279623203,0.12444224095190877,0.08477937530986614,0.08180466038671294,0.08081308874566187,0.12617749132374814,0.1279127416955875,0.1611303916707982,0.07015369360436291,0.14625681705503224,0.10510659395141299,0.15865146256817056,0.1517104610808131,0.11998016856717898,0.1707982151710461,0.11675756073376302,0.07411998016856718,0.10213187902825979,0.1065939514129896,1.0,0.09122459097669806,0.08552305404065444,0.0894893406048587,0.10014873574615767,0.11328705999008429,0.0805651958353991,0.10733763014377788,0.10213187902825979,0.11601388200297472,0.10138820029747149,0.10262766484878533
SKACTIVEML_US_ENTROPY,0.07436787307882994,0.15047099652949925,0.06122954883490332,0.06841844323252355,0.2513634110064452,0.21641051065939515,0.02900347050074368,0.0443728309370352,0.23549826474962815,0.20996529499256322,0.1745166088249876,0.14105106593951414,0.14675260287555775,0.18170550322260784,0.06122954883490332,0.1980664352999504,0.07436787307882994,0.18591968269707487,0.1760039662865642,0.10708973723351513,0.17476450173525038,0.10857709469509172,0.08031730292513634,0.05404065443728309,0.09940505701536936,0.09122459097669806,1.0,0.8148239960337135,0.7635101636093208,0.1906296479920674,0.05751115518096182,0.07734258800198314,0.09221616261774913,0.2270699058006941,0.10163609320773426,0.2709469509172038,0.06841844323252355
SKACTIVEML_US_LC,0.08006941001487357,0.14923153197818542,0.06023797719385226,0.07461576598909271,0.28582052553296977,0.2337630143777888,0.02949925632126921,0.04313336638572137,0.19583539910758552,0.23822508676251858,0.19360436291522062,0.15096678235002478,0.15592464055528013,0.19137332672285573,0.06023797719385226,0.20897372335151215,0.08031730292513634,0.20104115022310362,0.1841844323252355,0.10485870104115022,0.18145761031234506,0.11006445215666832,0.08403569657907783,0.05404065443728309,0.0999008428358949,0.08552305404065444,0.8148239960337135,1.0,0.7870599900842836,0.2114526524541398,0.05751115518096182,0.08180466038671294,0.0909766980664353,0.26003966286564206,0.10634605850272683,0.22384729796727815,0.07461576598909271
SKACTIVEML_US_MARGIN,0.07610312345066932,0.14253842340109074,0.061973227565691624,0.07312840852751612,0.23029251363411007,0.2825979176995538,0.03272186415468518,0.04462072384729797,0.16534457114526524,0.19038175508180466,0.24095190877540903,0.1626177491323748,0.16782350024789291,0.19757064947942488,0.061973227565691624,0.22508676251859197,0.07610312345066932,0.20798215171046108,0.19038175508180466,0.11179970252850768,0.18145761031234506,0.11328705999008429,0.08527516113039167,0.059494298463063956,0.10411502231036192,0.0894893406048587,0.7635101636093208,0.7870599900842836,1.0,0.2595438770451165,0.05577590480912246,0.07882994546355974,0.08552305404065444,0.20823004462072384,0.10733763014377788,0.18815071888943977,0.07312840852751612
SMALLTEXT_BREAKINGTIES,0.07907783837382251,0.13981160138820029,0.06470004957858205,0.07957362419434805,0.3041646008924145,0.4144769459593456,0.02825979176995538,0.04908279623202776,0.23054040654437283,0.24590976698066436,0.30565195835399106,0.15989092711948438,0.15270203272186417,0.24566187407040158,0.06470004957858205,0.21120475954387705,0.07907783837382251,0.3262270699058007,0.2404561229548835,0.11452652454139811,0.1834407535944472,0.10981655924640556,0.08230044620723848,0.05924640555280119,0.09345562716906297,0.10014873574615767,0.1906296479920674,0.2114526524541398,0.2595438770451165,1.0,0.05081804660386713,0.0887456618740704,0.09271194843827467,0.7833415964303421,0.09643034209221617,0.7570649479424888,0.07957362419434805
SMALLTEXT_CONTRASTIVEAL,0.09519087754090233,0.09717402082300446,0.061973227565691624,0.07288051561725335,0.058254833911750126,0.05899851264253842,0.07882994546355974,0.11477441745166088,0.05800694100148736,0.04784333168071393,0.047595438770451165,0.06717897868120971,0.062221120475954385,0.07263262270699058,0.061973227565691624,0.06668319286068418,0.09494298463063956,0.07064947942488845,0.07064947942488845,0.09419930589985126,0.06965790778383739,0.10535448686167576,0.06395637084779375,0.08924144769459594,0.08601883986117997,0.11328705999008429,0.05751115518096182,0.05751115518096182,0.05577590480912246,0.05081804660386713,1.0,0.10485870104115022,0.11353495290034706,0.05205751115518096,0.09667823500247893,0.05205751115518096,0.07288051561725335
SMALLTEXT_EMBEDDINGKMEANS,0.12989588497768964,0.10411502231036192,0.1383242439266237,0.20079325731284084,0.08701041150223103,0.08824987605354487,0.10733763014377788,0.08403569657907783,0.06965790778383739,0.07461576598909271,0.07535944471988101,0.20996529499256322,0.20971740208230044,0.09345562716906297,0.1383242439266237,0.11923648983639068,0.1294000991571641,0.08899355478433317,0.13882002974714924,0.2255825483391175,0.10857709469509172,0.18765493306891423,0.09147248388696083,0.13411006445215667,0.2307882994546356,0.0805651958353991,0.07734258800198314,0.08180466038671294,0.07882994546355974,0.0887456618740704,0.10485870104115022,1.0,0.15245413981160139,0.08552305404065444,0.2307882994546356,0.08626673277144274,0.20079325731284084
SMALLTEXT_GREEDYCORESET,0.2506197322756569,0.12865642042637582,0.1479920674268716,0.17129400099157163,0.10064452156668319,0.10114030738720872,0.0458601883986118,0.10808130887456618,0.08750619732275657,0.08304412493802678,0.08230044620723848,0.1420426375805652,0.14105106593951414,0.1028755577590481,0.1479920674268716,0.10956866633614279,0.2508676251859197,0.09866137828458106,0.12171541893901834,0.18071393158155677,0.124194348041646,0.17724343083787802,0.10089241447694595,0.08651462568170551,0.20252850768468023,0.10733763014377788,0.09221616261774913,0.0909766980664353,0.08552305404065444,0.09271194843827467,0.11353495290034706,0.15245413981160139,1.0,0.09370352007932573,0.18914229053049084,0.0999008428358949,0.17129400099157163
SMALLTEXT_LEASTCONFIDENCE,0.07635101636093208,0.14848785324739713,0.05924640555280119,0.07759048091224591,0.42042637580565195,0.3026772434308379,0.02107089737233515,0.04685176003966286,0.26053544868616757,0.3031730292513634,0.251611303916708,0.15418939018344074,0.14625681705503224,0.22508676251859197,0.05924640555280119,0.2072384729796728,0.07659890927119484,0.27863163113534956,0.21913733267228558,0.1065939514129896,0.18691125433812594,0.10758552305404065,0.08106098165592464,0.0532969757064948,0.08849776896380764,0.10213187902825979,0.2270699058006941,0.26003966286564206,0.20823004462072384,0.7833415964303421,0.05205751115518096,0.08552305404065444,0.09370352007932573,1.0,0.09221616261774913,0.80466038671294,0.07759048091224591
SMALLTEXT_LIGHTWEIGHTCORESET,0.131631135349529,0.1279127416955875,0.17997025285076848,0.24293505205751115,0.10064452156668319,0.10857709469509172,0.053792761527020325,0.09965294992563213,0.0880019831432821,0.08701041150223103,0.09643034209221617,0.20599900842835894,0.19881011403073873,0.1427863163113535,0.17997025285076848,0.14402578086266732,0.13212692117005453,0.11948438274665345,0.1648487853247397,0.2667327714427367,0.15443728309370353,0.2389687654933069,0.11378284581060982,0.11824491819533961,0.28061477441745164,0.11601388200297472,0.10163609320773426,0.10634605850272683,0.10733763014377788,0.09643034209221617,0.09667823500247893,0.2307882994546356,0.18914229053049084,0.09221616261774913,1.0,0.09345562716906297,0.24293505205751115
SMALLTEXT_PREDICTIONENTROPY,0.07486365889935548,0.15047099652949925,0.06296479920674268,0.07288051561725335,0.326970748636589,0.27540902330193356,0.022806147744174516,0.0480912245909767,0.29920674268715913,0.2741695587506197,0.23847297967278136,0.14600892414476946,0.13708477937530986,0.21269211700545365,0.06296479920674268,0.1931085770946951,0.07486365889935548,0.25334655428854735,0.2077342588001983,0.10337134357957363,0.1886465047099653,0.1028755577590481,0.08180466038671294,0.05280118988596926,0.08775409023301933,0.10138820029747149,0.2709469509172038,0.22384729796727815,0.18815071888943977,0.7570649479424888,0.05205751115518096,0.08626673277144274,0.0999008428358949,0.80466038671294,0.09345562716906297,1.0,0.07288051561725335
SMALLTEXT_RANDOM,0.11725334655428855,0.10014873574615767,0.15939514129895885,1.0,0.08453148239960337,0.08899355478433317,0.054784333168071395,0.08527516113039167,0.06618740704015866,0.06321269211700545,0.06965790778383739,0.1968269707486366,0.1871591472483887,0.11427863163113534,0.15939514129895885,0.1279127416955875,0.11750123946455131,0.09940505701536936,0.14724838869608328,0.2662369856222112,0.1256817055032226,0.22211204759543876,0.10064452156668319,0.11874070401586515,0.2741695587506197,0.10262766484878533,0.06841844323252355,0.07461576598909271,0.07312840852751612,0.07957362419434805,0.07288051561725335,0.20079325731284084,0.17129400099157163,0.07759048091224591,0.24293505205751115,0.07288051561725335,1.0
