,ALIPY_CORESET_GREEDY,ALIPY_DENSITY_WEIGHTED,ALIPY_GRAPH_DENSITY,ALIPY_RANDOM,ALIPY_UNCERTAINTY_LC,ALIPY_UNCERTAINTY_MM,LIBACT_DWUS,LIBACT_QUIRE,LIBACT_UNCERTAINTY_ENT,LIBACT_UNCERTAINTY_LC,LIBACT_UNCERTAINTY_SM,OPTIMAL_GREEDY_10,OPTIMAL_GREEDY_20,PLAYGROUND_BANDIT,PLAYGROUND_GRAPH_DENSITY,PLAYGROUND_INFORMATIVE_DIVERSE,PLAYGROUND_KCENTER_GREEDY,PLAYGROUND_MARGIN,PLAYGROUND_MIXTURE,PLAYGROUND_UNIFORM,SKACTIVEML_COST_EMBEDDING,SKACTIVEML_DAL,SKACTIVEML_DWUS,SKACTIVEML_QBC,SKACTIVEML_QBC_VOTE_ENTROPY,SKACTIVEML_QUIRE,SKACTIVEML_US_ENTROPY,SKACTIVEML_US_LC,SKACTIVEML_US_MARGIN,SMALLTEXT_BREAKINGTIES,SMALLTEXT_CONTRASTIVEAL,SMALLTEXT_EMBEDDINGKMEANS,SMALLTEXT_GREEDYCORESET,SMALLTEXT_LEASTCONFIDENCE,SMALLTEXT_LIGHTWEIGHTCORESET,SMALLTEXT_PREDICTIONENTROPY,SMALLTEXT_RANDOM
ALIPY_CORESET_GREEDY,1.0,0.19186911254338126,0.131631135349529,0.1412989588497769,0.15319781854238967,0.14229053049082796,0.10907288051561725,0.17575607337630145,0.1405552801189886,0.13981160138820029,0.13262270699058007,0.13782845810609817,0.12915220624690135,0.1554288547347546,0.131631135349529,0.16732771442736738,0.9995042141794744,0.1412989588497769,0.15567674764501735,0.14377788795240456,0.1650966782350025,0.153941497273178,0.12444224095190877,0.1212196331184928,0.15716410510659395,0.17501239464551313,0.1499752107089737,0.14303420922161625,0.12964799206742686,0.1331184928111056,0.11452652454139811,0.1494794248884482,0.2072384729796728,0.1450173525037184,0.14724838869608328,0.14972731779871096,0.13485374318294496
ALIPY_DENSITY_WEIGHTED,0.19186911254338126,1.0,0.11452652454139811,0.12270699058006941,0.15220624690133863,0.14080317302925136,0.11452652454139811,0.20153693604362916,0.13981160138820029,0.14972731779871096,0.13882002974714924,0.11056023797719385,0.09890927119484383,0.1450173525037184,0.11452652454139811,0.153941497273178,0.19162121963311848,0.1420426375805652,0.14898363906792267,0.12766484878532475,0.13857213683688646,0.13287059990084282,0.1279127416955875,0.11105602379771938,0.13187902825979178,0.18666336142786316,0.15245413981160139,0.15195835399107585,0.14179474467030243,0.14749628160634606,0.124194348041646,0.12667327714427368,0.16088249876053545,0.15691621219633117,0.14402578086266732,0.1576598909271195,0.11551809618244918
ALIPY_GRAPH_DENSITY,0.131631135349529,0.11452652454139811,1.0,0.14452156668319285,0.0999008428358949,0.10461080813088745,0.15493306891422906,0.10039662865642042,0.10634605850272683,0.0946950917203768,0.10832920178482895,0.15865146256817056,0.15195835399107585,0.13138324243926625,1.0,0.1308874566187407,0.13187902825979178,0.12469013386217154,0.13807635101636093,0.16980664352999505,0.11551809618244918,0.14625681705503224,0.1591472483886961,0.13559742191373328,0.16435299950421417,0.10510659395141299,0.10312345066931086,0.10114030738720872,0.10907288051561725,0.11204759543877045,0.10461080813088745,0.17674764501735252,0.14625681705503224,0.10808130887456618,0.16187407040158652,0.10585027268220129,0.1368368864650471
ALIPY_RANDOM,0.1412989588497769,0.12270699058006941,0.14452156668319285,1.0,0.11948438274665345,0.12146752602875557,0.10981655924640556,0.10882498760535449,0.11477441745166088,0.11774913237481408,0.12345066931085771,0.1826970748636589,0.1707982151710461,0.1442736737729301,0.14452156668319285,0.14253842340109074,0.14154685176003967,0.13212692117005453,0.1554288547347546,0.18021814576103123,0.1264253842340109,0.16013882002974714,0.12196331184928111,0.13658899355478432,0.1797223599405057,0.11576598909271195,0.11353495290034706,0.11725334655428855,0.11923648983639068,0.12196331184928111,0.11006445215666832,0.1760039662865642,0.1457610312345067,0.12295488349033218,0.17352503718393653,0.12047595438770452,0.9878532473971244
ALIPY_UNCERTAINTY_LC,0.15319781854238967,0.15220624690133863,0.0999008428358949,0.11948438274665345,1.0,0.7407040158651462,0.10138820029747149,0.11948438274665345,0.20376797223599405,0.2513634110064452,0.17178978681209717,0.12840852751611304,0.11948438274665345,0.2017848289538919,0.0999008428358949,0.161378284581061,0.15294992563212692,0.23103619236489836,0.18021814576103123,0.12865642042637582,0.1626177491323748,0.1256817055032226,0.13485374318294496,0.11006445215666832,0.13336638572136836,0.14774417451660882,0.2166584035696579,0.26747645017352506,0.1849281110560238,0.24169558750619732,0.11006445215666832,0.12766484878532475,0.13882002974714924,0.3750619732275657,0.1271690629647992,0.28135845314824,0.11229548834903322
ALIPY_UNCERTAINTY_MM,0.14229053049082796,0.14080317302925136,0.10461080813088745,0.12146752602875557,0.7407040158651462,1.0,0.10312345066931086,0.11031234506693109,0.17253346554288548,0.17575607337630145,0.24938026772434307,0.12741695587506197,0.1212196331184928,0.2166584035696579,0.10461080813088745,0.16831928606841845,0.1420426375805652,0.2850768468021815,0.20996529499256322,0.1346058502726822,0.15592464055528013,0.13361427863163114,0.13708477937530986,0.11601388200297472,0.13510163609320774,0.1383242439266237,0.1849281110560238,0.19162121963311848,0.26053544868616757,0.37307882994546354,0.1065939514129896,0.13510163609320774,0.13807635101636093,0.24020823004462072,0.13411006445215667,0.22657411998016858,0.11378284581060982
LIBACT_DWUS,0.10907288051561725,0.11452652454139811,0.15493306891422906,0.10981655924640556,0.10138820029747149,0.10312345066931086,1.0,0.11179970252850768,0.09345562716906297,0.09122459097669806,0.09494298463063956,0.08031730292513634,0.07461576598909271,0.11774913237481408,0.15493306891422906,0.10758552305404065,0.10907288051561725,0.11576598909271195,0.10237977193852256,0.10783341596430342,0.12964799206742686,0.11155180961824492,0.14005949429846307,0.12518591968269707,0.11303916707982152,0.10907288051561725,0.11353495290034706,0.10981655924640556,0.10907288051561725,0.09816559246405553,0.11998016856717898,0.13658899355478432,0.1212196331184928,0.09295984134853744,0.11576598909271195,0.10188398611799702,0.10312345066931086
LIBACT_QUIRE,0.17575607337630145,0.20153693604362916,0.10039662865642042,0.10882498760535449,0.11948438274665345,0.11031234506693109,0.11179970252850768,1.0,0.11006445215666832,0.11626177491323748,0.10882498760535449,0.09395141298958849,0.08626673277144274,0.12072384729796728,0.10039662865642042,0.11700545364402579,0.17575607337630145,0.11799702528507684,0.11502231036192365,0.11056023797719385,0.12245909766980664,0.10510659395141299,0.11973227565691621,0.11204759543877045,0.11179970252850768,0.1633614278631631,0.11750123946455131,0.12047595438770452,0.11452652454139811,0.11477441745166088,0.11774913237481408,0.11229548834903322,0.13584531482399603,0.124194348041646,0.11601388200297472,0.12345066931085771,0.10461080813088745
LIBACT_UNCERTAINTY_ENT,0.1405552801189886,0.13981160138820029,0.10634605850272683,0.11477441745166088,0.20376797223599405,0.17253346554288548,0.09345562716906297,0.11006445215666832,1.0,0.7905304908279623,0.7392166584035696,0.12097174020823004,0.11650966782350025,0.1591472483886961,0.10634605850272683,0.1665840356965791,0.14030738720872582,0.15691621219633117,0.14600892414476946,0.12840852751611304,0.1574119980168567,0.12592959841348536,0.12766484878532475,0.11700545364402579,0.13435795736241943,0.14080317302925136,0.23946455131383243,0.19137332672285573,0.1626177491323748,0.24541398116013882,0.10585027268220129,0.12196331184928111,0.13485374318294496,0.28334159643034207,0.12221120475954388,0.334407535944472,0.10832920178482895
LIBACT_UNCERTAINTY_LC,0.13981160138820029,0.14972731779871096,0.0946950917203768,0.11774913237481408,0.2513634110064452,0.17575607337630145,0.09122459097669806,0.11626177491323748,0.7905304908279623,1.0,0.7503718393653942,0.12345066931085771,0.11750123946455131,0.1626177491323748,0.0946950917203768,0.16013882002974714,0.13956370847793753,0.1626177491323748,0.139067922657412,0.12766484878532475,0.15790778383738224,0.12245909766980664,0.12741695587506197,0.11551809618244918,0.12890431333663857,0.13782845810609817,0.18963807635101637,0.24095190877540903,0.16608824987605356,0.2513634110064452,0.10436291522062469,0.12345066931085771,0.1368368864650471,0.3331680713931582,0.12592959841348536,0.28309370352007934,0.11080813088745661
LIBACT_UNCERTAINTY_SM,0.13262270699058007,0.13882002974714924,0.10832920178482895,0.12345066931085771,0.17178978681209717,0.24938026772434307,0.09494298463063956,0.10882498760535449,0.7392166584035696,0.7503718393653942,1.0,0.12667327714427368,0.1256817055032226,0.1611303916707982,0.10832920178482895,0.16311353495290035,0.13237481408031732,0.16236985622211206,0.14898363906792267,0.1331184928111056,0.15220624690133863,0.131631135349529,0.12964799206742686,0.11576598909271195,0.1405552801189886,0.13187902825979178,0.161378284581061,0.16608824987605356,0.23549826474962815,0.32771442736737727,0.1028755577590481,0.13361427863163114,0.13336638572136836,0.25111551809618243,0.131631135349529,0.25037183936539414,0.11551809618244918
OPTIMAL_GREEDY_10,0.13782845810609817,0.11056023797719385,0.15865146256817056,0.1826970748636589,0.12840852751611304,0.12741695587506197,0.08031730292513634,0.09395141298958849,0.12097174020823004,0.12345066931085771,0.12667327714427368,1.0,0.38795240456122954,0.14352999504214178,0.15865146256817056,0.15319781854238967,0.13782845810609817,0.13411006445215667,0.16881507188894398,0.1998016856717898,0.11898859692612791,0.1774913237481408,0.11998016856717898,0.13237481408031732,0.19633118492811105,0.10262766484878533,0.12741695587506197,0.12518591968269707,0.1256817055032226,0.12047595438770452,0.10213187902825979,0.21541893901834408,0.1450173525037184,0.12345066931085771,0.18914229053049084,0.12171541893901834,0.17550818046603867
OPTIMAL_GREEDY_20,0.12915220624690135,0.09890927119484383,0.15195835399107585,0.1707982151710461,0.11948438274665345,0.1212196331184928,0.07461576598909271,0.08626673277144274,0.11650966782350025,0.11750123946455131,0.1256817055032226,0.38795240456122954,1.0,0.1346058502726822,0.15195835399107585,0.1588993554784333,0.12890431333663857,0.12964799206742686,0.17327714427367377,0.20029747149231533,0.11204759543877045,0.16311353495290035,0.10907288051561725,0.13634110064452157,0.18666336142786316,0.09072880515617253,0.12146752602875557,0.12394645513138325,0.12072384729796728,0.124194348041646,0.08973723351512147,0.21194843827466534,0.13287059990084282,0.1212196331184928,0.17848289538919188,0.12146752602875557,0.16360932077342588
PLAYGROUND_BANDIT,0.1554288547347546,0.1450173525037184,0.13138324243926625,0.1442736737729301,0.2017848289538919,0.2166584035696579,0.11774913237481408,0.12072384729796728,0.1591472483886961,0.1626177491323748,0.1611303916707982,0.14352999504214178,0.1346058502726822,1.0,0.13138324243926625,0.31978185423896877,0.1554288547347546,0.5585027268220129,0.3527516113039167,0.15964303420922163,0.24095190877540903,0.15443728309370353,0.131631135349529,0.13708477937530986,0.14476945959345563,0.16360932077342588,0.16608824987605356,0.1663361427863163,0.16360932077342588,0.20798215171046108,0.11353495290034706,0.15146256817055032,0.14774417451660882,0.18914229053049084,0.15245413981160139,0.18815071888943977,0.13658899355478432
PLAYGROUND_GRAPH_DENSITY,0.131631135349529,0.11452652454139811,1.0,0.14452156668319285,0.0999008428358949,0.10461080813088745,0.15493306891422906,0.10039662865642042,0.10634605850272683,0.0946950917203768,0.10832920178482895,0.15865146256817056,0.15195835399107585,0.13138324243926625,1.0,0.1308874566187407,0.13187902825979178,0.12469013386217154,0.13807635101636093,0.16980664352999505,0.11551809618244918,0.14625681705503224,0.1591472483886961,0.13559742191373328,0.16435299950421417,0.10510659395141299,0.10312345066931086,0.10114030738720872,0.10907288051561725,0.11204759543877045,0.10461080813088745,0.17674764501735252,0.14625681705503224,0.10808130887456618,0.16187407040158652,0.10585027268220129,0.1368368864650471
PLAYGROUND_INFORMATIVE_DIVERSE,0.16732771442736738,0.153941497273178,0.1308874566187407,0.14253842340109074,0.161378284581061,0.16831928606841845,0.10758552305404065,0.11700545364402579,0.1665840356965791,0.16013882002974714,0.16311353495290035,0.15319781854238967,0.1588993554784333,0.31978185423896877,0.1308874566187407,1.0,0.1670798215171046,0.31755081804660384,0.31234506693108577,0.15121467526028756,0.18839861179970252,0.1479920674268716,0.13411006445215667,0.1346058502726822,0.15071888943976203,0.146504709965295,0.1576598909271195,0.15815567674764502,0.15592464055528013,0.15666831928606842,0.10907288051561725,0.16013882002974714,0.13857213683688646,0.15518096182449181,0.14452156668319285,0.15691621219633117,0.1346058502726822
PLAYGROUND_KCENTER_GREEDY,0.9995042141794744,0.19162121963311848,0.13187902825979178,0.14154685176003967,0.15294992563212692,0.1420426375805652,0.10907288051561725,0.17575607337630145,0.14030738720872582,0.13956370847793753,0.13237481408031732,0.13782845810609817,0.12890431333663857,0.1554288547347546,0.13187902825979178,0.1670798215171046,1.0,0.14154685176003967,0.15567674764501735,0.14377788795240456,0.1648487853247397,0.15344571145265246,0.124194348041646,0.1212196331184928,0.15716410510659395,0.17501239464551313,0.1502231036192365,0.14328210213187903,0.12989588497768964,0.1331184928111056,0.11452652454139811,0.14972731779871096,0.20748636588993555,0.1450173525037184,0.14700049578582053,0.14972731779871096,0.13510163609320774
PLAYGROUND_MARGIN,0.1412989588497769,0.1420426375805652,0.12469013386217154,0.13212692117005453,0.23103619236489836,0.2850768468021815,0.11576598909271195,0.11799702528507684,0.15691621219633117,0.1626177491323748,0.16236985622211206,0.13411006445215667,0.12964799206742686,0.5585027268220129,0.12469013386217154,0.31755081804660384,0.14154685176003967,1.0,0.46405552801189887,0.1420426375805652,0.23574615765989093,0.14253842340109074,0.13336638572136836,0.13510163609320774,0.14105106593951414,0.16534457114526524,0.17402082300446206,0.1685671789786812,0.17550818046603867,0.28135845314824,0.11080813088745661,0.14600892414476946,0.14402578086266732,0.2248388696083292,0.1450173525037184,0.22012890431333665,0.12469013386217154
PLAYGROUND_MIXTURE,0.15567674764501735,0.14898363906792267,0.13807635101636093,0.1554288547347546,0.18021814576103123,0.20996529499256322,0.10237977193852256,0.11502231036192365,0.14600892414476946,0.139067922657412,0.14898363906792267,0.16881507188894398,0.17327714427367377,0.3527516113039167,0.13807635101636093,0.31234506693108577,0.15567674764501735,0.46405552801189887,1.0,0.18368864650470995,0.18220128904313337,0.161378284581061,0.12543381259295985,0.13187902825979178,0.17055032226078334,0.14774417451660882,0.15071888943976203,0.15220624690133863,0.15865146256817056,0.20748636588993555,0.11056023797719385,0.16955875061973227,0.13857213683688646,0.17947446703024295,0.15592464055528013,0.1760039662865642,0.1479920674268716
PLAYGROUND_UNIFORM,0.14377788795240456,0.12766484878532475,0.16980664352999505,0.18021814576103123,0.12865642042637582,0.1346058502726822,0.10783341596430342,0.11056023797719385,0.12840852751611304,0.12766484878532475,0.1331184928111056,0.1998016856717898,0.20029747149231533,0.15964303420922163,0.16980664352999505,0.15121467526028756,0.14377788795240456,0.1420426375805652,0.18368864650470995,1.0,0.13187902825979178,0.1648487853247397,0.13411006445215667,0.146504709965295,0.19261279127416955,0.12345066931085771,0.1279127416955875,0.12270699058006941,0.1271690629647992,0.13113534952900346,0.11849281110560238,0.1943480416460089,0.14898363906792267,0.1271690629647992,0.1789786812097174,0.1256817055032226,0.17278135845314824
SKACTIVEML_COST_EMBEDDING,0.1650966782350025,0.13857213683688646,0.11551809618244918,0.1264253842340109,0.1626177491323748,0.15592464055528013,0.12964799206742686,0.12245909766980664,0.1574119980168567,0.15790778383738224,0.15220624690133863,0.11898859692612791,0.11204759543877045,0.24095190877540903,0.11551809618244918,0.18839861179970252,0.1648487853247397,0.23574615765989093,0.18220128904313337,0.13187902825979178,1.0,0.13411006445215667,0.13262270699058007,0.12369856222112048,0.13039167079821518,0.17724343083787802,0.16162617749132374,0.15592464055528013,0.14972731779871096,0.15270203272186417,0.11204759543877045,0.14030738720872582,0.14774417451660882,0.15518096182449181,0.13857213683688646,0.1626177491323748,0.11948438274665345
SKACTIVEML_DAL,0.153941497273178,0.13287059990084282,0.14625681705503224,0.16013882002974714,0.1256817055032226,0.13361427863163114,0.11155180961824492,0.10510659395141299,0.12592959841348536,0.12245909766980664,0.131631135349529,0.1774913237481408,0.16311353495290035,0.15443728309370353,0.14625681705503224,0.1479920674268716,0.15344571145265246,0.14253842340109074,0.161378284581061,0.1648487853247397,0.13411006445215667,1.0,0.14080317302925136,0.12840852751611304,0.15939514129895885,0.11254338125929599,0.1368368864650471,0.1383242439266237,0.14080317302925136,0.124194348041646,0.11551809618244918,0.16460089241447695,0.14700049578582053,0.12295488349033218,0.1633614278631631,0.12072384729796728,0.1536936043629152
SKACTIVEML_DWUS,0.12444224095190877,0.1279127416955875,0.1591472483886961,0.12196331184928111,0.13485374318294496,0.13708477937530986,0.14005949429846307,0.11973227565691621,0.12766484878532475,0.12741695587506197,0.12964799206742686,0.11998016856717898,0.10907288051561725,0.131631135349529,0.1591472483886961,0.13411006445215667,0.124194348041646,0.13336638572136836,0.12543381259295985,0.13411006445215667,0.13262270699058007,0.14080317302925136,1.0,0.1249380267724343,0.13411006445215667,0.12394645513138325,0.13212692117005453,0.13435795736241943,0.13857213683688646,0.12766484878532475,0.11948438274665345,0.13708477937530986,0.14030738720872582,0.1256817055032226,0.13287059990084282,0.12766484878532475,0.11576598909271195
SKACTIVEML_QBC,0.1212196331184928,0.11105602379771938,0.13559742191373328,0.13658899355478432,0.11006445215666832,0.11601388200297472,0.12518591968269707,0.11204759543877045,0.11700545364402579,0.11551809618244918,0.11576598909271195,0.13237481408031732,0.13634110064452157,0.13708477937530986,0.13559742191373328,0.1346058502726822,0.1212196331184928,0.13510163609320774,0.13187902825979178,0.146504709965295,0.12369856222112048,0.12840852751611304,0.1249380267724343,1.0,0.1591472483886961,0.12741695587506197,0.11527020327218641,0.11849281110560238,0.11948438274665345,0.11303916707982152,0.11750123946455131,0.15121467526028756,0.12270699058006941,0.10684184432325236,0.13807635101636093,0.10882498760535449,0.1308874566187407
SKACTIVEML_QBC_VOTE_ENTROPY,0.15716410510659395,0.13187902825979178,0.16435299950421417,0.1797223599405057,0.13336638572136836,0.13510163609320774,0.11303916707982152,0.11179970252850768,0.13435795736241943,0.12890431333663857,0.1405552801189886,0.19633118492811105,0.18666336142786316,0.14476945959345563,0.16435299950421417,0.15071888943976203,0.15716410510659395,0.14105106593951414,0.17055032226078334,0.19261279127416955,0.13039167079821518,0.15939514129895885,0.13411006445215667,0.1591472483886961,1.0,0.12592959841348536,0.13882002974714924,0.13708477937530986,0.1450173525037184,0.1338621715418939,0.11551809618244918,0.19360436291522062,0.1665840356965791,0.13113534952900346,0.17773921665840356,0.131631135349529,0.17203767972235995
SKACTIVEML_QUIRE,0.17501239464551313,0.18666336142786316,0.10510659395141299,0.11576598909271195,0.14774417451660882,0.1383242439266237,0.10907288051561725,0.1633614278631631,0.14080317302925136,0.13782845810609817,0.13187902825979178,0.10262766484878533,0.09072880515617253,0.16360932077342588,0.10510659395141299,0.146504709965295,0.17501239464551313,0.16534457114526524,0.14774417451660882,0.12345066931085771,0.17724343083787802,0.11254338125929599,0.12394645513138325,0.12741695587506197,0.12592959841348536,1.0,0.146504709965295,0.14179474467030243,0.13485374318294496,0.13733267228557264,0.12245909766980664,0.11799702528507684,0.16063460585027267,0.14253842340109074,0.1360932077342588,0.1487357461576599,0.11105602379771938
SKACTIVEML_US_ENTROPY,0.1499752107089737,0.15245413981160139,0.10312345066931086,0.11353495290034706,0.2166584035696579,0.1849281110560238,0.11353495290034706,0.11750123946455131,0.23946455131383243,0.18963807635101637,0.161378284581061,0.12741695587506197,0.12146752602875557,0.16608824987605356,0.10312345066931086,0.1576598909271195,0.1502231036192365,0.17402082300446206,0.15071888943976203,0.1279127416955875,0.16162617749132374,0.1368368864650471,0.13212692117005453,0.11527020327218641,0.13882002974714924,0.146504709965295,1.0,0.7887952404561229,0.7362419434804165,0.1737729300941993,0.11080813088745661,0.12840852751611304,0.146504709965295,0.20649479424888448,0.12444224095190877,0.2565691621219633,0.10808130887456618
SKACTIVEML_US_LC,0.14303420922161625,0.15195835399107585,0.10114030738720872,0.11725334655428855,0.26747645017352506,0.19162121963311848,0.10981655924640556,0.12047595438770452,0.19137332672285573,0.24095190877540903,0.16608824987605356,0.12518591968269707,0.12394645513138325,0.1663361427863163,0.10114030738720872,0.15815567674764502,0.14328210213187903,0.1685671789786812,0.15220624690133863,0.12270699058006941,0.15592464055528013,0.1383242439266237,0.13435795736241943,0.11849281110560238,0.13708477937530986,0.14179474467030243,0.7887952404561229,1.0,0.7553296975706495,0.17773921665840356,0.11353495290034706,0.13212692117005453,0.1412989588497769,0.25756073376301436,0.124194348041646,0.21368368864650472,0.11155180961824492
SKACTIVEML_US_MARGIN,0.12964799206742686,0.14179474467030243,0.10907288051561725,0.11923648983639068,0.1849281110560238,0.26053544868616757,0.10907288051561725,0.11452652454139811,0.1626177491323748,0.16608824987605356,0.23549826474962815,0.1256817055032226,0.12072384729796728,0.16360932077342588,0.10907288051561725,0.15592464055528013,0.12989588497768964,0.17550818046603867,0.15865146256817056,0.1271690629647992,0.14972731779871096,0.14080317302925136,0.13857213683688646,0.11948438274665345,0.1450173525037184,0.13485374318294496,0.7362419434804165,0.7553296975706495,1.0,0.2521070897372335,0.10609816559246406,0.1368368864650471,0.1368368864650471,0.1774913237481408,0.13584531482399603,0.17203767972235995,0.11254338125929599
SMALLTEXT_BREAKINGTIES,0.1331184928111056,0.14749628160634606,0.11204759543877045,0.12196331184928111,0.24169558750619732,0.37307882994546354,0.09816559246405553,0.11477441745166088,0.24541398116013882,0.2513634110064452,0.32771442736737727,0.12047595438770452,0.124194348041646,0.20798215171046108,0.11204759543877045,0.15666831928606842,0.1331184928111056,0.28135845314824,0.20748636588993555,0.13113534952900346,0.15270203272186417,0.124194348041646,0.12766484878532475,0.11303916707982152,0.1338621715418939,0.13733267228557264,0.1737729300941993,0.17773921665840356,0.2521070897372335,1.0,0.10932077342588002,0.12692117005453643,0.1331184928111056,0.7424392662369856,0.13584531482399603,0.7325235498264749,0.11452652454139811
SMALLTEXT_CONTRASTIVEAL,0.11452652454139811,0.124194348041646,0.10461080813088745,0.11006445215666832,0.11006445215666832,0.1065939514129896,0.11998016856717898,0.11774913237481408,0.10585027268220129,0.10436291522062469,0.1028755577590481,0.10213187902825979,0.08973723351512147,0.11353495290034706,0.10461080813088745,0.10907288051561725,0.11452652454139811,0.11080813088745661,0.11056023797719385,0.11849281110560238,0.11204759543877045,0.11551809618244918,0.11948438274665345,0.11750123946455131,0.11551809618244918,0.12245909766980664,0.11080813088745661,0.11353495290034706,0.10609816559246406,0.10932077342588002,1.0,0.11576598909271195,0.1368368864650471,0.11353495290034706,0.12097174020823004,0.11229548834903322,0.10585027268220129
SMALLTEXT_EMBEDDINGKMEANS,0.1494794248884482,0.12667327714427368,0.17674764501735252,0.1760039662865642,0.12766484878532475,0.13510163609320774,0.13658899355478432,0.11229548834903322,0.12196331184928111,0.12345066931085771,0.13361427863163114,0.21541893901834408,0.21194843827466534,0.15146256817055032,0.17674764501735252,0.16013882002974714,0.14972731779871096,0.14600892414476946,0.16955875061973227,0.1943480416460089,0.14030738720872582,0.16460089241447695,0.13708477937530986,0.15121467526028756,0.19360436291522062,0.11799702528507684,0.12840852751611304,0.13212692117005453,0.1368368864650471,0.12692117005453643,0.11576598909271195,1.0,0.15666831928606842,0.12617749132374814,0.19162121963311848,0.12369856222112048,0.16757560733763013
SMALLTEXT_GREEDYCORESET,0.2072384729796728,0.16088249876053545,0.14625681705503224,0.1457610312345067,0.13882002974714924,0.13807635101636093,0.1212196331184928,0.13584531482399603,0.13485374318294496,0.1368368864650471,0.13336638572136836,0.1450173525037184,0.13287059990084282,0.14774417451660882,0.14625681705503224,0.13857213683688646,0.20748636588993555,0.14402578086266732,0.13857213683688646,0.14898363906792267,0.14774417451660882,0.14700049578582053,0.14030738720872582,0.12270699058006941,0.1665840356965791,0.16063460585027267,0.146504709965295,0.1412989588497769,0.1368368864650471,0.1331184928111056,0.1368368864650471,0.15666831928606842,1.0,0.13435795736241943,0.153941497273178,0.13956370847793753,0.13882002974714924
SMALLTEXT_LEASTCONFIDENCE,0.1450173525037184,0.15691621219633117,0.10808130887456618,0.12295488349033218,0.3750619732275657,0.24020823004462072,0.09295984134853744,0.124194348041646,0.28334159643034207,0.3331680713931582,0.25111551809618243,0.12345066931085771,0.1212196331184928,0.18914229053049084,0.10808130887456618,0.15518096182449181,0.1450173525037184,0.2248388696083292,0.17947446703024295,0.1271690629647992,0.15518096182449181,0.12295488349033218,0.1256817055032226,0.10684184432325236,0.13113534952900346,0.14253842340109074,0.20649479424888448,0.25756073376301436,0.1774913237481408,0.7424392662369856,0.11353495290034706,0.12617749132374814,0.13435795736241943,1.0,0.12915220624690135,0.7878036688150719,0.11601388200297472
SMALLTEXT_LIGHTWEIGHTCORESET,0.14724838869608328,0.14402578086266732,0.16187407040158652,0.17352503718393653,0.1271690629647992,0.13411006445215667,0.11576598909271195,0.11601388200297472,0.12221120475954388,0.12592959841348536,0.131631135349529,0.18914229053049084,0.17848289538919188,0.15245413981160139,0.16187407040158652,0.14452156668319285,0.14700049578582053,0.1450173525037184,0.15592464055528013,0.1789786812097174,0.13857213683688646,0.1633614278631631,0.13287059990084282,0.13807635101636093,0.17773921665840356,0.1360932077342588,0.12444224095190877,0.124194348041646,0.13584531482399603,0.13584531482399603,0.12097174020823004,0.19162121963311848,0.153941497273178,0.12915220624690135,1.0,0.12741695587506197,0.1665840356965791
SMALLTEXT_PREDICTIONENTROPY,0.14972731779871096,0.1576598909271195,0.10585027268220129,0.12047595438770452,0.28135845314824,0.22657411998016858,0.10188398611799702,0.12345066931085771,0.334407535944472,0.28309370352007934,0.25037183936539414,0.12171541893901834,0.12146752602875557,0.18815071888943977,0.10585027268220129,0.15691621219633117,0.14972731779871096,0.22012890431333665,0.1760039662865642,0.1256817055032226,0.1626177491323748,0.12072384729796728,0.12766484878532475,0.10882498760535449,0.131631135349529,0.1487357461576599,0.2565691621219633,0.21368368864650472,0.17203767972235995,0.7325235498264749,0.11229548834903322,0.12369856222112048,0.13956370847793753,0.7878036688150719,0.12741695587506197,1.0,0.11403073872087258
SMALLTEXT_RANDOM,0.13485374318294496,0.11551809618244918,0.1368368864650471,0.9878532473971244,0.11229548834903322,0.11378284581060982,0.10312345066931086,0.10461080813088745,0.10832920178482895,0.11080813088745661,0.11551809618244918,0.17550818046603867,0.16360932077342588,0.13658899355478432,0.1368368864650471,0.1346058502726822,0.13510163609320774,0.12469013386217154,0.1479920674268716,0.17278135845314824,0.11948438274665345,0.1536936043629152,0.11576598909271195,0.1308874566187407,0.17203767972235995,0.11105602379771938,0.10808130887456618,0.11155180961824492,0.11254338125929599,0.11452652454139811,0.10585027268220129,0.16757560733763013,0.13882002974714924,0.11601388200297472,0.1665840356965791,0.11403073872087258,1.0
