,ALIPY_CORESET_GREEDY,ALIPY_DENSITY_WEIGHTED,ALIPY_GRAPH_DENSITY,ALIPY_RANDOM,ALIPY_UNCERTAINTY_LC,ALIPY_UNCERTAINTY_MM,LIBACT_DWUS,LIBACT_QUIRE,LIBACT_UNCERTAINTY_ENT,LIBACT_UNCERTAINTY_LC,LIBACT_UNCERTAINTY_SM,OPTIMAL_GREEDY_10,OPTIMAL_GREEDY_20,PLAYGROUND_BANDIT,PLAYGROUND_GRAPH_DENSITY,PLAYGROUND_INFORMATIVE_DIVERSE,PLAYGROUND_KCENTER_GREEDY,PLAYGROUND_MARGIN,PLAYGROUND_MIXTURE,PLAYGROUND_UNIFORM,SKACTIVEML_COST_EMBEDDING,SKACTIVEML_DAL,SKACTIVEML_DWUS,SKACTIVEML_QBC,SKACTIVEML_QBC_VOTE_ENTROPY,SKACTIVEML_QUIRE,SKACTIVEML_US_ENTROPY,SKACTIVEML_US_LC,SKACTIVEML_US_MARGIN,SMALLTEXT_BREAKINGTIES,SMALLTEXT_CONTRASTIVEAL,SMALLTEXT_EMBEDDINGKMEANS,SMALLTEXT_GREEDYCORESET,SMALLTEXT_LEASTCONFIDENCE,SMALLTEXT_LIGHTWEIGHTCORESET,SMALLTEXT_PREDICTIONENTROPY,SMALLTEXT_RANDOM
ALIPY_CORESET_GREEDY,1.0,0.13262270699058007,0.08849776896380764,0.10609816559246406,0.08378780366881507,0.08254833911750124,0.0835399107585523,0.11179970252850768,0.06346058502726822,0.056023797719385225,0.06494794248884482,0.18468021814576102,0.1797223599405057,0.09345562716906297,0.08849776896380764,0.11774913237481408,1.0,0.08254833911750124,0.12171541893901834,0.15319781854238967,0.10708973723351513,0.1450173525037184,0.08775409023301933,0.10956866633614279,0.16559246405552802,0.12320277640059495,0.06817055032226078,0.07337630143777887,0.07114526524541398,0.06420426375805652,0.09419930589985126,0.15270203272186417,0.1945959345562717,0.07089737233515121,0.14823996033713435,0.07040158651462568,0.10609816559246406
ALIPY_DENSITY_WEIGHTED,0.13262270699058007,1.0,0.09072880515617253,0.10411502231036192,0.13039167079821518,0.13212692117005453,0.13584531482399603,0.1576598909271195,0.10585027268220129,0.10857709469509172,0.11179970252850768,0.1938522558254834,0.1938522558254834,0.13212692117005453,0.09072880515617253,0.13361427863163114,0.13262270699058007,0.12072384729796728,0.13882002974714924,0.1574119980168567,0.1420426375805652,0.17575607337630145,0.15592464055528013,0.1294000991571641,0.16460089241447695,0.1849281110560238,0.11898859692612791,0.11898859692612791,0.11477441745166088,0.11056023797719385,0.11576598909271195,0.16385721368368864,0.17625185919682698,0.11477441745166088,0.16236985622211206,0.12245909766980664,0.10411502231036192
ALIPY_GRAPH_DENSITY,0.08849776896380764,0.09072880515617253,1.0,0.14080317302925136,0.08081308874566187,0.08651462568170551,0.13782845810609817,0.07783837382250867,0.059494298463063956,0.05775904809122459,0.06717897868120971,0.21046108081308876,0.20897372335151215,0.11353495290034706,1.0,0.12245909766980664,0.08849776896380764,0.09494298463063956,0.14352999504214178,0.19781854238968766,0.10857709469509172,0.161378284581061,0.1479920674268716,0.15146256817055032,0.19335647000495787,0.09791769955379276,0.06767476450173525,0.07114526524541398,0.07759048091224591,0.07436787307882994,0.1036192364898364,0.20079325731284084,0.14700049578582053,0.06395637084779375,0.1893901834407536,0.06767476450173525,0.14080317302925136
ALIPY_RANDOM,0.10609816559246406,0.10411502231036192,0.14080317302925136,1.0,0.08378780366881507,0.0946950917203768,0.12915220624690135,0.0999008428358949,0.07263262270699058,0.07064947942488845,0.08403569657907783,0.2583044124938027,0.2640059494298463,0.12345066931085771,0.14080317302925136,0.14700049578582053,0.10609816559246406,0.11452652454139811,0.16236985622211206,0.22161626177491323,0.1308874566187407,0.20128904313336637,0.13411006445215667,0.161378284581061,0.22905304908279622,0.11502231036192365,0.07932573128408528,0.07882994546355974,0.08973723351512147,0.08701041150223103,0.11229548834903322,0.2300446207238473,0.15493306891422906,0.07288051561725335,0.21764997521070897,0.07312840852751612,1.0
ALIPY_UNCERTAINTY_LC,0.08378780366881507,0.13039167079821518,0.08081308874566187,0.08378780366881507,1.0,0.7513634110064452,0.09742191373326722,0.0954387704511651,0.12840852751611304,0.15691621219633117,0.11750123946455131,0.17278135845314824,0.17327714427367377,0.20426375805651958,0.08081308874566187,0.15047099652949925,0.08378780366881507,0.2188894397620228,0.16931085770946952,0.15146256817055032,0.15121467526028756,0.15294992563212692,0.13237481408031732,0.12047595438770452,0.15121467526028756,0.1294000991571641,0.15815567674764502,0.1834407535944472,0.14179474467030243,0.21616261774913237,0.10609816559246406,0.1405552801189886,0.12320277640059495,0.3480416460089241,0.14526524541398117,0.23847297967278136,0.08378780366881507
ALIPY_UNCERTAINTY_MM,0.08254833911750124,0.13212692117005453,0.08651462568170551,0.0946950917203768,0.7513634110064452,1.0,0.10758552305404065,0.10014873574615767,0.10708973723351513,0.11403073872087258,0.16410510659395142,0.18319286068418444,0.180466038671294,0.22310361923648983,0.08651462568170551,0.14898363906792267,0.08254833911750124,0.27863163113534956,0.19905800694100148,0.16732771442736738,0.1405552801189886,0.15592464055528013,0.14030738720872582,0.12592959841348536,0.15840356965790778,0.12865642042637582,0.131631135349529,0.1405552801189886,0.17922657411998016,0.3403569657907784,0.10411502231036192,0.1499752107089737,0.12865642042637582,0.2188894397620228,0.15592464055528013,0.1998016856717898,0.0946950917203768
LIBACT_DWUS,0.0835399107585523,0.13584531482399603,0.13782845810609817,0.12915220624690135,0.09742191373326722,0.10758552305404065,1.0,0.11973227565691621,0.07535944471988101,0.08006941001487357,0.08477937530986614,0.2072384729796728,0.19657907783837383,0.11031234506693109,0.13782845810609817,0.11650966782350025,0.0835399107585523,0.10386712940009915,0.11403073872087258,0.17030242935052056,0.12295488349033218,0.1633614278631631,0.18145761031234506,0.16311353495290035,0.1983143282102132,0.13584531482399603,0.08477937530986614,0.08552305404065444,0.0946950917203768,0.08924144769459594,0.1368368864650471,0.19781854238968766,0.14352999504214178,0.07932573128408528,0.1782350024789291,0.07907783837382251,0.12915220624690135
LIBACT_QUIRE,0.11179970252850768,0.1576598909271195,0.07783837382250867,0.0999008428358949,0.0954387704511651,0.10014873574615767,0.11973227565691621,1.0,0.062221120475954385,0.06246901338621715,0.06643529995042141,0.15716410510659395,0.15815567674764502,0.09791769955379276,0.07783837382250867,0.10312345066931086,0.11179970252850768,0.09147248388696083,0.11576598909271195,0.14352999504214178,0.10907288051561725,0.14352999504214178,0.12617749132374814,0.13063956370847793,0.14600892414476946,0.14848785324739713,0.08180466038671294,0.08378780366881507,0.0850272682201289,0.07238472979672782,0.131631135349529,0.14700049578582053,0.1502231036192365,0.07511155180961825,0.14600892414476946,0.07411998016856718,0.0999008428358949
LIBACT_UNCERTAINTY_ENT,0.06346058502726822,0.10585027268220129,0.059494298463063956,0.07263262270699058,0.12840852751611304,0.10708973723351513,0.07535944471988101,0.062221120475954385,1.0,0.7858205255329698,0.7411998016856718,0.12444224095190877,0.12617749132374814,0.0999008428358949,0.059494298463063956,0.13559742191373328,0.06346058502726822,0.0857709469509172,0.09717402082300446,0.11452652454139811,0.10436291522062469,0.11130391670798215,0.11502231036192365,0.0887456618740704,0.11700545364402579,0.0932077342588002,0.1648487853247397,0.12394645513138325,0.10733763014377788,0.14080317302925136,0.07759048091224591,0.11179970252850768,0.0984134853743183,0.16360932077342588,0.11675756073376302,0.20401586514625683,0.07263262270699058
LIBACT_UNCERTAINTY_LC,0.056023797719385225,0.10857709469509172,0.05775904809122459,0.07064947942488845,0.15691621219633117,0.11403073872087258,0.08006941001487357,0.06246901338621715,0.7858205255329698,1.0,0.7647496281606346,0.1271690629647992,0.13063956370847793,0.1028755577590481,0.05775904809122459,0.13981160138820029,0.056023797719385225,0.09791769955379276,0.09593455627169063,0.11056023797719385,0.10981655924640556,0.11427863163113534,0.11874070401586515,0.09444719881011403,0.11502231036192365,0.09395141298958849,0.13336638572136836,0.16038671294000992,0.11725334655428855,0.1457610312345067,0.07610312345066932,0.11328705999008429,0.0909766980664353,0.19162121963311848,0.11427863163113534,0.1626177491323748,0.07064947942488845
LIBACT_UNCERTAINTY_SM,0.06494794248884482,0.11179970252850768,0.06717897868120971,0.08403569657907783,0.11750123946455131,0.16410510659395142,0.08477937530986614,0.06643529995042141,0.7411998016856718,0.7647496281606346,1.0,0.14452156668319285,0.14303420922161625,0.10634605850272683,0.06717897868120971,0.14328210213187903,0.06494794248884482,0.0991571641051066,0.1036192364898364,0.12394645513138325,0.11998016856717898,0.12221120475954388,0.13063956370847793,0.10485870104115022,0.1294000991571641,0.09345562716906297,0.10684184432325236,0.11675756073376302,0.1576598909271195,0.18988596926127913,0.08230044620723848,0.12394645513138325,0.10114030738720872,0.14774417451660882,0.13063956370847793,0.14823996033713435,0.08403569657907783
OPTIMAL_GREEDY_10,0.18468021814576102,0.1938522558254834,0.21046108081308876,0.2583044124938027,0.17278135845314824,0.18319286068418444,0.2072384729796728,0.15716410510659395,0.12444224095190877,0.1271690629647992,0.14452156668319285,1.0,0.6132870599900843,0.20153693604362916,0.21046108081308876,0.2330193356470005,0.18468021814576102,0.1737729300941993,0.26945959345562714,0.3639067922657412,0.1943480416460089,0.32771442736737727,0.2020327218641547,0.2704511650966782,0.3785324739712444,0.20302429350520576,0.14526524541398117,0.14724838869608328,0.16236985622211206,0.15195835399107585,0.1722855726326227,0.409766980664353,0.23252354982647497,0.14005949429846307,0.3403569657907784,0.14253842340109074,0.2583044124938027
OPTIMAL_GREEDY_20,0.1797223599405057,0.1938522558254834,0.20897372335151215,0.2640059494298463,0.17327714427367377,0.180466038671294,0.19657907783837383,0.15815567674764502,0.12617749132374814,0.13063956370847793,0.14303420922161625,0.6132870599900843,1.0,0.18616757560733763,0.20897372335151215,0.22806147744174515,0.1797223599405057,0.16212196331184928,0.25855230540406543,0.3542389687654933,0.18616757560733763,0.31928606841844326,0.19335647000495787,0.2588001983143282,0.36415468517600397,0.1943480416460089,0.1442736737729301,0.14700049578582053,0.15964303420922163,0.14972731779871096,0.17030242935052056,0.39687654933068917,0.23772930094199307,0.1383242439266237,0.3358948934060486,0.1346058502726822,0.2640059494298463
PLAYGROUND_BANDIT,0.09345562716906297,0.13212692117005453,0.11353495290034706,0.12345066931085771,0.20426375805651958,0.22310361923648983,0.11031234506693109,0.09791769955379276,0.0999008428358949,0.1028755577590481,0.10634605850272683,0.20153693604362916,0.18616757560733763,1.0,0.11353495290034706,0.36936043629152204,0.09345562716906297,0.630639563708478,0.40183440753594446,0.1960832920178483,0.24144769459593457,0.1745166088249876,0.14253842340109074,0.16187407040158652,0.1819533961328706,0.16212196331184928,0.12667327714427368,0.12840852751611304,0.13212692117005453,0.19038175508180466,0.10337134357957363,0.16088249876053545,0.14303420922161625,0.16831928606841845,0.17501239464551313,0.1588993554784333,0.12345066931085771
PLAYGROUND_GRAPH_DENSITY,0.08849776896380764,0.09072880515617253,1.0,0.14080317302925136,0.08081308874566187,0.08651462568170551,0.13782845810609817,0.07783837382250867,0.059494298463063956,0.05775904809122459,0.06717897868120971,0.21046108081308876,0.20897372335151215,0.11353495290034706,1.0,0.12245909766980664,0.08849776896380764,0.09494298463063956,0.14352999504214178,0.19781854238968766,0.10857709469509172,0.161378284581061,0.1479920674268716,0.15146256817055032,0.19335647000495787,0.09791769955379276,0.06767476450173525,0.07114526524541398,0.07759048091224591,0.07436787307882994,0.1036192364898364,0.20079325731284084,0.14700049578582053,0.06395637084779375,0.1893901834407536,0.06767476450173525,0.14080317302925136
PLAYGROUND_INFORMATIVE_DIVERSE,0.11774913237481408,0.13361427863163114,0.12245909766980664,0.14700049578582053,0.15047099652949925,0.14898363906792267,0.11650966782350025,0.10312345066931086,0.13559742191373328,0.13981160138820029,0.14328210213187903,0.2330193356470005,0.22806147744174515,0.36936043629152204,0.12245909766980664,1.0,0.11774913237481408,0.3520079325731284,0.3505205751115518,0.2055032226078334,0.1908775409023302,0.1782350024789291,0.15691621219633117,0.16782350024789291,0.20327218641546851,0.1588993554784333,0.12543381259295985,0.1301437778879524,0.14229053049082796,0.12840852751611304,0.11254338125929599,0.20823004462072384,0.14328210213187903,0.12667327714427368,0.19905800694100148,0.12592959841348536,0.14700049578582053
PLAYGROUND_KCENTER_GREEDY,1.0,0.13262270699058007,0.08849776896380764,0.10609816559246406,0.08378780366881507,0.08254833911750124,0.0835399107585523,0.11179970252850768,0.06346058502726822,0.056023797719385225,0.06494794248884482,0.18468021814576102,0.1797223599405057,0.09345562716906297,0.08849776896380764,0.11774913237481408,1.0,0.08254833911750124,0.12171541893901834,0.15319781854238967,0.10708973723351513,0.1450173525037184,0.08775409023301933,0.10956866633614279,0.16559246405552802,0.12320277640059495,0.06817055032226078,0.07337630143777887,0.07114526524541398,0.06420426375805652,0.09419930589985126,0.15270203272186417,0.1945959345562717,0.07089737233515121,0.14823996033713435,0.07040158651462568,0.10609816559246406
PLAYGROUND_MARGIN,0.08254833911750124,0.12072384729796728,0.09494298463063956,0.11452652454139811,0.2188894397620228,0.27863163113534956,0.10386712940009915,0.09147248388696083,0.0857709469509172,0.09791769955379276,0.0991571641051066,0.1737729300941993,0.16212196331184928,0.630639563708478,0.09494298463063956,0.3520079325731284,0.08254833911750124,1.0,0.4888448190381755,0.17203767972235995,0.22657411998016858,0.15294992563212692,0.12989588497768964,0.14452156668319285,0.1633614278631631,0.14848785324739713,0.11353495290034706,0.12022806147744175,0.12245909766980664,0.2640059494298463,0.10312345066931086,0.15096678235002478,0.12692117005453643,0.20500743678730787,0.16236985622211206,0.18517600396628656,0.11452652454139811
PLAYGROUND_MIXTURE,0.12171541893901834,0.13882002974714924,0.14352999504214178,0.16236985622211206,0.16931085770946952,0.19905800694100148,0.11403073872087258,0.11576598909271195,0.09717402082300446,0.09593455627169063,0.1036192364898364,0.26945959345562714,0.25855230540406543,0.40183440753594446,0.14352999504214178,0.3505205751115518,0.12171541893901834,0.4888448190381755,1.0,0.2580565195835399,0.18542389687654934,0.20004957858205255,0.13733267228557264,0.1752602875557759,0.23054040654437283,0.15245413981160139,0.11874070401586515,0.11626177491323748,0.12146752602875557,0.1760039662865642,0.11155180961824492,0.22830937035200793,0.15071888943976203,0.14724838869608328,0.21913733267228558,0.1412989588497769,0.16236985622211206
PLAYGROUND_UNIFORM,0.15319781854238967,0.1574119980168567,0.19781854238968766,0.22161626177491323,0.15146256817055032,0.16732771442736738,0.17030242935052056,0.14352999504214178,0.11452652454139811,0.11056023797719385,0.12394645513138325,0.3639067922657412,0.3542389687654933,0.1960832920178483,0.19781854238968766,0.2055032226078334,0.15319781854238967,0.17203767972235995,0.2580565195835399,1.0,0.17997025285076848,0.27317798710956864,0.1797223599405057,0.2307882994546356,0.31011403073872085,0.1685671789786812,0.12890431333663857,0.12667327714427368,0.14154685176003967,0.1375805651958354,0.1648487853247397,0.30887456618740705,0.19335647000495787,0.12766484878532475,0.27540902330193356,0.12295488349033218,0.22161626177491323
SKACTIVEML_COST_EMBEDDING,0.10708973723351513,0.1420426375805652,0.10857709469509172,0.1308874566187407,0.15121467526028756,0.1405552801189886,0.12295488349033218,0.10907288051561725,0.10436291522062469,0.10981655924640556,0.11998016856717898,0.1943480416460089,0.18616757560733763,0.24144769459593457,0.10857709469509172,0.1908775409023302,0.10708973723351513,0.22657411998016858,0.18542389687654934,0.17997025285076848,1.0,0.17922657411998016,0.1499752107089737,0.1499752107089737,0.18170550322260784,0.18963807635101637,0.12989588497768964,0.13039167079821518,0.12890431333663857,0.11948438274665345,0.11725334655428855,0.18244918195339613,0.13981160138820029,0.12444224095190877,0.1797223599405057,0.1264253842340109,0.1308874566187407
SKACTIVEML_DAL,0.1450173525037184,0.17575607337630145,0.161378284581061,0.20128904313336637,0.15294992563212692,0.15592464055528013,0.1633614278631631,0.14352999504214178,0.11130391670798215,0.11427863163113534,0.12221120475954388,0.32771442736737727,0.31928606841844326,0.1745166088249876,0.161378284581061,0.1782350024789291,0.1450173525037184,0.15294992563212692,0.20004957858205255,0.27317798710956864,0.17922657411998016,1.0,0.1789786812097174,0.20897372335151215,0.28135845314824,0.17649975210708974,0.13882002974714924,0.14179474467030243,0.1502231036192365,0.12518591968269707,0.15939514129895885,0.26846802181457613,0.19905800694100148,0.12221120475954388,0.26202280614774415,0.1212196331184928,0.20128904313336637
SKACTIVEML_DWUS,0.08775409023301933,0.15592464055528013,0.1479920674268716,0.13411006445215667,0.13237481408031732,0.14030738720872582,0.18145761031234506,0.12617749132374814,0.11502231036192365,0.11874070401586515,0.13063956370847793,0.2020327218641547,0.19335647000495787,0.14253842340109074,0.1479920674268716,0.15691621219633117,0.08775409023301933,0.12989588497768964,0.13733267228557264,0.1797223599405057,0.1499752107089737,0.1789786812097174,1.0,0.1611303916707982,0.1998016856717898,0.1574119980168567,0.11898859692612791,0.1212196331184928,0.1294000991571641,0.11874070401586515,0.13485374318294496,0.2035200793257313,0.14724838869608328,0.11303916707982152,0.18765493306891423,0.10956866633614279,0.13411006445215667
SKACTIVEML_QBC,0.10956866633614279,0.1294000991571641,0.15146256817055032,0.161378284581061,0.12047595438770452,0.12592959841348536,0.16311353495290035,0.13063956370847793,0.0887456618740704,0.09444719881011403,0.10485870104115022,0.2704511650966782,0.2588001983143282,0.16187407040158652,0.15146256817055032,0.16782350024789291,0.10956866633614279,0.14452156668319285,0.1752602875557759,0.2307882994546356,0.1499752107089737,0.20897372335151215,0.1611303916707982,1.0,0.25012394645513136,0.16038671294000992,0.10485870104115022,0.10758552305404065,0.11998016856717898,0.10188398611799702,0.14154685176003967,0.23822508676251858,0.15716410510659395,0.09791769955379276,0.2129400099157164,0.09717402082300446,0.161378284581061
SKACTIVEML_QBC_VOTE_ENTROPY,0.16559246405552802,0.16460089241447695,0.19335647000495787,0.22905304908279622,0.15121467526028756,0.15840356965790778,0.1983143282102132,0.14600892414476946,0.11700545364402579,0.11502231036192365,0.1294000991571641,0.3785324739712444,0.36415468517600397,0.1819533961328706,0.19335647000495787,0.20327218641546851,0.16559246405552802,0.1633614278631631,0.23054040654437283,0.31011403073872085,0.18170550322260784,0.28135845314824,0.1998016856717898,0.25012394645513136,1.0,0.17873078829945463,0.13361427863163114,0.1353495290034705,0.14476945959345563,0.12518591968269707,0.1665840356965791,0.31705503222607834,0.21988101140307387,0.12196331184928111,0.2937530986613783,0.11923648983639068,0.22905304908279622
SKACTIVEML_QUIRE,0.12320277640059495,0.1849281110560238,0.09791769955379276,0.11502231036192365,0.1294000991571641,0.12865642042637582,0.13584531482399603,0.14848785324739713,0.0932077342588002,0.09395141298958849,0.09345562716906297,0.20302429350520576,0.1943480416460089,0.16212196331184928,0.09791769955379276,0.1588993554784333,0.12320277640059495,0.14848785324739713,0.15245413981160139,0.1685671789786812,0.18963807635101637,0.17649975210708974,0.1574119980168567,0.16038671294000992,0.17873078829945463,1.0,0.11403073872087258,0.1065939514129896,0.11204759543877045,0.10783341596430342,0.12964799206742686,0.16906296479920674,0.1715418939018344,0.11155180961824492,0.1774913237481408,0.11477441745166088,0.11502231036192365
SKACTIVEML_US_ENTROPY,0.06817055032226078,0.11898859692612791,0.06767476450173525,0.07932573128408528,0.15815567674764502,0.131631135349529,0.08477937530986614,0.08180466038671294,0.1648487853247397,0.13336638572136836,0.10684184432325236,0.14526524541398117,0.1442736737729301,0.12667327714427368,0.06767476450173525,0.12543381259295985,0.06817055032226078,0.11353495290034706,0.11874070401586515,0.12890431333663857,0.12989588497768964,0.13882002974714924,0.11898859692612791,0.10485870104115022,0.13361427863163114,0.11403073872087258,1.0,0.7878036688150719,0.7471492315319782,0.10882498760535449,0.09221616261774913,0.12394645513138325,0.11328705999008429,0.13510163609320774,0.12840852751611304,0.17253346554288548,0.07932573128408528
SKACTIVEML_US_LC,0.07337630143777887,0.11898859692612791,0.07114526524541398,0.07882994546355974,0.1834407535944472,0.1405552801189886,0.08552305404065444,0.08378780366881507,0.12394645513138325,0.16038671294000992,0.11675756073376302,0.14724838869608328,0.14700049578582053,0.12840852751611304,0.07114526524541398,0.1301437778879524,0.07337630143777887,0.12022806147744175,0.11626177491323748,0.12667327714427368,0.13039167079821518,0.14179474467030243,0.1212196331184928,0.10758552305404065,0.1353495290034705,0.1065939514129896,0.7878036688150719,1.0,0.7602875557759048,0.11328705999008429,0.09072880515617253,0.12915220624690135,0.11303916707982152,0.1633614278631631,0.1308874566187407,0.1346058502726822,0.07882994546355974
SKACTIVEML_US_MARGIN,0.07114526524541398,0.11477441745166088,0.07759048091224591,0.08973723351512147,0.14179474467030243,0.17922657411998016,0.0946950917203768,0.0850272682201289,0.10733763014377788,0.11725334655428855,0.1576598909271195,0.16236985622211206,0.15964303420922163,0.13212692117005453,0.07759048091224591,0.14229053049082796,0.07114526524541398,0.12245909766980664,0.12146752602875557,0.14154685176003967,0.12890431333663857,0.1502231036192365,0.1294000991571641,0.11998016856717898,0.14476945959345563,0.11204759543877045,0.7471492315319782,0.7602875557759048,1.0,0.15716410510659395,0.09271194843827467,0.13658899355478432,0.11477441745166088,0.11923648983639068,0.14253842340109074,0.10609816559246406,0.08973723351512147
SMALLTEXT_BREAKINGTIES,0.06420426375805652,0.11056023797719385,0.07436787307882994,0.08701041150223103,0.21616261774913237,0.3403569657907784,0.08924144769459594,0.07238472979672782,0.14080317302925136,0.1457610312345067,0.18988596926127913,0.15195835399107585,0.14972731779871096,0.19038175508180466,0.07436787307882994,0.12840852751611304,0.06420426375805652,0.2640059494298463,0.1760039662865642,0.1375805651958354,0.11948438274665345,0.12518591968269707,0.11874070401586515,0.10188398611799702,0.12518591968269707,0.10783341596430342,0.10882498760535449,0.11328705999008429,0.15716410510659395,1.0,0.08180466038671294,0.12245909766980664,0.10535448686167576,0.7491323748140803,0.1331184928111056,0.7322756569162122,0.08701041150223103
SMALLTEXT_CONTRASTIVEAL,0.09419930589985126,0.11576598909271195,0.1036192364898364,0.11229548834903322,0.10609816559246406,0.10411502231036192,0.1368368864650471,0.131631135349529,0.07759048091224591,0.07610312345066932,0.08230044620723848,0.1722855726326227,0.17030242935052056,0.10337134357957363,0.1036192364898364,0.11254338125929599,0.09419930589985126,0.10312345066931086,0.11155180961824492,0.1648487853247397,0.11725334655428855,0.15939514129895885,0.13485374318294496,0.14154685176003967,0.1665840356965791,0.12964799206742686,0.09221616261774913,0.09072880515617253,0.09271194843827467,0.08180466038671294,1.0,0.16212196331184928,0.15815567674764502,0.08626673277144274,0.1628656420426376,0.08824987605354487,0.11229548834903322
SMALLTEXT_EMBEDDINGKMEANS,0.15270203272186417,0.16385721368368864,0.20079325731284084,0.2300446207238473,0.1405552801189886,0.1499752107089737,0.19781854238968766,0.14700049578582053,0.11179970252850768,0.11328705999008429,0.12394645513138325,0.409766980664353,0.39687654933068917,0.16088249876053545,0.20079325731284084,0.20823004462072384,0.15270203272186417,0.15096678235002478,0.22830937035200793,0.30887456618740705,0.18244918195339613,0.26846802181457613,0.2035200793257313,0.23822508676251858,0.31705503222607834,0.16906296479920674,0.12394645513138325,0.12915220624690135,0.13658899355478432,0.12245909766980664,0.16212196331184928,1.0,0.1938522558254834,0.11477441745166088,0.3041646008924145,0.11601388200297472,0.2300446207238473
SMALLTEXT_GREEDYCORESET,0.1945959345562717,0.17625185919682698,0.14700049578582053,0.15493306891422906,0.12320277640059495,0.12865642042637582,0.14352999504214178,0.1502231036192365,0.0984134853743183,0.0909766980664353,0.10114030738720872,0.23252354982647497,0.23772930094199307,0.14303420922161625,0.14700049578582053,0.14328210213187903,0.1945959345562717,0.12692117005453643,0.15071888943976203,0.19335647000495787,0.13981160138820029,0.19905800694100148,0.14724838869608328,0.15716410510659395,0.21988101140307387,0.1715418939018344,0.11328705999008429,0.11303916707982152,0.11477441745166088,0.10535448686167576,0.15815567674764502,0.1938522558254834,1.0,0.10932077342588002,0.19905800694100148,0.11056023797719385,0.15493306891422906
SMALLTEXT_LEASTCONFIDENCE,0.07089737233515121,0.11477441745166088,0.06395637084779375,0.07288051561725335,0.3480416460089241,0.2188894397620228,0.07932573128408528,0.07511155180961825,0.16360932077342588,0.19162121963311848,0.14774417451660882,0.14005949429846307,0.1383242439266237,0.16831928606841845,0.06395637084779375,0.12667327714427368,0.07089737233515121,0.20500743678730787,0.14724838869608328,0.12766484878532475,0.12444224095190877,0.12221120475954388,0.11303916707982152,0.09791769955379276,0.12196331184928111,0.11155180961824492,0.13510163609320774,0.1633614278631631,0.11923648983639068,0.7491323748140803,0.08626673277144274,0.11477441745166088,0.10932077342588002,1.0,0.1212196331184928,0.7764005949429846,0.07288051561725335
SMALLTEXT_LIGHTWEIGHTCORESET,0.14823996033713435,0.16236985622211206,0.1893901834407536,0.21764997521070897,0.14526524541398117,0.15592464055528013,0.1782350024789291,0.14600892414476946,0.11675756073376302,0.11427863163113534,0.13063956370847793,0.3403569657907784,0.3358948934060486,0.17501239464551313,0.1893901834407536,0.19905800694100148,0.14823996033713435,0.16236985622211206,0.21913733267228558,0.27540902330193356,0.1797223599405057,0.26202280614774415,0.18765493306891423,0.2129400099157164,0.2937530986613783,0.1774913237481408,0.12840852751611304,0.1308874566187407,0.14253842340109074,0.1331184928111056,0.1628656420426376,0.3041646008924145,0.19905800694100148,0.1212196331184928,1.0,0.12221120475954388,0.21764997521070897
SMALLTEXT_PREDICTIONENTROPY,0.07040158651462568,0.12245909766980664,0.06767476450173525,0.07312840852751612,0.23847297967278136,0.1998016856717898,0.07907783837382251,0.07411998016856718,0.20401586514625683,0.1626177491323748,0.14823996033713435,0.14253842340109074,0.1346058502726822,0.1588993554784333,0.06767476450173525,0.12592959841348536,0.07040158651462568,0.18517600396628656,0.1412989588497769,0.12295488349033218,0.1264253842340109,0.1212196331184928,0.10956866633614279,0.09717402082300446,0.11923648983639068,0.11477441745166088,0.17253346554288548,0.1346058502726822,0.10609816559246406,0.7322756569162122,0.08824987605354487,0.11601388200297472,0.11056023797719385,0.7764005949429846,0.12221120475954388,1.0,0.07312840852751612
SMALLTEXT_RANDOM,0.10609816559246406,0.10411502231036192,0.14080317302925136,1.0,0.08378780366881507,0.0946950917203768,0.12915220624690135,0.0999008428358949,0.07263262270699058,0.07064947942488845,0.08403569657907783,0.2583044124938027,0.2640059494298463,0.12345066931085771,0.14080317302925136,0.14700049578582053,0.10609816559246406,0.11452652454139811,0.16236985622211206,0.22161626177491323,0.1308874566187407,0.20128904313336637,0.13411006445215667,0.161378284581061,0.22905304908279622,0.11502231036192365,0.07932573128408528,0.07882994546355974,0.08973723351512147,0.08701041150223103,0.11229548834903322,0.2300446207238473,0.15493306891422906,0.07288051561725335,0.21764997521070897,0.07312840852751612,1.0
