,ALIPY_CORESET_GREEDY,ALIPY_DENSITY_WEIGHTED,ALIPY_GRAPH_DENSITY,ALIPY_RANDOM,ALIPY_UNCERTAINTY_LC,ALIPY_UNCERTAINTY_MM,LIBACT_DWUS,LIBACT_QUIRE,LIBACT_UNCERTAINTY_ENT,LIBACT_UNCERTAINTY_LC,LIBACT_UNCERTAINTY_SM,OPTIMAL_GREEDY_10,OPTIMAL_GREEDY_20,PLAYGROUND_BANDIT,PLAYGROUND_GRAPH_DENSITY,PLAYGROUND_INFORMATIVE_DIVERSE,PLAYGROUND_KCENTER_GREEDY,PLAYGROUND_MARGIN,PLAYGROUND_MIXTURE,PLAYGROUND_UNIFORM,SKACTIVEML_COST_EMBEDDING,SKACTIVEML_DAL,SKACTIVEML_DWUS,SKACTIVEML_QBC,SKACTIVEML_QBC_VOTE_ENTROPY,SKACTIVEML_QUIRE,SKACTIVEML_US_ENTROPY,SKACTIVEML_US_LC,SKACTIVEML_US_MARGIN,SMALLTEXT_BREAKINGTIES,SMALLTEXT_CONTRASTIVEAL,SMALLTEXT_EMBEDDINGKMEANS,SMALLTEXT_GREEDYCORESET,SMALLTEXT_LEASTCONFIDENCE,SMALLTEXT_LIGHTWEIGHTCORESET,SMALLTEXT_PREDICTIONENTROPY,SMALLTEXT_RANDOM
ALIPY_CORESET_GREEDY,1.0,0.30143777887952405,0.025037183936539417,0.0466038671294001,0.06643529995042141,0.0495785820525533,0.0384234010907288,0.3743182944967774,0.07089737233515121,0.06395637084779375,0.048834903321764996,0.08230044620723848,0.08651462568170551,0.08998512642538424,0.025037183936539417,0.10213187902825979,1.0,0.06767476450173525,0.0954387704511651,0.08180466038671294,0.14303420922161625,0.12196331184928111,0.07312840852751612,0.0835399107585523,0.08304412493802678,0.18988596926127913,0.06122954883490332,0.05751115518096182,0.0480912245909767,0.0436291522062469,0.22806147744174515,0.09370352007932573,0.4608329201784829,0.06023797719385226,0.1412989588497769,0.06544372830937036,0.0466038671294001
ALIPY_DENSITY_WEIGHTED,0.30143777887952405,1.0,0.04189390183440753,0.05503222607833416,0.1301437778879524,0.11725334655428855,0.05503222607833416,0.3173029251363411,0.11898859692612791,0.12245909766980664,0.11204759543877045,0.09866137828458106,0.0999008428358949,0.11650966782350025,0.04189390183440753,0.13485374318294496,0.30143777887952405,0.12047595438770452,0.10188398611799702,0.0872583044124938,0.16683192860684184,0.10907288051561725,0.09370352007932573,0.08453148239960337,0.0932077342588002,0.20823004462072384,0.1249380267724343,0.12518591968269707,0.11427863163113534,0.10634605850272683,0.1901338621715419,0.0961824491819534,0.3482895389191869,0.11427863163113534,0.13336638572136836,0.11898859692612791,0.05503222607833416
ALIPY_GRAPH_DENSITY,0.025037183936539417,0.04189390183440753,1.0,0.08998512642538424,0.045364402578086264,0.048834903321764996,0.10882498760535449,0.06792265741199802,0.027020327218641546,0.026772434308378782,0.03594447198810114,0.14080317302925136,0.13708477937530986,0.07362419434804164,1.0,0.06643529995042141,0.025037183936539417,0.03966286564204264,0.048834903321764996,0.1308874566187407,0.0954387704511651,0.12196331184928111,0.11229548834903322,0.13782845810609817,0.14377788795240456,0.06941001487357462,0.033217649975210706,0.030490827962320277,0.03817550818046604,0.03272186415468518,0.09866137828458106,0.14080317302925136,0.05627169062964799,0.031234506693108576,0.11874070401586515,0.03346554288547347,0.08998512642538424
ALIPY_RANDOM,0.0466038671294001,0.05503222607833416,0.08998512642538424,1.0,0.050322260783341594,0.05528011898859692,0.1420426375805652,0.08651462568170551,0.0451165096678235,0.03966286564204264,0.0473475458601884,0.2307882994546356,0.23698562221120476,0.12171541893901834,0.08998512642538424,0.10684184432325236,0.0466038671294001,0.06742687159147248,0.10411502231036192,0.25359444719881014,0.1294000991571641,0.2107089737233515,0.1427863163113535,0.23475458601883986,0.2389687654933069,0.11056023797719385,0.0466038671294001,0.040406544372830935,0.053792761527020325,0.0436291522062469,0.14774417451660882,0.20079325731284084,0.08205255329697571,0.041398116013882005,0.18021814576103123,0.04189390183440753,1.0
ALIPY_UNCERTAINTY_LC,0.06643529995042141,0.1301437778879524,0.045364402578086264,0.050322260783341594,1.0,0.7642538423401091,0.06073376301437779,0.07040158651462568,0.1856717897868121,0.2072384729796728,0.1665840356965791,0.09667823500247893,0.0946950917203768,0.14600892414476946,0.045364402578086264,0.1663361427863163,0.06643529995042141,0.20823004462072384,0.1301437778879524,0.0991571641051066,0.12146752602875557,0.09866137828458106,0.07312840852751612,0.08552305404065444,0.09766980664352999,0.11006445215666832,0.17873078829945463,0.1983143282102132,0.1650966782350025,0.21417947446703026,0.10312345066931086,0.08081308874566187,0.06792265741199802,0.3252354982647496,0.11155180961824492,0.2374814080317303,0.050322260783341594
ALIPY_UNCERTAINTY_MM,0.0495785820525533,0.11725334655428855,0.048834903321764996,0.05528011898859692,0.7642538423401091,1.0,0.06420426375805652,0.05775904809122459,0.15270203272186417,0.15790778383738224,0.1931085770946951,0.10386712940009915,0.09890927119484383,0.14972731779871096,0.048834903321764996,0.16088249876053545,0.0495785820525533,0.25012394645513136,0.15567674764501735,0.0984134853743183,0.11551809618244918,0.10064452156668319,0.07535944471988101,0.08899355478433317,0.10436291522062469,0.10237977193852256,0.14749628160634606,0.15642042637580567,0.19335647000495787,0.3182944967773922,0.09494298463063956,0.0880019831432821,0.06321269211700545,0.21641051065939515,0.12047595438770452,0.2077342588001983,0.05528011898859692
LIBACT_DWUS,0.0384234010907288,0.05503222607833416,0.10882498760535449,0.1420426375805652,0.06073376301437779,0.06420426375805652,1.0,0.11080813088745661,0.0436291522062469,0.0473475458601884,0.052553296975706494,0.25632126921170056,0.25706494794248885,0.10783341596430342,0.10882498760535449,0.10808130887456618,0.0384234010907288,0.06147744174516609,0.07882994546355974,0.26127912741695586,0.12890431333663857,0.2285572632622707,0.35448686167575605,0.2845810609816559,0.26945959345562714,0.12444224095190877,0.0443728309370352,0.044868616757560736,0.0518096182449182,0.04189390183440753,0.1626177491323748,0.38051561725334654,0.0857709469509172,0.04015865146256817,0.18517600396628656,0.04709965294992563,0.1420426375805652
LIBACT_QUIRE,0.3743182944967774,0.3173029251363411,0.06792265741199802,0.08651462568170551,0.07040158651462568,0.05775904809122459,0.11080813088745661,1.0,0.07585523054040655,0.06891422905304909,0.059494298463063956,0.14179474467030243,0.1517104610808131,0.10560237977193852,0.06792265741199802,0.11650966782350025,0.3743182944967774,0.07164105106593951,0.09221616261774913,0.1427863163113535,0.16236985622211206,0.14700049578582053,0.13113534952900346,0.15245413981160139,0.14848785324739713,0.22235994050570154,0.07064947942488845,0.06990580069410014,0.05627169062964799,0.0466038671294001,0.2659890927119484,0.14328210213187903,0.4266236985622211,0.05676747645017353,0.16088249876053545,0.06941001487357462,0.08651462568170551
LIBACT_UNCERTAINTY_ENT,0.07089737233515121,0.11898859692612791,0.027020327218641546,0.0451165096678235,0.1856717897868121,0.15270203272186417,0.0436291522062469,0.07585523054040655,1.0,0.7967278135845315,0.7550818046603868,0.07486365889935548,0.07337630143777887,0.11477441745166088,0.027020327218641546,0.13857213683688646,0.07089737233515121,0.1249380267724343,0.09643034209221617,0.0813088745661874,0.11006445215666832,0.08230044620723848,0.06519583539910759,0.06965790778383739,0.07907783837382251,0.09940505701536936,0.1906296479920674,0.16608824987605356,0.13931581556767478,0.15617253346554288,0.10485870104115022,0.06494794248884482,0.06817055032226078,0.18517600396628656,0.09568666336142786,0.2196331184928111,0.0451165096678235
LIBACT_UNCERTAINTY_LC,0.06395637084779375,0.12245909766980664,0.026772434308378782,0.03966286564204264,0.2072384729796728,0.15790778383738224,0.0473475458601884,0.06891422905304909,0.7967278135845315,1.0,0.7759048091224591,0.07560733763014378,0.07585523054040655,0.1256817055032226,0.026772434308378782,0.14848785324739713,0.06395637084779375,0.1360932077342588,0.10585027268220129,0.07288051561725335,0.11179970252850768,0.07858205255329698,0.06519583539910759,0.06370847793753098,0.0805651958353991,0.0946950917203768,0.17203767972235995,0.19360436291522062,0.14724838869608328,0.17402082300446206,0.09667823500247893,0.06494794248884482,0.06717897868120971,0.20798215171046108,0.10312345066931086,0.20327218641546851,0.03966286564204264
LIBACT_UNCERTAINTY_SM,0.048834903321764996,0.11204759543877045,0.03594447198810114,0.0473475458601884,0.1665840356965791,0.1931085770946951,0.052553296975706494,0.059494298463063956,0.7550818046603868,0.7759048091224591,1.0,0.07858205255329698,0.0850272682201289,0.12592959841348536,0.03594447198810114,0.1427863163113535,0.048834903321764996,0.14154685176003967,0.10832920178482895,0.0768468021814576,0.10882498760535449,0.09147248388696083,0.07015369360436291,0.07709469509172037,0.0872583044124938,0.0872583044124938,0.14253842340109074,0.15344571145265246,0.18443232523549827,0.19930589985126426,0.0880019831432821,0.07114526524541398,0.05528011898859692,0.17055032226078334,0.10485870104115022,0.17129400099157163,0.0473475458601884
OPTIMAL_GREEDY_10,0.08230044620723848,0.09866137828458106,0.14080317302925136,0.2307882994546356,0.09667823500247893,0.10386712940009915,0.25632126921170056,0.14179474467030243,0.07486365889935548,0.07560733763014378,0.07858205255329698,1.0,0.38051561725334654,0.18393653941497273,0.14080317302925136,0.1722855726326227,0.08230044620723848,0.10634605850272683,0.16162617749132374,0.3554784333168071,0.20475954387704512,0.322756569162122,0.2506197322756569,0.35002478929102626,0.3735746157659891,0.17873078829945463,0.07436787307882994,0.07511155180961825,0.08279623202776401,0.08403569657907783,0.2107089737233515,0.3336638572136837,0.12270699058006941,0.07932573128408528,0.2778879524045612,0.08205255329697571,0.2307882994546356
OPTIMAL_GREEDY_20,0.08651462568170551,0.0999008428358949,0.13708477937530986,0.23698562221120476,0.0946950917203768,0.09890927119484383,0.25706494794248885,0.1517104610808131,0.07337630143777887,0.07585523054040655,0.0850272682201289,0.38051561725334654,1.0,0.18468021814576102,0.13708477937530986,0.1752602875557759,0.08651462568170551,0.11303916707982152,0.1648487853247397,0.3485374318294497,0.20475954387704512,0.30813088745661876,0.2464055528011899,0.3403569657907784,0.36192364898363905,0.180466038671294,0.07907783837382251,0.07882994546355974,0.0909766980664353,0.07759048091224591,0.20971740208230044,0.3406048587010411,0.12865642042637582,0.07759048091224591,0.2783837382250868,0.08031730292513634,0.23698562221120476
PLAYGROUND_BANDIT,0.08998512642538424,0.11650966782350025,0.07362419434804164,0.12171541893901834,0.14600892414476946,0.14972731779871096,0.10783341596430342,0.10560237977193852,0.11477441745166088,0.1256817055032226,0.12592959841348536,0.18393653941497273,0.18468021814576102,1.0,0.07362419434804164,0.3891918691125434,0.08998512642538424,0.40555280118988596,0.4226574119980169,0.1849281110560238,0.19211700545364402,0.2131879028259792,0.12592959841348536,0.1574119980168567,0.1931085770946951,0.15964303420922163,0.11601388200297472,0.12369856222112048,0.131631135349529,0.11923648983639068,0.16236985622211206,0.161378284581061,0.11279127416955875,0.12022806147744175,0.2129400099157164,0.12022806147744175,0.12171541893901834
PLAYGROUND_GRAPH_DENSITY,0.025037183936539417,0.04189390183440753,1.0,0.08998512642538424,0.045364402578086264,0.048834903321764996,0.10882498760535449,0.06792265741199802,0.027020327218641546,0.026772434308378782,0.03594447198810114,0.14080317302925136,0.13708477937530986,0.07362419434804164,1.0,0.06643529995042141,0.025037183936539417,0.03966286564204264,0.048834903321764996,0.1308874566187407,0.0954387704511651,0.12196331184928111,0.11229548834903322,0.13782845810609817,0.14377788795240456,0.06941001487357462,0.033217649975210706,0.030490827962320277,0.03817550818046604,0.03272186415468518,0.09866137828458106,0.14080317302925136,0.05627169062964799,0.031234506693108576,0.11874070401586515,0.03346554288547347,0.08998512642538424
PLAYGROUND_INFORMATIVE_DIVERSE,0.10213187902825979,0.13485374318294496,0.06643529995042141,0.10684184432325236,0.1663361427863163,0.16088249876053545,0.10808130887456618,0.11650966782350025,0.13857213683688646,0.14848785324739713,0.1427863163113535,0.1722855726326227,0.1752602875557759,0.3891918691125434,0.06643529995042141,1.0,0.10213187902825979,0.3639067922657412,0.3666336142786316,0.16608824987605356,0.1849281110560238,0.1834407535944472,0.11700545364402579,0.15146256817055032,0.17848289538919188,0.15939514129895885,0.14352999504214178,0.1450173525037184,0.14700049578582053,0.13956370847793753,0.16435299950421417,0.16236985622211206,0.12097174020823004,0.1442736737729301,0.21641051065939515,0.13956370847793753,0.10684184432325236
PLAYGROUND_KCENTER_GREEDY,1.0,0.30143777887952405,0.025037183936539417,0.0466038671294001,0.06643529995042141,0.0495785820525533,0.0384234010907288,0.3743182944967774,0.07089737233515121,0.06395637084779375,0.048834903321764996,0.08230044620723848,0.08651462568170551,0.08998512642538424,0.025037183936539417,0.10213187902825979,1.0,0.06767476450173525,0.0954387704511651,0.08180466038671294,0.14303420922161625,0.12196331184928111,0.07312840852751612,0.0835399107585523,0.08304412493802678,0.18988596926127913,0.06122954883490332,0.05751115518096182,0.0480912245909767,0.0436291522062469,0.22806147744174515,0.09370352007932573,0.4608329201784829,0.06023797719385226,0.1412989588497769,0.06544372830937036,0.0466038671294001
PLAYGROUND_MARGIN,0.06767476450173525,0.12047595438770452,0.03966286564204264,0.06742687159147248,0.20823004462072384,0.25012394645513136,0.06147744174516609,0.07164105106593951,0.1249380267724343,0.1360932077342588,0.14154685176003967,0.10634605850272683,0.11303916707982152,0.40555280118988596,0.03966286564204264,0.3639067922657412,0.06767476450173525,1.0,0.4811601388200297,0.10585027268220129,0.1457610312345067,0.11998016856717898,0.07709469509172037,0.09717402082300446,0.10832920178482895,0.12394645513138325,0.13510163609320774,0.1442736737729301,0.15344571145265246,0.2263262270699058,0.10312345066931086,0.0917203767972236,0.07759048091224591,0.1819533961328706,0.14105106593951414,0.17402082300446206,0.06742687159147248
PLAYGROUND_MIXTURE,0.0954387704511651,0.10188398611799702,0.048834903321764996,0.10411502231036192,0.1301437778879524,0.15567674764501735,0.07882994546355974,0.09221616261774913,0.09643034209221617,0.10585027268220129,0.10832920178482895,0.16162617749132374,0.1648487853247397,0.4226574119980169,0.048834903321764996,0.3666336142786316,0.0954387704511651,0.4811601388200297,1.0,0.1670798215171046,0.1700545364402578,0.17129400099157163,0.09766980664352999,0.13435795736241943,0.1626177491323748,0.14179474467030243,0.090233019335647,0.09122459097669806,0.10411502231036192,0.13658899355478432,0.14526524541398117,0.14154685176003967,0.10585027268220129,0.11353495290034706,0.20029747149231533,0.11576598909271195,0.10411502231036192
PLAYGROUND_UNIFORM,0.08180466038671294,0.0872583044124938,0.1308874566187407,0.25359444719881014,0.0991571641051066,0.0984134853743183,0.26127912741695586,0.1427863163113535,0.0813088745661874,0.07288051561725335,0.0768468021814576,0.3554784333168071,0.3485374318294497,0.1849281110560238,0.1308874566187407,0.16608824987605356,0.08180466038671294,0.10585027268220129,0.1670798215171046,1.0,0.221864154685176,0.32002974714923155,0.23797719385225583,0.3468021814576103,0.34655428854734754,0.1628656420426376,0.07188894397620228,0.07387208725830441,0.07907783837382251,0.07114526524541398,0.221864154685176,0.32721864154685176,0.11849281110560238,0.07015369360436291,0.25756073376301436,0.07288051561725335,0.25359444719881014
SKACTIVEML_COST_EMBEDDING,0.14303420922161625,0.16683192860684184,0.0954387704511651,0.1294000991571641,0.12146752602875557,0.11551809618244918,0.12890431333663857,0.16236985622211206,0.11006445215666832,0.11179970252850768,0.10882498760535449,0.20475954387704512,0.20475954387704512,0.19211700545364402,0.0954387704511651,0.1849281110560238,0.14303420922161625,0.1457610312345067,0.1700545364402578,0.221864154685176,1.0,0.19410014873574616,0.13931581556767478,0.18096182449181952,0.21938522558254833,0.19905800694100148,0.09791769955379276,0.10733763014377788,0.11328705999008429,0.10163609320773426,0.18616757560733763,0.1856717897868121,0.16584035696579078,0.10535448686167576,0.22979672781358454,0.10932077342588002,0.1294000991571641
SKACTIVEML_DAL,0.12196331184928111,0.10907288051561725,0.12196331184928111,0.2107089737233515,0.09866137828458106,0.10064452156668319,0.2285572632622707,0.14700049578582053,0.08230044620723848,0.07858205255329698,0.09147248388696083,0.322756569162122,0.30813088745661876,0.2131879028259792,0.12196331184928111,0.1834407535944472,0.12196331184928111,0.11998016856717898,0.17129400099157163,0.32002974714923155,0.19410014873574616,1.0,0.22136836886465047,0.30466038671294,0.3225086762518592,0.1812097174020823,0.0850272682201289,0.07982151710461081,0.090233019335647,0.08006941001487357,0.23624194348041647,0.33564700049578583,0.1427863163113535,0.07734258800198314,0.31184928111056026,0.0842835894893406,0.2107089737233515
SKACTIVEML_DWUS,0.07312840852751612,0.09370352007932573,0.11229548834903322,0.1427863163113535,0.07312840852751612,0.07535944471988101,0.35448686167575605,0.13113534952900346,0.06519583539910759,0.06519583539910759,0.07015369360436291,0.2506197322756569,0.2464055528011899,0.12592959841348536,0.11229548834903322,0.11700545364402579,0.07312840852751612,0.07709469509172037,0.09766980664352999,0.23797719385225583,0.13931581556767478,0.22136836886465047,1.0,0.26871591472483886,0.25756073376301436,0.15319781854238967,0.06817055032226078,0.06792265741199802,0.07188894397620228,0.05751115518096182,0.1707982151710461,0.33986117997025284,0.10857709469509172,0.05528011898859692,0.1841844323252355,0.06420426375805652,0.1427863163113535
SKACTIVEML_QBC,0.0835399107585523,0.08453148239960337,0.13782845810609817,0.23475458601883986,0.08552305404065444,0.08899355478433317,0.2845810609816559,0.15245413981160139,0.06965790778383739,0.06370847793753098,0.07709469509172037,0.35002478929102626,0.3403569657907784,0.1574119980168567,0.13782845810609817,0.15146256817055032,0.0835399107585523,0.09717402082300446,0.13435795736241943,0.3468021814576103,0.18096182449181952,0.30466038671294,0.26871591472483886,1.0,0.36886465047099654,0.17030242935052056,0.06717897868120971,0.06817055032226078,0.0805651958353991,0.06841844323252355,0.21219633118492812,0.35349529003470503,0.12270699058006941,0.06668319286068418,0.24690133862171543,0.06767476450173525,0.23475458601883986
SKACTIVEML_QBC_VOTE_ENTROPY,0.08304412493802678,0.0932077342588002,0.14377788795240456,0.2389687654933069,0.09766980664352999,0.10436291522062469,0.26945959345562714,0.14848785324739713,0.07907783837382251,0.0805651958353991,0.0872583044124938,0.3735746157659891,0.36192364898363905,0.1931085770946951,0.14377788795240456,0.17848289538919188,0.08304412493802678,0.10832920178482895,0.1626177491323748,0.34655428854734754,0.21938522558254833,0.3225086762518592,0.25756073376301436,0.36886465047099654,1.0,0.18021814576103123,0.08527516113039167,0.09048091224590976,0.09816559246405553,0.08279623202776401,0.22087258304412494,0.34630639563708476,0.1264253842340109,0.07759048091224591,0.2840852751611304,0.08378780366881507,0.2389687654933069
SKACTIVEML_QUIRE,0.18988596926127913,0.20823004462072384,0.06941001487357462,0.11056023797719385,0.11006445215666832,0.10237977193852256,0.12444224095190877,0.22235994050570154,0.09940505701536936,0.0946950917203768,0.0872583044124938,0.17873078829945463,0.180466038671294,0.15964303420922163,0.06941001487357462,0.15939514129895885,0.18988596926127913,0.12394645513138325,0.14179474467030243,0.1628656420426376,0.19905800694100148,0.1812097174020823,0.15319781854238967,0.17030242935052056,0.18021814576103123,1.0,0.09295984134853744,0.09196826970748637,0.08006941001487357,0.08205255329697571,0.21764997521070897,0.16088249876053545,0.2627664848785325,0.09370352007932573,0.19533961328705998,0.10089241447694595,0.11056023797719385
SKACTIVEML_US_ENTROPY,0.06122954883490332,0.1249380267724343,0.033217649975210706,0.0466038671294001,0.17873078829945463,0.14749628160634606,0.0443728309370352,0.07064947942488845,0.1906296479920674,0.17203767972235995,0.14253842340109074,0.07436787307882994,0.07907783837382251,0.11601388200297472,0.033217649975210706,0.14352999504214178,0.06122954883490332,0.13510163609320774,0.090233019335647,0.07188894397620228,0.09791769955379276,0.0850272682201289,0.06817055032226078,0.06717897868120971,0.08527516113039167,0.09295984134853744,1.0,0.8021814576103123,0.7592959841348538,0.1308874566187407,0.0887456618740704,0.06941001487357462,0.07213683688646505,0.15691621219633117,0.10188398611799702,0.18815071888943977,0.0466038671294001
SKACTIVEML_US_LC,0.05751115518096182,0.12518591968269707,0.030490827962320277,0.040406544372830935,0.1983143282102132,0.15642042637580567,0.044868616757560736,0.06990580069410014,0.16608824987605356,0.19360436291522062,0.15344571145265246,0.07511155180961825,0.07882994546355974,0.12369856222112048,0.030490827962320277,0.1450173525037184,0.05751115518096182,0.1442736737729301,0.09122459097669806,0.07387208725830441,0.10733763014377788,0.07982151710461081,0.06792265741199802,0.06817055032226078,0.09048091224590976,0.09196826970748637,0.8021814576103123,1.0,0.7721864154685176,0.1412989588497769,0.0880019831432821,0.06321269211700545,0.06693108577094695,0.1789786812097174,0.10089241447694595,0.16559246405552802,0.040406544372830935
SKACTIVEML_US_MARGIN,0.0480912245909767,0.11427863163113534,0.03817550818046604,0.053792761527020325,0.1650966782350025,0.19335647000495787,0.0518096182449182,0.05627169062964799,0.13931581556767478,0.14724838869608328,0.18443232523549827,0.08279623202776401,0.0909766980664353,0.131631135349529,0.03817550818046604,0.14700049578582053,0.0480912245909767,0.15344571145265246,0.10411502231036192,0.07907783837382251,0.11328705999008429,0.090233019335647,0.07188894397620228,0.0805651958353991,0.09816559246405553,0.08006941001487357,0.7592959841348538,0.7721864154685176,1.0,0.17426871591472484,0.0835399107585523,0.08031730292513634,0.05627169062964799,0.146504709965295,0.11675756073376302,0.14724838869608328,0.053792761527020325
SMALLTEXT_BREAKINGTIES,0.0436291522062469,0.10634605850272683,0.03272186415468518,0.0436291522062469,0.21417947446703026,0.3182944967773922,0.04189390183440753,0.0466038671294001,0.15617253346554288,0.17402082300446206,0.19930589985126426,0.08403569657907783,0.07759048091224591,0.11923648983639068,0.03272186415468518,0.13956370847793753,0.0436291522062469,0.2263262270699058,0.13658899355478432,0.07114526524541398,0.10163609320773426,0.08006941001487357,0.05751115518096182,0.06841844323252355,0.08279623202776401,0.08205255329697571,0.1308874566187407,0.1412989588497769,0.17426871591472484,1.0,0.07734258800198314,0.06296479920674268,0.0473475458601884,0.7652454139811602,0.10039662865642042,0.7563212692117005,0.0436291522062469
SMALLTEXT_CONTRASTIVEAL,0.22806147744174515,0.1901338621715419,0.09866137828458106,0.14774417451660882,0.10312345066931086,0.09494298463063956,0.1626177491323748,0.2659890927119484,0.10485870104115022,0.09667823500247893,0.0880019831432821,0.2107089737233515,0.20971740208230044,0.16236985622211206,0.09866137828458106,0.16435299950421417,0.22806147744174515,0.10312345066931086,0.14526524541398117,0.221864154685176,0.18616757560733763,0.23624194348041647,0.1707982151710461,0.21219633118492812,0.22087258304412494,0.21764997521070897,0.0887456618740704,0.0880019831432821,0.0835399107585523,0.07734258800198314,1.0,0.22682201289043133,0.282350024789291,0.0835399107585523,0.2166584035696579,0.0917203767972236,0.14774417451660882
SMALLTEXT_EMBEDDINGKMEANS,0.09370352007932573,0.0961824491819534,0.14080317302925136,0.20079325731284084,0.08081308874566187,0.0880019831432821,0.38051561725334654,0.14328210213187903,0.06494794248884482,0.06494794248884482,0.07114526524541398,0.3336638572136837,0.3406048587010411,0.161378284581061,0.14080317302925136,0.16236985622211206,0.09370352007932573,0.0917203767972236,0.14154685176003967,0.32721864154685176,0.1856717897868121,0.33564700049578583,0.33986117997025284,0.35349529003470503,0.34630639563708476,0.16088249876053545,0.06941001487357462,0.06321269211700545,0.08031730292513634,0.06296479920674268,0.22682201289043133,1.0,0.14923153197818542,0.060981655924640554,0.30813088745661876,0.06668319286068418,0.20079325731284084
SMALLTEXT_GREEDYCORESET,0.4608329201784829,0.3482895389191869,0.05627169062964799,0.08205255329697571,0.06792265741199802,0.06321269211700545,0.0857709469509172,0.4266236985622211,0.06817055032226078,0.06717897868120971,0.05528011898859692,0.12270699058006941,0.12865642042637582,0.11279127416955875,0.05627169062964799,0.12097174020823004,0.4608329201784829,0.07759048091224591,0.10585027268220129,0.11849281110560238,0.16584035696579078,0.1427863163113535,0.10857709469509172,0.12270699058006941,0.1264253842340109,0.2627664848785325,0.07213683688646505,0.06693108577094695,0.05627169062964799,0.0473475458601884,0.282350024789291,0.14923153197818542,1.0,0.059742191373326724,0.17129400099157163,0.06470004957858205,0.08205255329697571
SMALLTEXT_LEASTCONFIDENCE,0.06023797719385226,0.11427863163113534,0.031234506693108576,0.041398116013882005,0.3252354982647496,0.21641051065939515,0.04015865146256817,0.05676747645017353,0.18517600396628656,0.20798215171046108,0.17055032226078334,0.07932573128408528,0.07759048091224591,0.12022806147744175,0.031234506693108576,0.1442736737729301,0.06023797719385226,0.1819533961328706,0.11353495290034706,0.07015369360436291,0.10535448686167576,0.07734258800198314,0.05528011898859692,0.06668319286068418,0.07759048091224591,0.09370352007932573,0.15691621219633117,0.1789786812097174,0.146504709965295,0.7652454139811602,0.0835399107585523,0.060981655924640554,0.059742191373326724,1.0,0.08824987605354487,0.7873078829945463,0.041398116013882005
SMALLTEXT_LIGHTWEIGHTCORESET,0.1412989588497769,0.13336638572136836,0.11874070401586515,0.18021814576103123,0.11155180961824492,0.12047595438770452,0.18517600396628656,0.16088249876053545,0.09568666336142786,0.10312345066931086,0.10485870104115022,0.2778879524045612,0.2783837382250868,0.2129400099157164,0.11874070401586515,0.21641051065939515,0.1412989588497769,0.14105106593951414,0.20029747149231533,0.25756073376301436,0.22979672781358454,0.31184928111056026,0.1841844323252355,0.24690133862171543,0.2840852751611304,0.19533961328705998,0.10188398611799702,0.10089241447694595,0.11675756073376302,0.10039662865642042,0.2166584035696579,0.30813088745661876,0.17129400099157163,0.08824987605354487,1.0,0.0991571641051066,0.18021814576103123
SMALLTEXT_PREDICTIONENTROPY,0.06544372830937036,0.11898859692612791,0.03346554288547347,0.04189390183440753,0.2374814080317303,0.2077342588001983,0.04709965294992563,0.06941001487357462,0.2196331184928111,0.20327218641546851,0.17129400099157163,0.08205255329697571,0.08031730292513634,0.12022806147744175,0.03346554288547347,0.13956370847793753,0.06544372830937036,0.17402082300446206,0.11576598909271195,0.07288051561725335,0.10932077342588002,0.0842835894893406,0.06420426375805652,0.06767476450173525,0.08378780366881507,0.10089241447694595,0.18815071888943977,0.16559246405552802,0.14724838869608328,0.7563212692117005,0.0917203767972236,0.06668319286068418,0.06470004957858205,0.7873078829945463,0.0991571641051066,1.0,0.04189390183440753
SMALLTEXT_RANDOM,0.0466038671294001,0.05503222607833416,0.08998512642538424,1.0,0.050322260783341594,0.05528011898859692,0.1420426375805652,0.08651462568170551,0.0451165096678235,0.03966286564204264,0.0473475458601884,0.2307882994546356,0.23698562221120476,0.12171541893901834,0.08998512642538424,0.10684184432325236,0.0466038671294001,0.06742687159147248,0.10411502231036192,0.25359444719881014,0.1294000991571641,0.2107089737233515,0.1427863163113535,0.23475458601883986,0.2389687654933069,0.11056023797719385,0.0466038671294001,0.040406544372830935,0.053792761527020325,0.0436291522062469,0.14774417451660882,0.20079325731284084,0.08205255329697571,0.041398116013882005,0.18021814576103123,0.04189390183440753,1.0
