,ALIPY_CORESET_GREEDY,ALIPY_DENSITY_WEIGHTED,ALIPY_GRAPH_DENSITY,ALIPY_RANDOM,ALIPY_UNCERTAINTY_LC,ALIPY_UNCERTAINTY_MM,LIBACT_DWUS,LIBACT_QUIRE,LIBACT_UNCERTAINTY_ENT,LIBACT_UNCERTAINTY_LC,LIBACT_UNCERTAINTY_SM,OPTIMAL_GREEDY_10,OPTIMAL_GREEDY_20,PLAYGROUND_BANDIT,PLAYGROUND_GRAPH_DENSITY,PLAYGROUND_INFORMATIVE_DIVERSE,PLAYGROUND_KCENTER_GREEDY,PLAYGROUND_MARGIN,PLAYGROUND_MIXTURE,PLAYGROUND_UNIFORM,SKACTIVEML_COST_EMBEDDING,SKACTIVEML_DAL,SKACTIVEML_DWUS,SKACTIVEML_QBC,SKACTIVEML_QBC_VOTE_ENTROPY,SKACTIVEML_QUIRE,SKACTIVEML_US_ENTROPY,SKACTIVEML_US_LC,SKACTIVEML_US_MARGIN,SMALLTEXT_BREAKINGTIES,SMALLTEXT_CONTRASTIVEAL,SMALLTEXT_EMBEDDINGKMEANS,SMALLTEXT_GREEDYCORESET,SMALLTEXT_LEASTCONFIDENCE,SMALLTEXT_LIGHTWEIGHTCORESET,SMALLTEXT_PREDICTIONENTROPY,SMALLTEXT_RANDOM
ALIPY_CORESET_GREEDY,1.0,0.13187902825979178,0.10089241447694595,0.11155180961824492,0.09147248388696083,0.09519087754090233,0.08180466038671294,0.11204759543877045,0.06048587010411502,0.05800694100148736,0.060981655924640554,0.17625185919682698,0.180466038671294,0.09295984134853744,0.10089241447694595,0.12270699058006941,1.0,0.08775409023301933,0.13212692117005453,0.14774417451660882,0.10882498760535449,0.1494794248884482,0.09593455627169063,0.11551809618244918,0.16881507188894398,0.12270699058006941,0.07387208725830441,0.07833415964303421,0.07486365889935548,0.07486365889935548,0.10213187902825979,0.15790778383738224,0.19261279127416955,0.07907783837382251,0.153941497273178,0.07734258800198314,0.11155180961824492
ALIPY_DENSITY_WEIGHTED,0.13187902825979178,1.0,0.0961824491819534,0.11155180961824492,0.12915220624690135,0.13187902825979178,0.13063956370847793,0.16013882002974714,0.11229548834903322,0.11601388200297472,0.11874070401586515,0.18294496777392166,0.17773921665840356,0.12444224095190877,0.0961824491819534,0.12592959841348536,0.13187902825979178,0.11601388200297472,0.13187902825979178,0.15245413981160139,0.1353495290034705,0.17649975210708974,0.1487357461576599,0.12667327714427368,0.16063460585027267,0.17625185919682698,0.11849281110560238,0.12097174020823004,0.12469013386217154,0.11650966782350025,0.11725334655428855,0.15691621219633117,0.15964303420922163,0.12245909766980664,0.16410510659395142,0.1271690629647992,0.11155180961824492
ALIPY_GRAPH_DENSITY,0.10089241447694595,0.0961824491819534,1.0,0.12667327714427368,0.08254833911750124,0.08750619732275657,0.12369856222112048,0.07957362419434805,0.06593951412989589,0.06445215666831929,0.07709469509172037,0.2020327218641547,0.19856222112047595,0.10163609320773426,1.0,0.11502231036192365,0.10089241447694595,0.08701041150223103,0.12840852751611304,0.18244918195339613,0.10039662865642042,0.15840356965790778,0.13336638572136836,0.14179474467030243,0.18220128904313337,0.09370352007932573,0.06717897868120971,0.06767476450173525,0.07188894397620228,0.07288051561725335,0.10039662865642042,0.1901338621715419,0.153941497273178,0.06717897868120971,0.17625185919682698,0.07064947942488845,0.12667327714427368
ALIPY_RANDOM,0.11155180961824492,0.11155180961824492,0.12667327714427368,1.0,0.09643034209221617,0.10213187902825979,0.11204759543877045,0.09940505701536936,0.07734258800198314,0.07957362419434805,0.08775409023301933,0.2677243430837878,0.26152702032721864,0.12692117005453643,0.12667327714427368,0.15195835399107585,0.11155180961824492,0.11799702528507684,0.17402082300446206,0.23277144273673772,0.12469013386217154,0.20327218641546851,0.11576598909271195,0.16931085770946952,0.23549826474962815,0.12097174020823004,0.08378780366881507,0.08701041150223103,0.09890927119484383,0.08973723351512147,0.11650966782350025,0.23475458601883986,0.13336638572136836,0.08155676747645017,0.21764997521070897,0.08453148239960337,1.0
ALIPY_UNCERTAINTY_LC,0.09147248388696083,0.12915220624690135,0.08254833911750124,0.09643034209221617,1.0,0.7456618740704016,0.08701041150223103,0.0909766980664353,0.13411006445215667,0.16460089241447695,0.12741695587506197,0.16980664352999505,0.16906296479920674,0.18914229053049084,0.08254833911750124,0.13658899355478432,0.09147248388696083,0.21244422409519087,0.17203767972235995,0.15617253346554288,0.1331184928111056,0.15071888943976203,0.12667327714427368,0.11576598909271195,0.14749628160634606,0.12320277640059495,0.15146256817055032,0.18790282597917699,0.1412989588497769,0.22880515617253347,0.10337134357957363,0.14030738720872582,0.12270699058006941,0.35746157659890926,0.15270203272186417,0.2597917699553793,0.09643034209221617
ALIPY_UNCERTAINTY_MM,0.09519087754090233,0.13187902825979178,0.08750619732275657,0.10213187902825979,0.7456618740704016,1.0,0.10039662865642042,0.09494298463063956,0.11948438274665345,0.12543381259295985,0.17997025285076848,0.18740704015865145,0.17674764501735252,0.22359940505701537,0.08750619732275657,0.14030738720872582,0.09519087754090233,0.2783837382250868,0.20128904313336637,0.16782350024789291,0.1308874566187407,0.15666831928606842,0.12989588497768964,0.11923648983639068,0.14898363906792267,0.12345066931085771,0.13138324243926625,0.1368368864650471,0.1774913237481408,0.3596926127912742,0.10758552305404065,0.14923153197818542,0.13063956370847793,0.23128408527516114,0.16187407040158652,0.21046108081308876,0.10213187902825979
LIBACT_DWUS,0.08180466038671294,0.13063956370847793,0.12369856222112048,0.11204759543877045,0.08701041150223103,0.10039662865642042,1.0,0.11502231036192365,0.07560733763014378,0.07387208725830441,0.08824987605354487,0.16881507188894398,0.16187407040158652,0.10634605850272683,0.12369856222112048,0.10237977193852256,0.08180466038671294,0.0991571641051066,0.11452652454139811,0.1487357461576599,0.11303916707982152,0.14402578086266732,0.15617253346554288,0.13807635101636093,0.1685671789786812,0.11774913237481408,0.08106098165592464,0.0805651958353991,0.0924640555280119,0.08329201784828955,0.11948438274665345,0.16931085770946952,0.12320277640059495,0.07337630143777887,0.15121467526028756,0.07709469509172037,0.11204759543877045
LIBACT_QUIRE,0.11204759543877045,0.16013882002974714,0.07957362419434805,0.09940505701536936,0.0909766980664353,0.09494298463063956,0.11502231036192365,1.0,0.06643529995042141,0.06668319286068418,0.07238472979672782,0.14700049578582053,0.15096678235002478,0.08924144769459594,0.07957362419434805,0.0999008428358949,0.11204759543877045,0.08180466038671294,0.11179970252850768,0.13237481408031732,0.09791769955379276,0.1294000991571641,0.11477441745166088,0.11824491819533961,0.1375805651958354,0.1383242439266237,0.07907783837382251,0.08329201784828955,0.08651462568170551,0.07783837382250867,0.11303916707982152,0.13584531482399603,0.13807635101636093,0.07610312345066932,0.12667327714427368,0.08106098165592464,0.09940505701536936
LIBACT_UNCERTAINTY_ENT,0.06048587010411502,0.11229548834903322,0.06593951412989589,0.07734258800198314,0.13411006445215667,0.11948438274665345,0.07560733763014378,0.06643529995042141,1.0,0.7880515617253346,0.7402082300446208,0.12146752602875557,0.11849281110560238,0.10436291522062469,0.06593951412989589,0.13485374318294496,0.06048587010411502,0.09221616261774913,0.09742191373326722,0.11452652454139811,0.11477441745166088,0.11551809618244918,0.10585027268220129,0.09395141298958849,0.12369856222112048,0.09866137828458106,0.1648487853247397,0.1301437778879524,0.10832920178482895,0.15865146256817056,0.07709469509172037,0.11378284581060982,0.10485870104115022,0.17649975210708974,0.11527020327218641,0.22087258304412494,0.07734258800198314
LIBACT_UNCERTAINTY_LC,0.05800694100148736,0.11601388200297472,0.06445215666831929,0.07957362419434805,0.16460089241447695,0.12543381259295985,0.07387208725830441,0.06668319286068418,0.7880515617253346,1.0,0.7669806643529995,0.1271690629647992,0.1271690629647992,0.10312345066931086,0.06445215666831929,0.13882002974714924,0.05800694100148736,0.0991571641051066,0.09494298463063956,0.10882498760535449,0.11130391670798215,0.11477441745166088,0.11477441745166088,0.09593455627169063,0.12543381259295985,0.0932077342588002,0.13361427863163114,0.16831928606841845,0.12345066931085771,0.16782350024789291,0.07783837382250867,0.11006445215666832,0.09816559246405553,0.20674268715914726,0.11725334655428855,0.18443232523549827,0.07957362419434805
LIBACT_UNCERTAINTY_SM,0.060981655924640554,0.11874070401586515,0.07709469509172037,0.08775409023301933,0.12741695587506197,0.17997025285076848,0.08824987605354487,0.07238472979672782,0.7402082300446208,0.7669806643529995,1.0,0.13981160138820029,0.13981160138820029,0.10981655924640556,0.07709469509172037,0.14352999504214178,0.060981655924640554,0.09965294992563213,0.10609816559246406,0.1279127416955875,0.1212196331184928,0.124194348041646,0.12097174020823004,0.10783341596430342,0.1308874566187407,0.09593455627169063,0.11056023797719385,0.11774913237481408,0.16584035696579078,0.21417947446703026,0.08230044620723848,0.12617749132374814,0.10684184432325236,0.16584035696579078,0.1353495290034705,0.16881507188894398,0.08775409023301933
OPTIMAL_GREEDY_10,0.17625185919682698,0.18294496777392166,0.2020327218641547,0.2677243430837878,0.16980664352999505,0.18740704015865145,0.16881507188894398,0.14700049578582053,0.12146752602875557,0.1271690629647992,0.13981160138820029,1.0,0.6286564204263758,0.19583539910758552,0.2020327218641547,0.23574615765989093,0.17625185919682698,0.18220128904313337,0.27640059494298463,0.3594447198810114,0.1841844323252355,0.3158155676747645,0.18517600396628656,0.25409023301933564,0.3696083292017848,0.18368864650470995,0.1494794248884482,0.15319781854238967,0.16757560733763013,0.1536936043629152,0.16460089241447695,0.39390183440753596,0.21764997521070897,0.14005949429846307,0.3329201784828954,0.139067922657412,0.2677243430837878
OPTIMAL_GREEDY_20,0.180466038671294,0.17773921665840356,0.19856222112047595,0.26152702032721864,0.16906296479920674,0.17674764501735252,0.16187407040158652,0.15096678235002478,0.11849281110560238,0.1271690629647992,0.13981160138820029,0.6286564204263758,1.0,0.18914229053049084,0.19856222112047595,0.23128408527516114,0.180466038671294,0.16584035696579078,0.26425384234010907,0.35448686167575605,0.18170550322260784,0.31011403073872085,0.19038175508180466,0.25384234010907286,0.3691125433812593,0.17997025285076848,0.14600892414476946,0.14898363906792267,0.1626177491323748,0.1502231036192365,0.1685671789786812,0.3911750123946455,0.21839365394149726,0.13658899355478432,0.33465542885473476,0.13336638572136836,0.26152702032721864
PLAYGROUND_BANDIT,0.09295984134853744,0.12444224095190877,0.10163609320773426,0.12692117005453643,0.18914229053049084,0.22359940505701537,0.10634605850272683,0.08924144769459594,0.10436291522062469,0.10312345066931086,0.10981655924640556,0.19583539910758552,0.18914229053049084,1.0,0.10163609320773426,0.35845314823996033,0.09295984134853744,0.6559246405552801,0.4053049082796232,0.1812097174020823,0.2449181953396133,0.1722855726326227,0.12047595438770452,0.16187407040158652,0.1782350024789291,0.16881507188894398,0.11725334655428855,0.12146752602875557,0.12692117005453643,0.19881011403073873,0.11080813088745661,0.15790778383738224,0.13510163609320774,0.16608824987605356,0.19335647000495787,0.1650966782350025,0.12692117005453643
PLAYGROUND_GRAPH_DENSITY,0.10089241447694595,0.0961824491819534,1.0,0.12667327714427368,0.08254833911750124,0.08750619732275657,0.12369856222112048,0.07957362419434805,0.06593951412989589,0.06445215666831929,0.07709469509172037,0.2020327218641547,0.19856222112047595,0.10163609320773426,1.0,0.11502231036192365,0.10089241447694595,0.08701041150223103,0.12840852751611304,0.18244918195339613,0.10039662865642042,0.15840356965790778,0.13336638572136836,0.14179474467030243,0.18220128904313337,0.09370352007932573,0.06717897868120971,0.06767476450173525,0.07188894397620228,0.07288051561725335,0.10039662865642042,0.1901338621715419,0.153941497273178,0.06717897868120971,0.17625185919682698,0.07064947942488845,0.12667327714427368
PLAYGROUND_INFORMATIVE_DIVERSE,0.12270699058006941,0.12592959841348536,0.11502231036192365,0.15195835399107585,0.13658899355478432,0.14030738720872582,0.10237977193852256,0.0999008428358949,0.13485374318294496,0.13882002974714924,0.14352999504214178,0.23574615765989093,0.23128408527516114,0.35845314823996033,0.11502231036192365,1.0,0.12270699058006941,0.35770946950917204,0.34357957362419433,0.19757064947942488,0.19410014873574616,0.17997025285076848,0.14600892414476946,0.16162617749132374,0.20897372335151215,0.15493306891422906,0.1368368864650471,0.13708477937530986,0.14823996033713435,0.12469013386217154,0.11601388200297472,0.19261279127416955,0.146504709965295,0.12865642042637582,0.1906296479920674,0.12320277640059495,0.15195835399107585
PLAYGROUND_KCENTER_GREEDY,1.0,0.13187902825979178,0.10089241447694595,0.11155180961824492,0.09147248388696083,0.09519087754090233,0.08180466038671294,0.11204759543877045,0.06048587010411502,0.05800694100148736,0.060981655924640554,0.17625185919682698,0.180466038671294,0.09295984134853744,0.10089241447694595,0.12270699058006941,1.0,0.08775409023301933,0.13212692117005453,0.14774417451660882,0.10882498760535449,0.1494794248884482,0.09593455627169063,0.11551809618244918,0.16881507188894398,0.12270699058006941,0.07387208725830441,0.07833415964303421,0.07486365889935548,0.07486365889935548,0.10213187902825979,0.15790778383738224,0.19261279127416955,0.07907783837382251,0.153941497273178,0.07734258800198314,0.11155180961824492
PLAYGROUND_MARGIN,0.08775409023301933,0.11601388200297472,0.08701041150223103,0.11799702528507684,0.21244422409519087,0.2783837382250868,0.0991571641051066,0.08180466038671294,0.09221616261774913,0.0991571641051066,0.09965294992563213,0.18220128904313337,0.16584035696579078,0.6559246405552801,0.08701041150223103,0.35770946950917204,0.08775409023301933,1.0,0.48934060485870107,0.1685671789786812,0.23277144273673772,0.15518096182449181,0.11675756073376302,0.14823996033713435,0.1576598909271195,0.153941497273178,0.11254338125929599,0.11750123946455131,0.1264253842340109,0.263262270699058,0.10956866633614279,0.1457610312345067,0.13212692117005453,0.20004957858205255,0.16038671294000992,0.18393653941497273,0.11799702528507684
PLAYGROUND_MIXTURE,0.13212692117005453,0.13187902825979178,0.12840852751611304,0.17402082300446206,0.17203767972235995,0.20128904313336637,0.11452652454139811,0.11179970252850768,0.09742191373326722,0.09494298463063956,0.10609816559246406,0.27640059494298463,0.26425384234010907,0.4053049082796232,0.12840852751611304,0.34357957362419433,0.13212692117005453,0.48934060485870107,1.0,0.25632126921170056,0.1856717897868121,0.20674268715914726,0.12369856222112048,0.17575607337630145,0.23599405057015369,0.1487357461576599,0.11923648983639068,0.11874070401586515,0.13510163609320774,0.18542389687654934,0.11973227565691621,0.21690629647992068,0.15691621219633117,0.15617253346554288,0.21417947446703026,0.14377788795240456,0.17402082300446206
PLAYGROUND_UNIFORM,0.14774417451660882,0.15245413981160139,0.18244918195339613,0.23277144273673772,0.15617253346554288,0.16782350024789291,0.1487357461576599,0.13237481408031732,0.11452652454139811,0.10882498760535449,0.1279127416955875,0.3594447198810114,0.35448686167575605,0.1812097174020823,0.18244918195339613,0.19757064947942488,0.14774417451660882,0.1685671789786812,0.25632126921170056,1.0,0.16460089241447695,0.2555775904809122,0.15567674764501735,0.2226078334159643,0.2987109568666336,0.1588993554784333,0.13187902825979178,0.13559742191373328,0.14402578086266732,0.13634110064452157,0.15592464055528013,0.30515617253346555,0.1938522558254834,0.12816063460585028,0.2736737729300942,0.12617749132374814,0.23277144273673772
SKACTIVEML_COST_EMBEDDING,0.10882498760535449,0.1353495290034705,0.10039662865642042,0.12469013386217154,0.1331184928111056,0.1308874566187407,0.11303916707982152,0.09791769955379276,0.11477441745166088,0.11130391670798215,0.1212196331184928,0.1841844323252355,0.18170550322260784,0.2449181953396133,0.10039662865642042,0.19410014873574616,0.10882498760535449,0.23277144273673772,0.1856717897868121,0.16460089241447695,1.0,0.16360932077342588,0.13708477937530986,0.13956370847793753,0.1722855726326227,0.1849281110560238,0.13634110064452157,0.12692117005453643,0.13039167079821518,0.1264253842340109,0.11452652454139811,0.16162617749132374,0.13411006445215667,0.12295488349033218,0.16906296479920674,0.12444224095190877,0.12469013386217154
SKACTIVEML_DAL,0.1494794248884482,0.17649975210708974,0.15840356965790778,0.20327218641546851,0.15071888943976203,0.15666831928606842,0.14402578086266732,0.1294000991571641,0.11551809618244918,0.11477441745166088,0.124194348041646,0.3158155676747645,0.31011403073872085,0.1722855726326227,0.15840356965790778,0.17997025285076848,0.1494794248884482,0.15518096182449181,0.20674268715914726,0.2555775904809122,0.16360932077342588,1.0,0.16782350024789291,0.1938522558254834,0.270699058006941,0.16732771442736738,0.1353495290034705,0.13857213683688646,0.14724838869608328,0.13485374318294496,0.15493306891422906,0.26450173525037185,0.1931085770946951,0.12766484878532475,0.2545860188398612,0.12518591968269707,0.20327218641546851
SKACTIVEML_DWUS,0.09593455627169063,0.1487357461576599,0.13336638572136836,0.11576598909271195,0.12667327714427368,0.12989588497768964,0.15617253346554288,0.11477441745166088,0.10585027268220129,0.11477441745166088,0.12097174020823004,0.18517600396628656,0.19038175508180466,0.12047595438770452,0.13336638572136836,0.14600892414476946,0.09593455627169063,0.11675756073376302,0.12369856222112048,0.15567674764501735,0.13708477937530986,0.16782350024789291,1.0,0.14452156668319285,0.17278135845314824,0.1375805651958354,0.11551809618244918,0.11973227565691621,0.12617749132374814,0.11626177491323748,0.12320277640059495,0.1715418939018344,0.13956370847793753,0.11328705999008429,0.16608824987605356,0.11155180961824492,0.11576598909271195
SKACTIVEML_QBC,0.11551809618244918,0.12667327714427368,0.14179474467030243,0.16931085770946952,0.11576598909271195,0.11923648983639068,0.13807635101636093,0.11824491819533961,0.09395141298958849,0.09593455627169063,0.10783341596430342,0.25409023301933564,0.25384234010907286,0.16187407040158652,0.14179474467030243,0.16162617749132374,0.11551809618244918,0.14823996033713435,0.17575607337630145,0.2226078334159643,0.13956370847793753,0.1938522558254834,0.14452156668319285,1.0,0.23698562221120476,0.14848785324739713,0.10684184432325236,0.10485870104115022,0.11650966782350025,0.11031234506693109,0.13262270699058007,0.22012890431333665,0.14972731779871096,0.09965294992563213,0.20748636588993555,0.10237977193852256,0.16931085770946952
SKACTIVEML_QBC_VOTE_ENTROPY,0.16881507188894398,0.16063460585027267,0.18220128904313337,0.23549826474962815,0.14749628160634606,0.14898363906792267,0.1685671789786812,0.1375805651958354,0.12369856222112048,0.12543381259295985,0.1308874566187407,0.3696083292017848,0.3691125433812593,0.1782350024789291,0.18220128904313337,0.20897372335151215,0.16881507188894398,0.1576598909271195,0.23599405057015369,0.2987109568666336,0.1722855726326227,0.270699058006941,0.17278135845314824,0.23698562221120476,1.0,0.16385721368368864,0.13782845810609817,0.13411006445215667,0.14700049578582053,0.1308874566187407,0.16162617749132374,0.3150718889439762,0.19881011403073873,0.12469013386217154,0.2816063460585027,0.12543381259295985,0.23549826474962815
SKACTIVEML_QUIRE,0.12270699058006941,0.17625185919682698,0.09370352007932573,0.12097174020823004,0.12320277640059495,0.12345066931085771,0.11774913237481408,0.1383242439266237,0.09866137828458106,0.0932077342588002,0.09593455627169063,0.18368864650470995,0.17997025285076848,0.16881507188894398,0.09370352007932573,0.15493306891422906,0.12270699058006941,0.153941497273178,0.1487357461576599,0.1588993554784333,0.1849281110560238,0.16732771442736738,0.1375805651958354,0.14848785324739713,0.16385721368368864,1.0,0.11477441745166088,0.10932077342588002,0.11353495290034706,0.10882498760535449,0.12816063460585028,0.1574119980168567,0.1611303916707982,0.11204759543877045,0.15592464055528013,0.11403073872087258,0.12097174020823004
SKACTIVEML_US_ENTROPY,0.07387208725830441,0.11849281110560238,0.06717897868120971,0.08378780366881507,0.15146256817055032,0.13138324243926625,0.08106098165592464,0.07907783837382251,0.1648487853247397,0.13361427863163114,0.11056023797719385,0.1494794248884482,0.14600892414476946,0.11725334655428855,0.06717897868120971,0.1368368864650471,0.07387208725830441,0.11254338125929599,0.11923648983639068,0.13187902825979178,0.13634110064452157,0.1353495290034705,0.11551809618244918,0.10684184432325236,0.13782845810609817,0.11477441745166088,1.0,0.7900347050074368,0.7446703024293505,0.11130391670798215,0.09419930589985126,0.12518591968269707,0.11452652454139811,0.13361427863163114,0.1331184928111056,0.1782350024789291,0.08378780366881507
SKACTIVEML_US_LC,0.07833415964303421,0.12097174020823004,0.06767476450173525,0.08701041150223103,0.18790282597917699,0.1368368864650471,0.0805651958353991,0.08329201784828955,0.1301437778879524,0.16831928606841845,0.11774913237481408,0.15319781854238967,0.14898363906792267,0.12146752602875557,0.06767476450173525,0.13708477937530986,0.07833415964303421,0.11750123946455131,0.11874070401586515,0.13559742191373328,0.12692117005453643,0.13857213683688646,0.11973227565691621,0.10485870104115022,0.13411006445215667,0.10932077342588002,0.7900347050074368,1.0,0.7654933068914229,0.11675756073376302,0.09568666336142786,0.1264253842340109,0.11328705999008429,0.16807139315815567,0.13807635101636093,0.14030738720872582,0.08701041150223103
SKACTIVEML_US_MARGIN,0.07486365889935548,0.12469013386217154,0.07188894397620228,0.09890927119484383,0.1412989588497769,0.1774913237481408,0.0924640555280119,0.08651462568170551,0.10832920178482895,0.12345066931085771,0.16584035696579078,0.16757560733763013,0.1626177491323748,0.12692117005453643,0.07188894397620228,0.14823996033713435,0.07486365889935548,0.1264253842340109,0.13510163609320774,0.14402578086266732,0.13039167079821518,0.14724838869608328,0.12617749132374814,0.11650966782350025,0.14700049578582053,0.11353495290034706,0.7446703024293505,0.7654933068914229,1.0,0.15865146256817056,0.0917203767972236,0.14030738720872582,0.11601388200297472,0.12543381259295985,0.1494794248884482,0.11328705999008429,0.09890927119484383
SMALLTEXT_BREAKINGTIES,0.07486365889935548,0.11650966782350025,0.07288051561725335,0.08973723351512147,0.22880515617253347,0.3596926127912742,0.08329201784828955,0.07783837382250867,0.15865146256817056,0.16782350024789291,0.21417947446703026,0.1536936043629152,0.1502231036192365,0.19881011403073873,0.07288051561725335,0.12469013386217154,0.07486365889935548,0.263262270699058,0.18542389687654934,0.13634110064452157,0.1264253842340109,0.13485374318294496,0.11626177491323748,0.11031234506693109,0.1308874566187407,0.10882498760535449,0.11130391670798215,0.11675756073376302,0.15865146256817056,1.0,0.090233019335647,0.13559742191373328,0.11056023797719385,0.7535944471988101,0.1412989588497769,0.736737729300942,0.08973723351512147
SMALLTEXT_CONTRASTIVEAL,0.10213187902825979,0.11725334655428855,0.10039662865642042,0.11650966782350025,0.10337134357957363,0.10758552305404065,0.11948438274665345,0.11303916707982152,0.07709469509172037,0.07783837382250867,0.08230044620723848,0.16460089241447695,0.1685671789786812,0.11080813088745661,0.10039662865642042,0.11601388200297472,0.10213187902825979,0.10956866633614279,0.11973227565691621,0.15592464055528013,0.11452652454139811,0.15493306891422906,0.12320277640059495,0.13262270699058007,0.16162617749132374,0.12816063460585028,0.09419930589985126,0.09568666336142786,0.0917203767972236,0.090233019335647,1.0,0.15071888943976203,0.14724838869608328,0.08973723351512147,0.15642042637580567,0.09370352007932573,0.11650966782350025
SMALLTEXT_EMBEDDINGKMEANS,0.15790778383738224,0.15691621219633117,0.1901338621715419,0.23475458601883986,0.14030738720872582,0.14923153197818542,0.16931085770946952,0.13584531482399603,0.11378284581060982,0.11006445215666832,0.12617749132374814,0.39390183440753596,0.3911750123946455,0.15790778383738224,0.1901338621715419,0.19261279127416955,0.15790778383738224,0.1457610312345067,0.21690629647992068,0.30515617253346555,0.16162617749132374,0.26450173525037185,0.1715418939018344,0.22012890431333665,0.3150718889439762,0.1574119980168567,0.12518591968269707,0.1264253842340109,0.14030738720872582,0.13559742191373328,0.15071888943976203,1.0,0.18914229053049084,0.12766484878532475,0.29771938522558256,0.12865642042637582,0.23475458601883986
SMALLTEXT_GREEDYCORESET,0.19261279127416955,0.15964303420922163,0.153941497273178,0.13336638572136836,0.12270699058006941,0.13063956370847793,0.12320277640059495,0.13807635101636093,0.10485870104115022,0.09816559246405553,0.10684184432325236,0.21764997521070897,0.21839365394149726,0.13510163609320774,0.153941497273178,0.146504709965295,0.19261279127416955,0.13212692117005453,0.15691621219633117,0.1938522558254834,0.13411006445215667,0.1931085770946951,0.13956370847793753,0.14972731779871096,0.19881011403073873,0.1611303916707982,0.11452652454139811,0.11328705999008429,0.11601388200297472,0.11056023797719385,0.14724838869608328,0.18914229053049084,1.0,0.11105602379771938,0.1901338621715419,0.11403073872087258,0.13336638572136836
SMALLTEXT_LEASTCONFIDENCE,0.07907783837382251,0.12245909766980664,0.06717897868120971,0.08155676747645017,0.35746157659890926,0.23128408527516114,0.07337630143777887,0.07610312345066932,0.17649975210708974,0.20674268715914726,0.16584035696579078,0.14005949429846307,0.13658899355478432,0.16608824987605356,0.06717897868120971,0.12865642042637582,0.07907783837382251,0.20004957858205255,0.15617253346554288,0.12816063460585028,0.12295488349033218,0.12766484878532475,0.11328705999008429,0.09965294992563213,0.12469013386217154,0.11204759543877045,0.13361427863163114,0.16807139315815567,0.12543381259295985,0.7535944471988101,0.08973723351512147,0.12766484878532475,0.11105602379771938,1.0,0.12617749132374814,0.7788795240456123,0.08155676747645017
SMALLTEXT_LIGHTWEIGHTCORESET,0.153941497273178,0.16410510659395142,0.17625185919682698,0.21764997521070897,0.15270203272186417,0.16187407040158652,0.15121467526028756,0.12667327714427368,0.11527020327218641,0.11725334655428855,0.1353495290034705,0.3329201784828954,0.33465542885473476,0.19335647000495787,0.17625185919682698,0.1906296479920674,0.153941497273178,0.16038671294000992,0.21417947446703026,0.2736737729300942,0.16906296479920674,0.2545860188398612,0.16608824987605356,0.20748636588993555,0.2816063460585027,0.15592464055528013,0.1331184928111056,0.13807635101636093,0.1494794248884482,0.1412989588497769,0.15642042637580567,0.29771938522558256,0.1901338621715419,0.12617749132374814,1.0,0.13039167079821518,0.21764997521070897
SMALLTEXT_PREDICTIONENTROPY,0.07734258800198314,0.1271690629647992,0.07064947942488845,0.08453148239960337,0.2597917699553793,0.21046108081308876,0.07709469509172037,0.08106098165592464,0.22087258304412494,0.18443232523549827,0.16881507188894398,0.139067922657412,0.13336638572136836,0.1650966782350025,0.07064947942488845,0.12320277640059495,0.07734258800198314,0.18393653941497273,0.14377788795240456,0.12617749132374814,0.12444224095190877,0.12518591968269707,0.11155180961824492,0.10237977193852256,0.12543381259295985,0.11403073872087258,0.1782350024789291,0.14030738720872582,0.11328705999008429,0.736737729300942,0.09370352007932573,0.12865642042637582,0.11403073872087258,0.7788795240456123,0.13039167079821518,1.0,0.08453148239960337
SMALLTEXT_RANDOM,0.11155180961824492,0.11155180961824492,0.12667327714427368,1.0,0.09643034209221617,0.10213187902825979,0.11204759543877045,0.09940505701536936,0.07734258800198314,0.07957362419434805,0.08775409023301933,0.2677243430837878,0.26152702032721864,0.12692117005453643,0.12667327714427368,0.15195835399107585,0.11155180961824492,0.11799702528507684,0.17402082300446206,0.23277144273673772,0.12469013386217154,0.20327218641546851,0.11576598909271195,0.16931085770946952,0.23549826474962815,0.12097174020823004,0.08378780366881507,0.08701041150223103,0.09890927119484383,0.08973723351512147,0.11650966782350025,0.23475458601883986,0.13336638572136836,0.08155676747645017,0.21764997521070897,0.08453148239960337,1.0
