,ALIPY_CORESET_GREEDY,ALIPY_DENSITY_WEIGHTED,ALIPY_GRAPH_DENSITY,ALIPY_RANDOM,ALIPY_UNCERTAINTY_LC,ALIPY_UNCERTAINTY_MM,LIBACT_DWUS,LIBACT_QUIRE,LIBACT_UNCERTAINTY_ENT,LIBACT_UNCERTAINTY_LC,LIBACT_UNCERTAINTY_SM,OPTIMAL_GREEDY_10,OPTIMAL_GREEDY_20,PLAYGROUND_BANDIT,PLAYGROUND_GRAPH_DENSITY,PLAYGROUND_INFORMATIVE_DIVERSE,PLAYGROUND_KCENTER_GREEDY,PLAYGROUND_MARGIN,PLAYGROUND_MIXTURE,PLAYGROUND_UNIFORM,SKACTIVEML_COST_EMBEDDING,SKACTIVEML_DAL,SKACTIVEML_DWUS,SKACTIVEML_QBC,SKACTIVEML_QBC_VOTE_ENTROPY,SKACTIVEML_QUIRE,SKACTIVEML_US_ENTROPY,SKACTIVEML_US_LC,SKACTIVEML_US_MARGIN,SMALLTEXT_BREAKINGTIES,SMALLTEXT_CONTRASTIVEAL,SMALLTEXT_EMBEDDINGKMEANS,SMALLTEXT_GREEDYCORESET,SMALLTEXT_LEASTCONFIDENCE,SMALLTEXT_LIGHTWEIGHTCORESET,SMALLTEXT_PREDICTIONENTROPY,SMALLTEXT_RANDOM
ALIPY_CORESET_GREEDY,1.0,0.1338621715418939,0.10262766484878533,0.10485870104115022,0.08701041150223103,0.08601883986117997,0.07709469509172037,0.12320277640059495,0.06420426375805652,0.06246901338621715,0.06519583539910759,0.18170550322260784,0.1797223599405057,0.10114030738720872,0.10262766484878533,0.12816063460585028,1.0,0.09494298463063956,0.1360932077342588,0.1479920674268716,0.11353495290034706,0.15518096182449181,0.1036192364898364,0.1212196331184928,0.15939514129895885,0.1256817055032226,0.07089737233515121,0.07560733763014378,0.07114526524541398,0.07436787307882994,0.10461080813088745,0.15939514129895885,0.1983143282102132,0.07734258800198314,0.15592464055528013,0.07783837382250867,0.10461080813088745
ALIPY_DENSITY_WEIGHTED,0.1338621715418939,1.0,0.09742191373326722,0.10808130887456618,0.13113534952900346,0.1301437778879524,0.12543381259295985,0.17129400099157163,0.11155180961824492,0.11576598909271195,0.12171541893901834,0.17501239464551313,0.17178978681209717,0.1308874566187407,0.09742191373326722,0.13336638572136836,0.1338621715418939,0.11874070401586515,0.13212692117005453,0.16236985622211206,0.14476945959345563,0.17674764501735252,0.1670798215171046,0.1301437778879524,0.15840356965790778,0.1797223599405057,0.12022806147744175,0.11824491819533961,0.12146752602875557,0.12171541893901834,0.12245909766980664,0.1663361427863163,0.1737729300941993,0.12022806147744175,0.16534457114526524,0.12146752602875557,0.10783341596430342
ALIPY_GRAPH_DENSITY,0.10262766484878533,0.09742191373326722,1.0,0.11303916707982152,0.06767476450173525,0.07213683688646505,0.0961824491819534,0.0850272682201289,0.057263262270699056,0.05503222607833416,0.06916212196331185,0.1908775409023302,0.18542389687654934,0.08998512642538424,1.0,0.1028755577590481,0.10262766484878533,0.07907783837382251,0.11824491819533961,0.15865146256817056,0.10262766484878533,0.15567674764501735,0.11898859692612791,0.12890431333663857,0.1628656420426376,0.09419930589985126,0.06519583539910759,0.06767476450173525,0.07064947942488845,0.06792265741199802,0.0991571641051066,0.17674764501735252,0.1626177491323748,0.06470004957858205,0.1648487853247397,0.06643529995042141,0.11303916707982152
ALIPY_RANDOM,0.10485870104115022,0.10808130887456618,0.11303916707982152,1.0,0.08403569657907783,0.08527516113039167,0.09444719881011403,0.10114030738720872,0.07833415964303421,0.07585523054040655,0.08081308874566187,0.24095190877540903,0.236737729300942,0.11254338125929599,0.11303916707982152,0.13708477937530986,0.10485870104115022,0.09890927119484383,0.15642042637580567,0.20872583044124937,0.12221120475954388,0.19162121963311848,0.11006445215666832,0.16559246405552802,0.20748636588993555,0.11477441745166088,0.08106098165592464,0.08676251859196826,0.0887456618740704,0.07808626673277144,0.12295488349033218,0.2092216162617749,0.14352999504214178,0.07436787307882994,0.2055032226078334,0.07411998016856718,0.9997521070897373
ALIPY_UNCERTAINTY_LC,0.08701041150223103,0.13113534952900346,0.06767476450173525,0.08403569657907783,1.0,0.7506197322756569,0.0813088745661874,0.08477937530986614,0.1308874566187407,0.16013882002974714,0.11849281110560238,0.1536936043629152,0.1499752107089737,0.18765493306891423,0.06767476450173525,0.13956370847793753,0.08701041150223103,0.20823004462072384,0.16360932077342588,0.14823996033713435,0.13733267228557264,0.14154685176003967,0.12766484878532475,0.11948438274665345,0.1375805651958354,0.11874070401586515,0.14377788795240456,0.17129400099157163,0.13634110064452157,0.22161626177491323,0.10337134357957363,0.12890431333663857,0.11179970252850768,0.35299950421417947,0.13931581556767478,0.2464055528011899,0.08378780366881507
ALIPY_UNCERTAINTY_MM,0.08601883986117997,0.1301437778879524,0.07213683688646505,0.08527516113039167,0.7506197322756569,1.0,0.09196826970748637,0.08651462568170551,0.10981655924640556,0.11601388200297472,0.16360932077342588,0.16534457114526524,0.16063460585027267,0.21244422409519087,0.07213683688646505,0.14229053049082796,0.08601883986117997,0.26524541398116014,0.1893901834407536,0.15418939018344074,0.1331184928111056,0.1450173525037184,0.1308874566187407,0.12146752602875557,0.14030738720872582,0.11824491819533961,0.11923648983639068,0.12692117005453643,0.17178978681209717,0.3455627169062965,0.10684184432325236,0.13882002974714924,0.11725334655428855,0.21740208230044622,0.1479920674268716,0.19286068418443233,0.0850272682201289
LIBACT_DWUS,0.07709469509172037,0.12543381259295985,0.0961824491819534,0.09444719881011403,0.0813088745661874,0.09196826970748637,1.0,0.11650966782350025,0.06494794248884482,0.06470004957858205,0.07411998016856718,0.13187902825979178,0.12270699058006941,0.09196826970748637,0.0961824491819534,0.09072880515617253,0.07709469509172037,0.08552305404065444,0.0835399107585523,0.11725334655428855,0.10634605850272683,0.13287059990084282,0.15493306891422906,0.12469013386217154,0.14154685176003967,0.11378284581060982,0.06891422905304909,0.06916212196331185,0.07783837382250867,0.06990580069410014,0.11626177491323748,0.15617253346554288,0.12543381259295985,0.06321269211700545,0.1331184928111056,0.06643529995042141,0.09444719881011403
LIBACT_QUIRE,0.12320277640059495,0.17129400099157163,0.0850272682201289,0.10114030738720872,0.08477937530986614,0.08651462568170551,0.11650966782350025,1.0,0.07213683688646505,0.0768468021814576,0.08031730292513634,0.15319781854238967,0.1633614278631631,0.09717402082300446,0.0850272682201289,0.11204759543877045,0.12320277640059495,0.09370352007932573,0.11502231036192365,0.153941497273178,0.11105602379771938,0.1502231036192365,0.13237481408031732,0.13485374318294496,0.14179474467030243,0.15443728309370353,0.08006941001487357,0.08006941001487357,0.08403569657907783,0.07635101636093208,0.1346058502726822,0.15195835399107585,0.14526524541398117,0.07585523054040655,0.14303420922161625,0.07585523054040655,0.10114030738720872
LIBACT_UNCERTAINTY_ENT,0.06420426375805652,0.11155180961824492,0.057263262270699056,0.07833415964303421,0.1308874566187407,0.10981655924640556,0.06494794248884482,0.07213683688646505,1.0,0.7843331680713932,0.7379771938522558,0.11799702528507684,0.11427863163113534,0.09766980664352999,0.057263262270699056,0.13113534952900346,0.06420426375805652,0.0924640555280119,0.09494298463063956,0.10560237977193852,0.10758552305404065,0.10411502231036192,0.11403073872087258,0.08998512642538424,0.11874070401586515,0.0924640555280119,0.16311353495290035,0.12270699058006941,0.09866137828458106,0.14303420922161625,0.0805651958353991,0.10163609320773426,0.1028755577590481,0.16212196331184928,0.10907288051561725,0.20624690133862172,0.07833415964303421
LIBACT_UNCERTAINTY_LC,0.06246901338621715,0.11576598909271195,0.05503222607833416,0.07585523054040655,0.16013882002974714,0.11601388200297472,0.06470004957858205,0.0768468021814576,0.7843331680713932,1.0,0.7630143777887952,0.11849281110560238,0.11353495290034706,0.1036192364898364,0.05503222607833416,0.13063956370847793,0.06246901338621715,0.09742191373326722,0.09667823500247893,0.10237977193852256,0.11204759543877045,0.10609816559246406,0.11551809618244918,0.08205255329697571,0.11898859692612791,0.0872583044124938,0.1264253842340109,0.15939514129895885,0.10882498760535449,0.15096678235002478,0.07957362419434805,0.10882498760535449,0.09866137828458106,0.19211700545364402,0.1036192364898364,0.17302925136341102,0.07560733763014378
LIBACT_UNCERTAINTY_SM,0.06519583539910759,0.12171541893901834,0.06916212196331185,0.08081308874566187,0.11849281110560238,0.16360932077342588,0.07411998016856718,0.08031730292513634,0.7379771938522558,0.7630143777887952,1.0,0.12816063460585028,0.12518591968269707,0.1065939514129896,0.06916212196331185,0.13807635101636093,0.06519583539910759,0.09866137828458106,0.10138820029747149,0.11576598909271195,0.11774913237481408,0.11576598909271195,0.12469013386217154,0.09766980664352999,0.12766484878532475,0.09048091224590976,0.11056023797719385,0.11502231036192365,0.161378284581061,0.1980664352999504,0.08180466038671294,0.11527020327218641,0.1036192364898364,0.14972731779871096,0.11700545364402579,0.14625681705503224,0.0805651958353991
OPTIMAL_GREEDY_10,0.18170550322260784,0.17501239464551313,0.1908775409023302,0.24095190877540903,0.1536936043629152,0.16534457114526524,0.13187902825979178,0.15319781854238967,0.11799702528507684,0.11849281110560238,0.12816063460585028,1.0,0.5951908775409024,0.1797223599405057,0.1908775409023302,0.21740208230044622,0.18170550322260784,0.16212196331184928,0.2530986613782846,0.33886960832920177,0.18145761031234506,0.30143777887952405,0.17426871591472484,0.24739712444224096,0.3262270699058007,0.18443232523549827,0.14030738720872582,0.1442736737729301,0.15121467526028756,0.13212692117005453,0.17030242935052056,0.36514625681705504,0.21641051065939515,0.12245909766980664,0.3165592464055528,0.11874070401586515,0.24070401586514625
OPTIMAL_GREEDY_20,0.1797223599405057,0.17178978681209717,0.18542389687654934,0.236737729300942,0.1499752107089737,0.16063460585027267,0.12270699058006941,0.1633614278631631,0.11427863163113534,0.11353495290034706,0.12518591968269707,0.5951908775409024,1.0,0.18170550322260784,0.18542389687654934,0.2263262270699058,0.1797223599405057,0.16063460585027267,0.2478929102627665,0.3341596430342092,0.1782350024789291,0.3024293505205751,0.17501239464551313,0.244174516608825,0.34258800198314326,0.18021814576103123,0.14105106593951414,0.14105106593951414,0.14600892414476946,0.1353495290034705,0.16881507188894398,0.3624194348041646,0.21591472483886961,0.12692117005453643,0.312097174020823,0.12394645513138325,0.23648983639067922
PLAYGROUND_BANDIT,0.10114030738720872,0.1308874566187407,0.08998512642538424,0.11254338125929599,0.18765493306891423,0.21244422409519087,0.09196826970748637,0.09717402082300446,0.09766980664352999,0.1036192364898364,0.1065939514129896,0.1797223599405057,0.18170550322260784,1.0,0.08998512642538424,0.36489836390679226,0.10114030738720872,0.6509667823500248,0.40629647992067425,0.17625185919682698,0.23996033713435796,0.1588993554784333,0.12047595438770452,0.1517104610808131,0.17178978681209717,0.16831928606841845,0.11774913237481408,0.11700545364402579,0.11973227565691621,0.18765493306891423,0.11700545364402579,0.15195835399107585,0.13882002974714924,0.16038671294000992,0.17352503718393653,0.15691621219633117,0.11229548834903322
PLAYGROUND_GRAPH_DENSITY,0.10262766484878533,0.09742191373326722,1.0,0.11303916707982152,0.06767476450173525,0.07213683688646505,0.0961824491819534,0.0850272682201289,0.057263262270699056,0.05503222607833416,0.06916212196331185,0.1908775409023302,0.18542389687654934,0.08998512642538424,1.0,0.1028755577590481,0.10262766484878533,0.07907783837382251,0.11824491819533961,0.15865146256817056,0.10262766484878533,0.15567674764501735,0.11898859692612791,0.12890431333663857,0.1628656420426376,0.09419930589985126,0.06519583539910759,0.06767476450173525,0.07064947942488845,0.06792265741199802,0.0991571641051066,0.17674764501735252,0.1626177491323748,0.06470004957858205,0.1648487853247397,0.06643529995042141,0.11303916707982152
PLAYGROUND_INFORMATIVE_DIVERSE,0.12816063460585028,0.13336638572136836,0.1028755577590481,0.13708477937530986,0.13956370847793753,0.14229053049082796,0.09072880515617253,0.11204759543877045,0.13113534952900346,0.13063956370847793,0.13807635101636093,0.21740208230044622,0.2263262270699058,0.36489836390679226,0.1028755577590481,1.0,0.12816063460585028,0.35622211204759546,0.34729796727813583,0.19410014873574616,0.19930589985126426,0.1789786812097174,0.13559742191373328,0.15666831928606842,0.20228061477441744,0.15344571145265246,0.12840852751611304,0.13187902825979178,0.14625681705503224,0.12146752602875557,0.11650966782350025,0.18368864650470995,0.15047099652949925,0.11923648983639068,0.18591968269707487,0.11427863163113534,0.1368368864650471
PLAYGROUND_KCENTER_GREEDY,1.0,0.1338621715418939,0.10262766484878533,0.10485870104115022,0.08701041150223103,0.08601883986117997,0.07709469509172037,0.12320277640059495,0.06420426375805652,0.06246901338621715,0.06519583539910759,0.18170550322260784,0.1797223599405057,0.10114030738720872,0.10262766484878533,0.12816063460585028,1.0,0.09494298463063956,0.1360932077342588,0.1479920674268716,0.11353495290034706,0.15518096182449181,0.1036192364898364,0.1212196331184928,0.15939514129895885,0.1256817055032226,0.07089737233515121,0.07560733763014378,0.07114526524541398,0.07436787307882994,0.10461080813088745,0.15939514129895885,0.1983143282102132,0.07734258800198314,0.15592464055528013,0.07783837382250867,0.10461080813088745
PLAYGROUND_MARGIN,0.09494298463063956,0.11874070401586515,0.07907783837382251,0.09890927119484383,0.20823004462072384,0.26524541398116014,0.08552305404065444,0.09370352007932573,0.0924640555280119,0.09742191373326722,0.09866137828458106,0.16212196331184928,0.16063460585027267,0.6509667823500248,0.07907783837382251,0.35622211204759546,0.09494298463063956,1.0,0.48041646008924144,0.15939514129895885,0.22434308378780368,0.14005949429846307,0.10733763014377788,0.13361427863163114,0.15071888943976203,0.1554288547347546,0.10956866633614279,0.11551809618244918,0.12270699058006941,0.2617749132374814,0.10981655924640556,0.131631135349529,0.12518591968269707,0.19955379276152702,0.15195835399107585,0.17873078829945463,0.09866137828458106
PLAYGROUND_MIXTURE,0.1360932077342588,0.13212692117005453,0.11824491819533961,0.15642042637580567,0.16360932077342588,0.1893901834407536,0.0835399107585523,0.11502231036192365,0.09494298463063956,0.09667823500247893,0.10138820029747149,0.2530986613782846,0.2478929102627665,0.40629647992067425,0.11824491819533961,0.34729796727813583,0.1360932077342588,0.48041646008924144,1.0,0.24467030242935053,0.18616757560733763,0.1943480416460089,0.11774913237481408,0.1611303916707982,0.21343579573624194,0.1517104610808131,0.11254338125929599,0.11328705999008429,0.1256817055032226,0.17550818046603867,0.12295488349033218,0.2107089737233515,0.15294992563212692,0.14848785324739713,0.2151710461080813,0.1338621715418939,0.15617253346554288
PLAYGROUND_UNIFORM,0.1479920674268716,0.16236985622211206,0.15865146256817056,0.20872583044124937,0.14823996033713435,0.15418939018344074,0.11725334655428855,0.153941497273178,0.10560237977193852,0.10237977193852256,0.11576598909271195,0.33886960832920177,0.3341596430342092,0.17625185919682698,0.15865146256817056,0.19410014873574616,0.1479920674268716,0.15939514129895885,0.24467030242935053,1.0,0.16980664352999505,0.25632126921170056,0.14848785324739713,0.21541893901834408,0.285572632622707,0.16460089241447695,0.12692117005453643,0.12692117005453643,0.13956370847793753,0.13039167079821518,0.15617253346554288,0.2850768468021815,0.18765493306891423,0.12320277640059495,0.26103123450669313,0.12469013386217154,0.20847793753098662
SKACTIVEML_COST_EMBEDDING,0.11353495290034706,0.14476945959345563,0.10262766484878533,0.12221120475954388,0.13733267228557264,0.1331184928111056,0.10634605850272683,0.11105602379771938,0.10758552305404065,0.11204759543877045,0.11774913237481408,0.18145761031234506,0.1782350024789291,0.23996033713435796,0.10262766484878533,0.19930589985126426,0.11353495290034706,0.22434308378780368,0.18616757560733763,0.16980664352999505,1.0,0.17575607337630145,0.14179474467030243,0.14749628160634606,0.1774913237481408,0.1968269707486366,0.13113534952900346,0.1301437778879524,0.1271690629647992,0.11750123946455131,0.11973227565691621,0.16162617749132374,0.14600892414476946,0.11725334655428855,0.17129400099157163,0.124194348041646,0.12221120475954388
SKACTIVEML_DAL,0.15518096182449181,0.17674764501735252,0.15567674764501735,0.19162121963311848,0.14154685176003967,0.1450173525037184,0.13287059990084282,0.1502231036192365,0.10411502231036192,0.10609816559246406,0.11576598909271195,0.30143777887952405,0.3024293505205751,0.1588993554784333,0.15567674764501735,0.1789786812097174,0.15518096182449181,0.14005949429846307,0.1943480416460089,0.25632126921170056,0.17575607337630145,1.0,0.17699553792761527,0.1980664352999504,0.25756073376301436,0.17055032226078334,0.1271690629647992,0.12816063460585028,0.13411006445215667,0.12989588497768964,0.15865146256817056,0.2530986613782846,0.19509172037679723,0.12766484878532475,0.24590976698066436,0.124194348041646,0.19162121963311848
SKACTIVEML_DWUS,0.1036192364898364,0.1670798215171046,0.11898859692612791,0.11006445215666832,0.12766484878532475,0.1308874566187407,0.15493306891422906,0.13237481408031732,0.11403073872087258,0.11551809618244918,0.12469013386217154,0.17426871591472484,0.17501239464551313,0.12047595438770452,0.11898859692612791,0.13559742191373328,0.1036192364898364,0.10733763014377788,0.11774913237481408,0.14848785324739713,0.14179474467030243,0.17699553792761527,1.0,0.14700049578582053,0.16881507188894398,0.14625681705503224,0.12097174020823004,0.12221120475954388,0.12245909766980664,0.11601388200297472,0.1427863163113535,0.16385721368368864,0.15642042637580567,0.11279127416955875,0.16559246405552802,0.11403073872087258,0.10981655924640556
SKACTIVEML_QBC,0.1212196331184928,0.1301437778879524,0.12890431333663857,0.16559246405552802,0.11948438274665345,0.12146752602875557,0.12469013386217154,0.13485374318294496,0.08998512642538424,0.08205255329697571,0.09766980664352999,0.24739712444224096,0.244174516608825,0.1517104610808131,0.12890431333663857,0.15666831928606842,0.1212196331184928,0.13361427863163114,0.1611303916707982,0.21541893901834408,0.14749628160634606,0.1980664352999504,0.14700049578582053,1.0,0.2270699058006941,0.1611303916707982,0.10163609320773426,0.1028755577590481,0.11403073872087258,0.09890927119484383,0.13361427863163114,0.21095686663361427,0.16385721368368864,0.0932077342588002,0.1938522558254834,0.09419930589985126,0.16559246405552802
SKACTIVEML_QBC_VOTE_ENTROPY,0.15939514129895885,0.15840356965790778,0.1628656420426376,0.20748636588993555,0.1375805651958354,0.14030738720872582,0.14154685176003967,0.14179474467030243,0.11874070401586515,0.11898859692612791,0.12766484878532475,0.3262270699058007,0.34258800198314326,0.17178978681209717,0.1628656420426376,0.20228061477441744,0.15939514129895885,0.15071888943976203,0.21343579573624194,0.285572632622707,0.1774913237481408,0.25756073376301436,0.16881507188894398,0.2270699058006941,1.0,0.17302925136341102,0.13187902825979178,0.12964799206742686,0.13782845810609817,0.12022806147744175,0.16088249876053545,0.28805156172533464,0.20500743678730787,0.12196331184928111,0.2625185919682697,0.11973227565691621,0.2072384729796728
SKACTIVEML_QUIRE,0.1256817055032226,0.1797223599405057,0.09419930589985126,0.11477441745166088,0.11874070401586515,0.11824491819533961,0.11378284581060982,0.15443728309370353,0.0924640555280119,0.0872583044124938,0.09048091224590976,0.18443232523549827,0.18021814576103123,0.16831928606841845,0.09419930589985126,0.15344571145265246,0.1256817055032226,0.1554288547347546,0.1517104610808131,0.16460089241447695,0.1968269707486366,0.17055032226078334,0.14625681705503224,0.1611303916707982,0.17302925136341102,1.0,0.11427863163113534,0.10733763014377788,0.11056023797719385,0.10337134357957363,0.13981160138820029,0.15691621219633117,0.16534457114526524,0.10808130887456618,0.1650966782350025,0.11031234506693109,0.11477441745166088
SKACTIVEML_US_ENTROPY,0.07089737233515121,0.12022806147744175,0.06519583539910759,0.08106098165592464,0.14377788795240456,0.11923648983639068,0.06891422905304909,0.08006941001487357,0.16311353495290035,0.1264253842340109,0.11056023797719385,0.14030738720872582,0.14105106593951414,0.11774913237481408,0.06519583539910759,0.12840852751611304,0.07089737233515121,0.10956866633614279,0.11254338125929599,0.12692117005453643,0.13113534952900346,0.1271690629647992,0.12097174020823004,0.10163609320773426,0.13187902825979178,0.11427863163113534,1.0,0.7843331680713932,0.7394645513138324,0.10262766484878533,0.08750619732275657,0.12444224095190877,0.11378284581060982,0.12667327714427368,0.12394645513138325,0.16881507188894398,0.08081308874566187
SKACTIVEML_US_LC,0.07560733763014378,0.11824491819533961,0.06767476450173525,0.08676251859196826,0.17129400099157163,0.12692117005453643,0.06916212196331185,0.08006941001487357,0.12270699058006941,0.15939514129895885,0.11502231036192365,0.1442736737729301,0.14105106593951414,0.11700545364402579,0.06767476450173525,0.13187902825979178,0.07560733763014378,0.11551809618244918,0.11328705999008429,0.12692117005453643,0.1301437778879524,0.12816063460585028,0.12221120475954388,0.1028755577590481,0.12964799206742686,0.10733763014377788,0.7843331680713932,1.0,0.7580565195835399,0.10907288051561725,0.09271194843827467,0.12543381259295985,0.11378284581060982,0.1588993554784333,0.12444224095190877,0.12741695587506197,0.08651462568170551
SKACTIVEML_US_MARGIN,0.07114526524541398,0.12146752602875557,0.07064947942488845,0.0887456618740704,0.13634110064452157,0.17178978681209717,0.07783837382250867,0.08403569657907783,0.09866137828458106,0.10882498760535449,0.161378284581061,0.15121467526028756,0.14600892414476946,0.11973227565691621,0.07064947942488845,0.14625681705503224,0.07114526524541398,0.12270699058006941,0.1256817055032226,0.13956370847793753,0.1271690629647992,0.13411006445215667,0.12245909766980664,0.11403073872087258,0.13782845810609817,0.11056023797719385,0.7394645513138324,0.7580565195835399,1.0,0.146504709965295,0.08626673277144274,0.13187902825979178,0.11923648983639068,0.11179970252850768,0.13435795736241943,0.10535448686167576,0.08849776896380764
SMALLTEXT_BREAKINGTIES,0.07436787307882994,0.12171541893901834,0.06792265741199802,0.07808626673277144,0.22161626177491323,0.3455627169062965,0.06990580069410014,0.07635101636093208,0.14303420922161625,0.15096678235002478,0.1980664352999504,0.13212692117005453,0.1353495290034705,0.18765493306891423,0.06792265741199802,0.12146752602875557,0.07436787307882994,0.2617749132374814,0.17550818046603867,0.13039167079821518,0.11750123946455131,0.12989588497768964,0.11601388200297472,0.09890927119484383,0.12022806147744175,0.10337134357957363,0.10262766484878533,0.10907288051561725,0.146504709965295,1.0,0.08750619732275657,0.12320277640059495,0.11502231036192365,0.7516113039167079,0.1360932077342588,0.7330193356470005,0.07783837382250867
SMALLTEXT_CONTRASTIVEAL,0.10461080813088745,0.12245909766980664,0.0991571641051066,0.12295488349033218,0.10337134357957363,0.10684184432325236,0.11626177491323748,0.1346058502726822,0.0805651958353991,0.07957362419434805,0.08180466038671294,0.17030242935052056,0.16881507188894398,0.11700545364402579,0.0991571641051066,0.11650966782350025,0.10461080813088745,0.10981655924640556,0.12295488349033218,0.15617253346554288,0.11973227565691621,0.15865146256817056,0.1427863163113535,0.13361427863163114,0.16088249876053545,0.13981160138820029,0.08750619732275657,0.09271194843827467,0.08626673277144274,0.08750619732275657,1.0,0.16534457114526524,0.15617253346554288,0.08775409023301933,0.15865146256817056,0.09568666336142786,0.12295488349033218
SMALLTEXT_EMBEDDINGKMEANS,0.15939514129895885,0.1663361427863163,0.17674764501735252,0.2092216162617749,0.12890431333663857,0.13882002974714924,0.15617253346554288,0.15195835399107585,0.10163609320773426,0.10882498760535449,0.11527020327218641,0.36514625681705504,0.3624194348041646,0.15195835399107585,0.17674764501735252,0.18368864650470995,0.15939514129895885,0.131631135349529,0.2107089737233515,0.2850768468021815,0.16162617749132374,0.2530986613782846,0.16385721368368864,0.21095686663361427,0.28805156172533464,0.15691621219633117,0.12444224095190877,0.12543381259295985,0.13187902825979178,0.12320277640059495,0.16534457114526524,1.0,0.20475954387704512,0.11105602379771938,0.2778879524045612,0.11502231036192365,0.20897372335151215
SMALLTEXT_GREEDYCORESET,0.1983143282102132,0.1737729300941993,0.1626177491323748,0.14352999504214178,0.11179970252850768,0.11725334655428855,0.12543381259295985,0.14526524541398117,0.1028755577590481,0.09866137828458106,0.1036192364898364,0.21641051065939515,0.21591472483886961,0.13882002974714924,0.1626177491323748,0.15047099652949925,0.1983143282102132,0.12518591968269707,0.15294992563212692,0.18765493306891423,0.14600892414476946,0.19509172037679723,0.15642042637580567,0.16385721368368864,0.20500743678730787,0.16534457114526524,0.11378284581060982,0.11378284581060982,0.11923648983639068,0.11502231036192365,0.15617253346554288,0.20475954387704512,1.0,0.11105602379771938,0.20104115022310362,0.11824491819533961,0.14352999504214178
SMALLTEXT_LEASTCONFIDENCE,0.07734258800198314,0.12022806147744175,0.06470004957858205,0.07436787307882994,0.35299950421417947,0.21740208230044622,0.06321269211700545,0.07585523054040655,0.16212196331184928,0.19211700545364402,0.14972731779871096,0.12245909766980664,0.12692117005453643,0.16038671294000992,0.06470004957858205,0.11923648983639068,0.07734258800198314,0.19955379276152702,0.14848785324739713,0.12320277640059495,0.11725334655428855,0.12766484878532475,0.11279127416955875,0.0932077342588002,0.12196331184928111,0.10808130887456618,0.12667327714427368,0.1588993554784333,0.11179970252850768,0.7516113039167079,0.08775409023301933,0.11105602379771938,0.11105602379771938,1.0,0.12369856222112048,0.7711948438274665,0.07411998016856718
SMALLTEXT_LIGHTWEIGHTCORESET,0.15592464055528013,0.16534457114526524,0.1648487853247397,0.2055032226078334,0.13931581556767478,0.1479920674268716,0.1331184928111056,0.14303420922161625,0.10907288051561725,0.1036192364898364,0.11700545364402579,0.3165592464055528,0.312097174020823,0.17352503718393653,0.1648487853247397,0.18591968269707487,0.15592464055528013,0.15195835399107585,0.2151710461080813,0.26103123450669313,0.17129400099157163,0.24590976698066436,0.16559246405552802,0.1938522558254834,0.2625185919682697,0.1650966782350025,0.12394645513138325,0.12444224095190877,0.13435795736241943,0.1360932077342588,0.15865146256817056,0.2778879524045612,0.20104115022310362,0.12369856222112048,1.0,0.12617749132374814,0.20525532969757065
SMALLTEXT_PREDICTIONENTROPY,0.07783837382250867,0.12146752602875557,0.06643529995042141,0.07411998016856718,0.2464055528011899,0.19286068418443233,0.06643529995042141,0.07585523054040655,0.20624690133862172,0.17302925136341102,0.14625681705503224,0.11874070401586515,0.12394645513138325,0.15691621219633117,0.06643529995042141,0.11427863163113534,0.07783837382250867,0.17873078829945463,0.1338621715418939,0.12469013386217154,0.124194348041646,0.124194348041646,0.11403073872087258,0.09419930589985126,0.11973227565691621,0.11031234506693109,0.16881507188894398,0.12741695587506197,0.10535448686167576,0.7330193356470005,0.09568666336142786,0.11502231036192365,0.11824491819533961,0.7711948438274665,0.12617749132374814,1.0,0.07411998016856718
SMALLTEXT_RANDOM,0.10461080813088745,0.10783341596430342,0.11303916707982152,0.9997521070897373,0.08378780366881507,0.0850272682201289,0.09444719881011403,0.10114030738720872,0.07833415964303421,0.07560733763014378,0.0805651958353991,0.24070401586514625,0.23648983639067922,0.11229548834903322,0.11303916707982152,0.1368368864650471,0.10461080813088745,0.09866137828458106,0.15617253346554288,0.20847793753098662,0.12221120475954388,0.19162121963311848,0.10981655924640556,0.16559246405552802,0.2072384729796728,0.11477441745166088,0.08081308874566187,0.08651462568170551,0.08849776896380764,0.07783837382250867,0.12295488349033218,0.20897372335151215,0.14352999504214178,0.07411998016856718,0.20525532969757065,0.07411998016856718,1.0
