,ALIPY_CORESET_GREEDY,ALIPY_DENSITY_WEIGHTED,ALIPY_GRAPH_DENSITY,ALIPY_RANDOM,ALIPY_UNCERTAINTY_LC,ALIPY_UNCERTAINTY_MM,LIBACT_DWUS,LIBACT_QUIRE,LIBACT_UNCERTAINTY_ENT,LIBACT_UNCERTAINTY_LC,LIBACT_UNCERTAINTY_SM,OPTIMAL_GREEDY_10,OPTIMAL_GREEDY_20,PLAYGROUND_BANDIT,PLAYGROUND_GRAPH_DENSITY,PLAYGROUND_INFORMATIVE_DIVERSE,PLAYGROUND_KCENTER_GREEDY,PLAYGROUND_MARGIN,PLAYGROUND_MIXTURE,PLAYGROUND_UNIFORM,SKACTIVEML_COST_EMBEDDING,SKACTIVEML_DAL,SKACTIVEML_DWUS,SKACTIVEML_QBC,SKACTIVEML_QBC_VOTE_ENTROPY,SKACTIVEML_QUIRE,SKACTIVEML_US_ENTROPY,SKACTIVEML_US_LC,SKACTIVEML_US_MARGIN,SMALLTEXT_BREAKINGTIES,SMALLTEXT_CONTRASTIVEAL,SMALLTEXT_EMBEDDINGKMEANS,SMALLTEXT_GREEDYCORESET,SMALLTEXT_LEASTCONFIDENCE,SMALLTEXT_LIGHTWEIGHTCORESET,SMALLTEXT_PREDICTIONENTROPY,SMALLTEXT_RANDOM
ALIPY_CORESET_GREEDY,1.0,0.5922161626177491,0.9868616757560734,0.989340604858701,0.6955875061973228,0.6975706494794249,0.03966286564204264,0.14848785324739713,0.13510163609320774,0.1346058502726822,0.13733267228557264,0.0,0.0,0.3076351016360932,0.9913237481408032,0.6313832424392662,0.995785820525533,0.6276648487853247,0.43182944967773923,0.989340604858701,0.010163609320773426,0.0,0.054784333168071395,0.0,0.0,0.028507684680218144,0.0518096182449182,0.05280118988596926,0.0518096182449182,0.5941993058998513,0.2196331184928111,0.14625681705503224,0.3807635101636093,0.6452652454139811,0.6643529995042142,0.3527516113039167,0.989340604858701
ALIPY_DENSITY_WEIGHTED,0.5922161626177491,1.0,0.5805651958353991,0.6023797719385225,0.8450669310857709,0.8433316807139316,0.16955875061973227,0.19286068418443233,0.17575607337630145,0.1752602875557759,0.17575607337630145,0.001487357461576599,0.0,0.545612295488349,0.5845314823996034,0.846058502726822,0.5924640555280118,0.8435795736241943,0.6043629152206247,0.6023797719385225,0.02478929102627665,0.0,0.10758552305404065,0.012394645513138325,0.0074367873078829945,0.07064947942488845,0.10783341596430342,0.10733763014377788,0.10758552305404065,0.8730788299454636,0.45463559742191373,0.39439762022806146,0.6197322756569162,0.8455627169062965,0.8378780366881508,0.6893901834407536,0.6023797719385225
ALIPY_GRAPH_DENSITY,0.9868616757560734,0.5805651958353991,1.0,0.9771938522558254,0.6839365394149727,0.6854238968765494,0.03991075855230541,0.15220624690133863,0.12741695587506197,0.1264253842340109,0.12816063460585028,0.0,0.0,0.2989588497768964,0.992563212692117,0.6212196331184928,0.9871095686663361,0.6175012394645513,0.4224095190877541,0.9771938522558254,0.010163609320773426,0.0,0.06569162121963312,0.0,0.0,0.028507684680218144,0.06271690629647993,0.06395637084779375,0.06296479920674268,0.5840356965790778,0.22979672781358454,0.14625681705503224,0.3911750123946455,0.6351016360932077,0.6541893901834408,0.3482895389191869,0.9771938522558254
ALIPY_RANDOM,0.989340604858701,0.6023797719385225,0.9771938522558254,1.0,0.7062469013386217,0.7082300446207238,0.03966286564204264,0.14377788795240456,0.13435795736241943,0.13361427863163114,0.13658899355478432,0.0,0.0,0.3076351016360932,0.9816559246405553,0.6420426375805652,0.9895884977689638,0.6383242439266237,0.4370352007932573,1.0,0.010163609320773426,0.0,0.0473475458601884,0.0,0.0,0.028507684680218144,0.0443728309370352,0.0451165096678235,0.044124938026772434,0.6043629152206247,0.21170054536440258,0.14625681705503224,0.3708477937530987,0.6559246405552801,0.6740208230044621,0.3517600396628656,1.0
ALIPY_UNCERTAINTY_LC,0.6955875061973228,0.8450669310857709,0.6839365394149727,0.7062469013386217,1.0,0.9747149231531979,0.1264253842340109,0.19484382746653445,0.16584035696579078,0.1663361427863163,0.16906296479920674,0.0,0.0,0.47595438770451165,0.687902825979177,0.9169558750619732,0.6958353991075855,0.9157164105106594,0.664600892414477,0.7062469013386217,0.014873574615765989,0.0,0.07312840852751612,0.0,0.0,0.06817055032226078,0.06693108577094695,0.06817055032226078,0.06668319286068418,0.8750619732275657,0.4142290530490828,0.33465542885473476,0.6385721368368865,0.9286068418443233,0.9295984134853743,0.5929598413485374,0.7062469013386217
ALIPY_UNCERTAINTY_MM,0.6975706494794249,0.8433316807139316,0.6854238968765494,0.7082300446207238,0.9747149231531979,1.0,0.12444224095190877,0.19410014873574616,0.16460089241447695,0.1648487853247397,0.16782350024789291,0.0,0.0,0.47174020823004464,0.6898859692612791,0.9179474467030243,0.6978185423896877,0.914972731779871,0.6658403569657908,0.7082300446207238,0.01412989588497769,0.0,0.07188894397620228,0.0,0.0,0.06965790778383739,0.06569162121963312,0.06668319286068418,0.06544372830937036,0.8743182944967773,0.41224590976698067,0.33391175012394647,0.6398116013882003,0.9291026276648487,0.9305899851264254,0.5929598413485374,0.7082300446207238
LIBACT_DWUS,0.03966286564204264,0.16955875061973227,0.03991075855230541,0.03966286564204264,0.1264253842340109,0.12444224095190877,1.0,0.02602875557759048,0.0495785820525533,0.04933068914229053,0.0495785820525533,0.007188894397620228,0.00024789291026276647,0.22607833415964304,0.03966286564204264,0.15493306891422906,0.03966286564204264,0.15418939018344074,0.21764997521070897,0.03966286564204264,0.07337630143777887,0.0032226078334159644,0.05503222607833416,0.03173029251363411,0.022310361923648984,0.04164600892414477,0.0532969757064948,0.053792761527020325,0.0532969757064948,0.1588993554784333,0.21244422409519087,0.26846802181457613,0.20327218641546851,0.14749628160634606,0.1360932077342588,0.22756569162121965,0.03966286564204264
LIBACT_QUIRE,0.14848785324739713,0.19286068418443233,0.15220624690133863,0.14377788795240456,0.19484382746653445,0.19410014873574616,0.02602875557759048,1.0,0.008180466038671294,0.008924144769459593,0.007932573128408527,0.0,0.0,0.1499752107089737,0.1517104610808131,0.1931085770946951,0.1479920674268716,0.1938522558254834,0.1626177491323748,0.14377788795240456,0.015865146256817054,0.00842835894893406,0.051313832424392664,0.0,0.0,0.04933068914229053,0.05156172533465543,0.05156172533465543,0.0518096182449182,0.19410014873574616,0.2523549826474963,0.1427863163113535,0.21938522558254833,0.1943480416460089,0.1938522558254834,0.1968269707486366,0.14377788795240456
LIBACT_UNCERTAINTY_ENT,0.13510163609320774,0.17575607337630145,0.12741695587506197,0.13435795736241943,0.16584035696579078,0.16460089241447695,0.0495785820525533,0.008180466038671294,1.0,0.9127416955875062,0.9164600892414477,0.0,0.0,0.3889439762022806,0.1279127416955875,0.18517600396628656,0.13435795736241943,0.1871591472483887,0.3177987109568666,0.13435795736241943,0.0850272682201289,0.07734258800198314,0.7592959841348538,0.0012394645513138325,0.0,0.0007436787307882995,0.7699553792761527,0.7647496281606346,0.7659890927119485,0.21269211700545365,0.19583539910758552,0.1819533961328706,0.3073872087258304,0.17922657411998016,0.16906296479920674,0.30862667327714427,0.13435795736241943
LIBACT_UNCERTAINTY_LC,0.1346058502726822,0.1752602875557759,0.1264253842340109,0.13361427863163114,0.1663361427863163,0.1648487853247397,0.04933068914229053,0.008924144769459593,0.9127416955875062,1.0,0.9211700545364403,0.0,0.0,0.3854734754586019,0.12890431333663857,0.18468021814576102,0.1338621715418939,0.18666336142786316,0.3165592464055528,0.13361427863163114,0.08601883986117997,0.07659890927119484,0.7647496281606346,0.001487357461576599,0.0,0.0004957858205255329,0.7714427367377293,0.7667327714427368,0.7682201289043133,0.21021318790282598,0.19583539910758552,0.17997025285076848,0.3116013882002975,0.17873078829945463,0.16906296479920674,0.30639563708477935,0.13361427863163114
LIBACT_UNCERTAINTY_SM,0.13733267228557264,0.17575607337630145,0.12816063460585028,0.13658899355478432,0.16906296479920674,0.16782350024789291,0.0495785820525533,0.007932573128408527,0.9164600892414477,0.9211700545364403,1.0,0.0,0.0,0.38696083292017847,0.1301437778879524,0.18839861179970252,0.13658899355478432,0.1901338621715419,0.32002974714923155,0.13658899355478432,0.08626673277144274,0.07411998016856718,0.7654933068914229,0.001487357461576599,0.00024789291026276647,0.0007436787307882995,0.7714427367377293,0.7687159147248389,0.7677243430837878,0.214427367377293,0.1938522558254834,0.17873078829945463,0.31036192364898363,0.18220128904313337,0.1722855726326227,0.3071393158155677,0.13658899355478432
OPTIMAL_GREEDY_10,0.0,0.001487357461576599,0.0,0.0,0.0,0.0,0.007188894397620228,0.0,0.0,0.0,0.0,1.0,0.0039662865642042635,0.0,0.0,0.0,0.0,0.0,0.0,0.0,0.0,0.01611303916707982,0.0,0.02949925632126921,0.03891918691125434,0.0,0.0,0.0,0.0,0.0,0.013138324243926624,0.0,0.0,0.0,0.0,0.002478929102627665,0.0
OPTIMAL_GREEDY_20,0.0,0.0,0.0,0.0,0.0,0.0,0.00024789291026276647,0.0,0.0,0.0,0.0,0.0039662865642042635,1.0,0.0,0.0,0.0,0.0,0.0,0.0,0.0,0.002974714923153198,0.002478929102627665,0.0,0.00024789291026276647,0.0,0.0,0.0,0.0,0.0,0.0,0.0007436787307882995,0.0,0.0,0.0,0.0,0.00024789291026276647,0.0
PLAYGROUND_BANDIT,0.3076351016360932,0.545612295488349,0.2989588497768964,0.3076351016360932,0.47595438770451165,0.47174020823004464,0.22607833415964304,0.1499752107089737,0.3889439762022806,0.3854734754586019,0.38696083292017847,0.0,0.0,1.0,0.300446207238473,0.49380267724343085,0.3073872087258304,0.495785820525533,0.7540902330193356,0.3076351016360932,0.08106098165592464,0.0037183936539414973,0.3073872087258304,0.00991571641051066,0.0019831432821021317,0.09766980664352999,0.31284085275161133,0.3135845314823996,0.3135845314823996,0.5347050074367873,0.581804660386713,0.5765989092711948,0.6566683192860684,0.485126425384234,0.4858701041150223,0.7233515121467526,0.3076351016360932
PLAYGROUND_GRAPH_DENSITY,0.9913237481408032,0.5845314823996034,0.992563212692117,0.9816559246405553,0.687902825979177,0.6898859692612791,0.03966286564204264,0.1517104610808131,0.1279127416955875,0.12890431333663857,0.1301437778879524,0.0,0.0,0.300446207238473,1.0,0.6236985622211205,0.9900842835894893,0.619980168567179,0.42414476945959345,0.9816559246405553,0.010163609320773426,0.0,0.062221120475954385,0.0,0.0,0.028507684680218144,0.05924640555280119,0.06048587010411502,0.059494298463063956,0.5865146256817055,0.22657411998016858,0.14625681705503224,0.3882002974714923,0.6375805651958354,0.6566683192860684,0.3480416460089241,0.9816559246405553
PLAYGROUND_INFORMATIVE_DIVERSE,0.6313832424392662,0.846058502726822,0.6212196331184928,0.6420426375805652,0.9169558750619732,0.9179474467030243,0.15493306891422906,0.1931085770946951,0.18517600396628656,0.18468021814576102,0.18839861179970252,0.0,0.0,0.49380267724343085,0.6236985622211205,1.0,0.631631135349529,0.9608329201784829,0.6931085770946951,0.6420426375805652,0.015617253346554288,0.0,0.09147248388696083,0.00024789291026276647,0.0,0.06841844323252355,0.08378780366881507,0.08403569657907783,0.08254833911750124,0.9261279127416956,0.4548834903321765,0.37679722359940504,0.6854238968765494,0.9610808130887457,0.933068914229053,0.6427863163113535,0.6420426375805652
PLAYGROUND_KCENTER_GREEDY,0.995785820525533,0.5924640555280118,0.9871095686663361,0.9895884977689638,0.6958353991075855,0.6978185423896877,0.03966286564204264,0.1479920674268716,0.13435795736241943,0.1338621715418939,0.13658899355478432,0.0,0.0,0.3073872087258304,0.9900842835894893,0.631631135349529,1.0,0.6279127416955875,0.4325731284085275,0.9895884977689638,0.010163609320773426,0.0,0.05453644025780863,0.0,0.0,0.028507684680218144,0.05156172533465543,0.052553296975706494,0.05156172533465543,0.594447198810114,0.21913733267228558,0.14625681705503224,0.3810114030738721,0.645513138324244,0.664600892414477,0.3520079325731284,0.9895884977689638
PLAYGROUND_MARGIN,0.6276648487853247,0.8435795736241943,0.6175012394645513,0.6383242439266237,0.9157164105106594,0.914972731779871,0.15418939018344074,0.1938522558254834,0.1871591472483887,0.18666336142786316,0.1901338621715419,0.0,0.0,0.495785820525533,0.619980168567179,0.9608329201784829,0.6279127416955875,1.0,0.6950917203767972,0.6383242439266237,0.01685671789786812,0.0,0.0932077342588002,0.0,0.0,0.06891422905304909,0.08552305404065444,0.08552305404065444,0.08378780366881507,0.9238968765493307,0.4571145265245414,0.3775409023301934,0.6854238968765494,0.9583539910758553,0.9303420922161626,0.642290530490828,0.6383242439266237
PLAYGROUND_MIXTURE,0.43182944967773923,0.6043629152206247,0.4224095190877541,0.4370352007932573,0.664600892414477,0.6658403569657908,0.21764997521070897,0.1626177491323748,0.3177987109568666,0.3165592464055528,0.32002974714923155,0.0,0.0,0.7540902330193356,0.42414476945959345,0.6931085770946951,0.4325731284085275,0.6950917203767972,1.0,0.4370352007932573,0.0480912245909767,0.0,0.22235994050570154,0.00917203767972236,0.0009915716410510659,0.08552305404065444,0.21492315319781854,0.21690629647992068,0.2151710461080813,0.6606346058502727,0.5696579077838374,0.5426375805651958,0.7684680218145761,0.6829449677739217,0.676251859196827,0.6864154685176004,0.4370352007932573
PLAYGROUND_UNIFORM,0.989340604858701,0.6023797719385225,0.9771938522558254,1.0,0.7062469013386217,0.7082300446207238,0.03966286564204264,0.14377788795240456,0.13435795736241943,0.13361427863163114,0.13658899355478432,0.0,0.0,0.3076351016360932,0.9816559246405553,0.6420426375805652,0.9895884977689638,0.6383242439266237,0.4370352007932573,1.0,0.010163609320773426,0.0,0.0473475458601884,0.0,0.0,0.028507684680218144,0.0443728309370352,0.0451165096678235,0.044124938026772434,0.6043629152206247,0.21170054536440258,0.14625681705503224,0.3708477937530987,0.6559246405552801,0.6740208230044621,0.3517600396628656,1.0
SKACTIVEML_COST_EMBEDDING,0.010163609320773426,0.02478929102627665,0.010163609320773426,0.010163609320773426,0.014873574615765989,0.01412989588497769,0.07337630143777887,0.015865146256817054,0.0850272682201289,0.08601883986117997,0.08626673277144274,0.0,0.002974714923153198,0.08106098165592464,0.010163609320773426,0.015617253346554288,0.010163609320773426,0.01685671789786812,0.0480912245909767,0.010163609320773426,1.0,0.002974714923153198,0.08651462568170551,0.014377788795240456,0.010659395141298959,0.022310361923648984,0.08601883986117997,0.08824987605354487,0.08676251859196826,0.01760039662865642,0.08676251859196826,0.06494794248884482,0.04164600892414477,0.015617253346554288,0.017104610808130888,0.03247397124442241,0.010163609320773426
SKACTIVEML_DAL,0.0,0.0,0.0,0.0,0.0,0.0,0.0032226078334159644,0.00842835894893406,0.07734258800198314,0.07659890927119484,0.07411998016856718,0.01611303916707982,0.002478929102627665,0.0037183936539414973,0.0,0.0,0.0,0.0,0.0,0.0,0.002974714923153198,1.0,0.11824491819533961,0.014377788795240456,0.013138324243926624,0.00024789291026276647,0.12196331184928111,0.12146752602875557,0.11973227565691621,0.00024789291026276647,0.03247397124442241,0.018096182449181954,0.0,0.0,0.0,0.005701536936043629,0.0
SKACTIVEML_DWUS,0.054784333168071395,0.10758552305404065,0.06569162121963312,0.0473475458601884,0.07312840852751612,0.07188894397620228,0.05503222607833416,0.051313832424392664,0.7592959841348538,0.7647496281606346,0.7654933068914229,0.0,0.0,0.3073872087258304,0.062221120475954385,0.09147248388696083,0.05453644025780863,0.0932077342588002,0.22235994050570154,0.0473475458601884,0.08651462568170551,0.11824491819533961,1.0,0.001487357461576599,0.0,0.0009915716410510659,0.8864650470996529,0.8857213683688646,0.8857213683688646,0.12270699058006941,0.27689638076351014,0.2188894397620228,0.28681209717402084,0.08601883986117997,0.07560733763014378,0.25012394645513136,0.0473475458601884
SKACTIVEML_QBC,0.0,0.012394645513138325,0.0,0.0,0.0,0.0,0.03173029251363411,0.0,0.0012394645513138325,0.001487357461576599,0.001487357461576599,0.02949925632126921,0.00024789291026276647,0.00991571641051066,0.0,0.00024789291026276647,0.0,0.0,0.00917203767972236,0.0,0.014377788795240456,0.014377788795240456,0.001487357461576599,1.0,0.7131879028259792,0.0,0.0017352503718393653,0.0019831432821021317,0.002478929102627665,0.0,0.0480912245909767,0.011155180961824492,0.001487357461576599,0.0,0.0,0.016608824987605353,0.0
SKACTIVEML_QBC_VOTE_ENTROPY,0.0,0.0074367873078829945,0.0,0.0,0.0,0.0,0.022310361923648984,0.0,0.0,0.0,0.00024789291026276647,0.03891918691125434,0.0,0.0019831432821021317,0.0,0.0,0.0,0.0,0.0009915716410510659,0.0,0.010659395141298959,0.013138324243926624,0.0,0.7131879028259792,1.0,0.0,0.00024789291026276647,0.0,0.0,0.0,0.04164600892414477,0.008676251859196828,0.00024789291026276647,0.0,0.0,0.00991571641051066,0.0
SKACTIVEML_QUIRE,0.028507684680218144,0.07064947942488845,0.028507684680218144,0.028507684680218144,0.06817055032226078,0.06965790778383739,0.04164600892414477,0.04933068914229053,0.0007436787307882995,0.0004957858205255329,0.0007436787307882995,0.0,0.0,0.09766980664352999,0.028507684680218144,0.06841844323252355,0.028507684680218144,0.06891422905304909,0.08552305404065444,0.028507684680218144,0.022310361923648984,0.00024789291026276647,0.0009915716410510659,0.0,0.0,1.0,0.0007436787307882995,0.0007436787307882995,0.0007436787307882995,0.06841844323252355,0.0768468021814576,0.139067922657412,0.07089737233515121,0.06990580069410014,0.06941001487357462,0.07015369360436291,0.028507684680218144
SKACTIVEML_US_ENTROPY,0.0518096182449182,0.10783341596430342,0.06271690629647993,0.0443728309370352,0.06693108577094695,0.06569162121963312,0.0532969757064948,0.05156172533465543,0.7699553792761527,0.7714427367377293,0.7714427367377293,0.0,0.0,0.31284085275161133,0.05924640555280119,0.08378780366881507,0.05156172533465543,0.08552305404065444,0.21492315319781854,0.0443728309370352,0.08601883986117997,0.12196331184928111,0.8864650470996529,0.0017352503718393653,0.00024789291026276647,0.0007436787307882995,1.0,0.9209221616261775,0.922409519087754,0.11551809618244918,0.2778879524045612,0.21938522558254833,0.2771442736737729,0.07808626673277144,0.06916212196331185,0.25359444719881014,0.0443728309370352
SKACTIVEML_US_LC,0.05280118988596926,0.10733763014377788,0.06395637084779375,0.0451165096678235,0.06817055032226078,0.06668319286068418,0.053792761527020325,0.05156172533465543,0.7647496281606346,0.7667327714427368,0.7687159147248389,0.0,0.0,0.3135845314823996,0.06048587010411502,0.08403569657907783,0.052553296975706494,0.08552305404065444,0.21690629647992068,0.0451165096678235,0.08824987605354487,0.12146752602875557,0.8857213683688646,0.0019831432821021317,0.0,0.0007436787307882995,0.9209221616261775,1.0,0.9179474467030243,0.11551809618244918,0.278135845314824,0.2203767972235994,0.278135845314824,0.07907783837382251,0.06916212196331185,0.25409023301933564,0.0451165096678235
SKACTIVEML_US_MARGIN,0.0518096182449182,0.10758552305404065,0.06296479920674268,0.044124938026772434,0.06668319286068418,0.06544372830937036,0.0532969757064948,0.0518096182449182,0.7659890927119485,0.7682201289043133,0.7677243430837878,0.0,0.0,0.3135845314823996,0.059494298463063956,0.08254833911750124,0.05156172533465543,0.08378780366881507,0.2151710461080813,0.044124938026772434,0.08676251859196826,0.11973227565691621,0.8857213683688646,0.002478929102627665,0.0,0.0007436787307882995,0.922409519087754,0.9179474467030243,1.0,0.11427863163113534,0.27615270203272185,0.2203767972235994,0.2788795240456123,0.07783837382250867,0.06891422905304909,0.25384234010907286,0.044124938026772434
SMALLTEXT_BREAKINGTIES,0.5941993058998513,0.8730788299454636,0.5840356965790778,0.6043629152206247,0.8750619732275657,0.8743182944967773,0.1588993554784333,0.19410014873574616,0.21269211700545365,0.21021318790282598,0.214427367377293,0.0,0.0,0.5347050074367873,0.5865146256817055,0.9261279127416956,0.594447198810114,0.9238968765493307,0.6606346058502727,0.6043629152206247,0.01760039662865642,0.00024789291026276647,0.12270699058006941,0.0,0.0,0.06841844323252355,0.11551809618244918,0.11551809618244918,0.11427863163113534,1.0,0.4595934556271691,0.41001487357461575,0.6881507188894398,0.9211700545364403,0.898116013882003,0.6665840356965791,0.6043629152206247
SMALLTEXT_CONTRASTIVEAL,0.2196331184928111,0.45463559742191373,0.22979672781358454,0.21170054536440258,0.4142290530490828,0.41224590976698067,0.21244422409519087,0.2523549826474963,0.19583539910758552,0.19583539910758552,0.1938522558254834,0.013138324243926624,0.0007436787307882995,0.581804660386713,0.22657411998016858,0.4548834903321765,0.21913733267228558,0.4571145265245414,0.5696579077838374,0.21170054536440258,0.08676251859196826,0.03247397124442241,0.27689638076351014,0.0480912245909767,0.04164600892414477,0.0768468021814576,0.2778879524045612,0.278135845314824,0.27615270203272185,0.4595934556271691,1.0,0.5508180466038671,0.6707982151710461,0.44273673772930094,0.4340604858701041,0.673029251363411,0.21170054536440258
SMALLTEXT_EMBEDDINGKMEANS,0.14625681705503224,0.39439762022806146,0.14625681705503224,0.14625681705503224,0.33465542885473476,0.33391175012394647,0.26846802181457613,0.1427863163113535,0.1819533961328706,0.17997025285076848,0.17873078829945463,0.0,0.0,0.5765989092711948,0.14625681705503224,0.37679722359940504,0.14625681705503224,0.3775409023301934,0.5426375805651958,0.14625681705503224,0.06494794248884482,0.018096182449181954,0.2188894397620228,0.011155180961824492,0.008676251859196828,0.139067922657412,0.21938522558254833,0.2203767972235994,0.2203767972235994,0.41001487357461575,0.5508180466038671,1.0,0.553049082796232,0.368368864650471,0.35299950421417947,0.5542885473475458,0.14625681705503224
SMALLTEXT_GREEDYCORESET,0.3807635101636093,0.6197322756569162,0.3911750123946455,0.3708477937530987,0.6385721368368865,0.6398116013882003,0.20327218641546851,0.21938522558254833,0.3073872087258304,0.3116013882002975,0.31036192364898363,0.0,0.0,0.6566683192860684,0.3882002974714923,0.6854238968765494,0.3810114030738721,0.6854238968765494,0.7684680218145761,0.3708477937530987,0.04164600892414477,0.0,0.28681209717402084,0.001487357461576599,0.00024789291026276647,0.07089737233515121,0.2771442736737729,0.278135845314824,0.2788795240456123,0.6881507188894398,0.6707982151710461,0.553049082796232,1.0,0.6725334655428855,0.6606346058502727,0.7493802677243431,0.3708477937530987
SMALLTEXT_LEASTCONFIDENCE,0.6452652454139811,0.8455627169062965,0.6351016360932077,0.6559246405552801,0.9286068418443233,0.9291026276648487,0.14749628160634606,0.1943480416460089,0.17922657411998016,0.17873078829945463,0.18220128904313337,0.0,0.0,0.485126425384234,0.6375805651958354,0.9610808130887457,0.645513138324244,0.9583539910758553,0.6829449677739217,0.6559246405552801,0.015617253346554288,0.0,0.08601883986117997,0.0,0.0,0.06990580069410014,0.07808626673277144,0.07907783837382251,0.07783837382250867,0.9211700545364403,0.44273673772930094,0.368368864650471,0.6725334655428855,1.0,0.9432325235498265,0.631631135349529,0.6559246405552801
SMALLTEXT_LIGHTWEIGHTCORESET,0.6643529995042142,0.8378780366881508,0.6541893901834408,0.6740208230044621,0.9295984134853743,0.9305899851264254,0.1360932077342588,0.1938522558254834,0.16906296479920674,0.16906296479920674,0.1722855726326227,0.0,0.0,0.4858701041150223,0.6566683192860684,0.933068914229053,0.664600892414477,0.9303420922161626,0.676251859196827,0.6740208230044621,0.017104610808130888,0.0,0.07560733763014378,0.0,0.0,0.06941001487357462,0.06916212196331185,0.06916212196331185,0.06891422905304909,0.898116013882003,0.4340604858701041,0.35299950421417947,0.6606346058502727,0.9432325235498265,1.0,0.6236985622211205,0.6740208230044621
SMALLTEXT_PREDICTIONENTROPY,0.3527516113039167,0.6893901834407536,0.3482895389191869,0.3517600396628656,0.5929598413485374,0.5929598413485374,0.22756569162121965,0.1968269707486366,0.30862667327714427,0.30639563708477935,0.3071393158155677,0.002478929102627665,0.00024789291026276647,0.7233515121467526,0.3480416460089241,0.6427863163113535,0.3520079325731284,0.642290530490828,0.6864154685176004,0.3517600396628656,0.03247397124442241,0.005701536936043629,0.25012394645513136,0.016608824987605353,0.00991571641051066,0.07015369360436291,0.25359444719881014,0.25409023301933564,0.25384234010907286,0.6665840356965791,0.673029251363411,0.5542885473475458,0.7493802677243431,0.631631135349529,0.6236985622211205,1.0,0.3517600396628656
SMALLTEXT_RANDOM,0.989340604858701,0.6023797719385225,0.9771938522558254,1.0,0.7062469013386217,0.7082300446207238,0.03966286564204264,0.14377788795240456,0.13435795736241943,0.13361427863163114,0.13658899355478432,0.0,0.0,0.3076351016360932,0.9816559246405553,0.6420426375805652,0.9895884977689638,0.6383242439266237,0.4370352007932573,1.0,0.010163609320773426,0.0,0.0473475458601884,0.0,0.0,0.028507684680218144,0.0443728309370352,0.0451165096678235,0.044124938026772434,0.6043629152206247,0.21170054536440258,0.14625681705503224,0.3708477937530987,0.6559246405552801,0.6740208230044621,0.3517600396628656,1.0
