,ALIPY_CORESET_GREEDY,ALIPY_DENSITY_WEIGHTED,ALIPY_GRAPH_DENSITY,ALIPY_RANDOM,ALIPY_UNCERTAINTY_LC,ALIPY_UNCERTAINTY_MM,LIBACT_DWUS,LIBACT_QUIRE,LIBACT_UNCERTAINTY_ENT,LIBACT_UNCERTAINTY_LC,LIBACT_UNCERTAINTY_SM,OPTIMAL_GREEDY_10,OPTIMAL_GREEDY_20,PLAYGROUND_BANDIT,PLAYGROUND_GRAPH_DENSITY,PLAYGROUND_INFORMATIVE_DIVERSE,PLAYGROUND_KCENTER_GREEDY,PLAYGROUND_MARGIN,PLAYGROUND_MIXTURE,PLAYGROUND_UNIFORM,SKACTIVEML_COST_EMBEDDING,SKACTIVEML_DAL,SKACTIVEML_DWUS,SKACTIVEML_QBC,SKACTIVEML_QBC_VOTE_ENTROPY,SKACTIVEML_QUIRE,SKACTIVEML_US_ENTROPY,SKACTIVEML_US_LC,SKACTIVEML_US_MARGIN,SMALLTEXT_BREAKINGTIES,SMALLTEXT_CONTRASTIVEAL,SMALLTEXT_EMBEDDINGKMEANS,SMALLTEXT_GREEDYCORESET,SMALLTEXT_LEASTCONFIDENCE,SMALLTEXT_LIGHTWEIGHTCORESET,SMALLTEXT_PREDICTIONENTROPY,SMALLTEXT_RANDOM
ALIPY_CORESET_GREEDY,1.0,0.40803173029251366,0.044124938026772434,0.05156172533465543,0.06767476450173525,0.05800694100148736,0.005205751115518097,0.47917699553792764,0.07114526524541398,0.06346058502726822,0.060981655924640554,0.10312345066931086,0.10609816559246406,0.09717402082300446,0.044124938026772434,0.0850272682201289,1.0,0.07411998016856718,0.0924640555280119,0.1028755577590481,0.15865146256817056,0.15666831928606842,0.0872583044124938,0.10510659395141299,0.0946950917203768,0.18517600396628656,0.07015369360436291,0.05800694100148736,0.05899851264253842,0.04685176003966286,0.19112543381259295,0.13882002974714924,0.40109072880515617,0.053792761527020325,0.15493306891422906,0.06767476450173525,0.051313832424392664
ALIPY_DENSITY_WEIGHTED,0.40803173029251366,1.0,0.03817550818046604,0.043877045116509666,0.14476945959345563,0.1331184928111056,0.025037183936539417,0.5101636093207734,0.12146752602875557,0.1212196331184928,0.11427863163113534,0.10461080813088745,0.10312345066931086,0.1375805651958354,0.03817550818046604,0.14972731779871096,0.40803173029251366,0.12171541893901834,0.10039662865642042,0.0984134853743183,0.17055032226078334,0.12865642042637582,0.13138324243926625,0.0991571641051066,0.09147248388696083,0.2709469509172038,0.1360932077342588,0.12171541893901834,0.11849281110560238,0.10436291522062469,0.17699553792761527,0.09866137828458106,0.3165592464055528,0.11279127416955875,0.15047099652949925,0.12444224095190877,0.0436291522062469
ALIPY_GRAPH_DENSITY,0.044124938026772434,0.03817550818046604,1.0,0.05205751115518096,0.04784333168071393,0.04933068914229053,0.0443728309370352,0.0443728309370352,0.04189390183440753,0.04462072384729797,0.0480912245909767,0.10039662865642042,0.10312345066931086,0.06544372830937036,1.0,0.06445215666831929,0.044124938026772434,0.03991075855230541,0.05701536936043629,0.09940505701536936,0.08601883986117997,0.08750619732275657,0.07411998016856718,0.09395141298958849,0.0946950917203768,0.03247397124442241,0.04561229548834903,0.04610808130887457,0.0480912245909767,0.03767972235994051,0.08378780366881507,0.10485870104115022,0.04015865146256817,0.035696579077838374,0.0969261279127417,0.0384234010907288,0.0518096182449182
ALIPY_RANDOM,0.05156172533465543,0.043877045116509666,0.05205751115518096,1.0,0.04561229548834903,0.0480912245909767,0.06023797719385226,0.04189390183440753,0.04313336638572137,0.043877045116509666,0.04833911750123947,0.21120475954387705,0.21244422409519087,0.10981655924640556,0.05205751115518096,0.09791769955379276,0.05156172533465543,0.06494794248884482,0.10956866633614279,0.22235994050570154,0.1301437778879524,0.1856717897868121,0.10609816559246406,0.19335647000495787,0.22285572632622708,0.06593951412989589,0.04090233019335647,0.03891918691125434,0.044124938026772434,0.03991075855230541,0.12840852751611304,0.18319286068418444,0.10312345066931086,0.039167079821517105,0.17129400099157163,0.044868616757560736,0.9995042141794744
ALIPY_UNCERTAINTY_LC,0.06767476450173525,0.14476945959345563,0.04784333168071393,0.04561229548834903,1.0,0.7595438770451165,0.04115022310361924,0.08824987605354487,0.1931085770946951,0.20128904313336637,0.17625185919682698,0.09717402082300446,0.10436291522062469,0.15493306891422906,0.04784333168071393,0.17129400099157163,0.06767476450173525,0.20699058006941,0.13113534952900346,0.0969261279127417,0.14774417451660882,0.10956866633614279,0.09345562716906297,0.08527516113039167,0.09890927119484383,0.09667823500247893,0.19732275656916212,0.21541893901834408,0.17674764501735252,0.22062469013386218,0.11403073872087258,0.0932077342588002,0.08304412493802678,0.33936539414972733,0.11998016856717898,0.2550818046603867,0.045364402578086264
ALIPY_UNCERTAINTY_MM,0.05800694100148736,0.1331184928111056,0.04933068914229053,0.0480912245909767,0.7595438770451165,1.0,0.043877045116509666,0.08180466038671294,0.1588993554784333,0.16980664352999505,0.1923648983639068,0.10039662865642042,0.10783341596430342,0.161378284581061,0.04933068914229053,0.17674764501735252,0.05800694100148736,0.25632126921170056,0.15790778383738224,0.0999008428358949,0.1442736737729301,0.11874070401586515,0.09593455627169063,0.09295984134853744,0.09940505701536936,0.0894893406048587,0.17327714427367377,0.17798710956866634,0.20525532969757065,0.32126921170054534,0.11303916707982152,0.10163609320773426,0.07659890927119484,0.22359940505701537,0.124194348041646,0.22459097669806644,0.04784333168071393
LIBACT_DWUS,0.005205751115518097,0.025037183936539417,0.0443728309370352,0.06023797719385226,0.04115022310361924,0.043877045116509666,1.0,0.043877045116509666,0.04090233019335647,0.03966286564204264,0.04610808130887457,0.15840356965790778,0.16187407040158652,0.06494794248884482,0.0443728309370352,0.07238472979672782,0.005205751115518097,0.0428854734754586,0.029251363411006447,0.16013882002974714,0.0887456618740704,0.13039167079821518,0.3187902825979177,0.18616757560733763,0.1626177491323748,0.11403073872087258,0.03767972235994051,0.03594447198810114,0.03718393653941497,0.029747149231531978,0.1271690629647992,0.2776400594942985,0.0473475458601884,0.029747149231531978,0.10857709469509172,0.034209221616261776,0.06023797719385226
LIBACT_QUIRE,0.47917699553792764,0.5101636093207734,0.0443728309370352,0.04189390183440753,0.08824987605354487,0.08180466038671294,0.043877045116509666,1.0,0.07808626673277144,0.0768468021814576,0.06717897868120971,0.0961824491819534,0.0969261279127417,0.10312345066931086,0.0443728309370352,0.10213187902825979,0.47917699553792764,0.08230044620723848,0.08081308874566187,0.090233019335647,0.15642042637580567,0.13807635101636093,0.12741695587506197,0.10535448686167576,0.09221616261774913,0.2771442736737729,0.07982151710461081,0.07362419434804164,0.07164105106593951,0.06271690629647993,0.19757064947942488,0.09890927119484383,0.33986117997025284,0.07312840852751612,0.1346058502726822,0.07858205255329698,0.04164600892414477
LIBACT_UNCERTAINTY_ENT,0.07114526524541398,0.12146752602875557,0.04189390183440753,0.04313336638572137,0.1931085770946951,0.1588993554784333,0.04090233019335647,0.07808626673277144,1.0,0.797223599405057,0.7637580565195835,0.09444719881011403,0.09742191373326722,0.13187902825979178,0.04189390183440753,0.1479920674268716,0.07114526524541398,0.1420426375805652,0.09816559246405553,0.0961824491819534,0.11948438274665345,0.10237977193852256,0.08824987605354487,0.08750619732275657,0.09221616261774913,0.08477937530986614,0.19757064947942488,0.17625185919682698,0.1499752107089737,0.15270203272186417,0.11155180961824492,0.08701041150223103,0.08453148239960337,0.1849281110560238,0.11551809618244918,0.21616261774913237,0.0428854734754586
LIBACT_UNCERTAINTY_LC,0.06346058502726822,0.1212196331184928,0.04462072384729797,0.043877045116509666,0.20128904313336637,0.16980664352999505,0.03966286564204264,0.0768468021814576,0.797223599405057,1.0,0.7709469509172038,0.08924144769459594,0.0991571641051066,0.13262270699058007,0.04462072384729797,0.15344571145265246,0.06346058502726822,0.15121467526028756,0.10609816559246406,0.08453148239960337,0.124194348041646,0.10213187902825979,0.08477937530986614,0.08403569657907783,0.0894893406048587,0.08304412493802678,0.17947446703024295,0.1849281110560238,0.15071888943976203,0.16385721368368864,0.10312345066931086,0.08378780366881507,0.07759048091224591,0.20302429350520576,0.1065939514129896,0.20624690133862172,0.0436291522062469
LIBACT_UNCERTAINTY_SM,0.060981655924640554,0.11427863163113534,0.0480912245909767,0.04833911750123947,0.17625185919682698,0.1923648983639068,0.04610808130887457,0.06717897868120971,0.7637580565195835,0.7709469509172038,1.0,0.09866137828458106,0.10634605850272683,0.13956370847793753,0.0480912245909767,0.16162617749132374,0.060981655924640554,0.15319781854238967,0.11105602379771938,0.10089241447694595,0.12543381259295985,0.11105602379771938,0.09221616261774913,0.09568666336142786,0.10312345066931086,0.07411998016856718,0.1494794248884482,0.1554288547347546,0.1819533961328706,0.1906296479920674,0.10089241447694595,0.0961824491819534,0.07213683688646505,0.17104610808130888,0.11576598909271195,0.17550818046603867,0.0480912245909767
OPTIMAL_GREEDY_10,0.10312345066931086,0.10461080813088745,0.10039662865642042,0.21120475954387705,0.09717402082300446,0.10039662865642042,0.15840356965790778,0.0961824491819534,0.09444719881011403,0.08924144769459594,0.09866137828458106,1.0,0.3522558254833912,0.1980664352999504,0.10039662865642042,0.16683192860684184,0.10312345066931086,0.1212196331184928,0.18368864650470995,0.33911750123946455,0.21764997521070897,0.2964799206742687,0.20674268715914726,0.31259295984134855,0.341844323252355,0.12840852751611304,0.08998512642538424,0.08701041150223103,0.09444719881011403,0.08775409023301933,0.21591472483886961,0.3210213187902826,0.1685671789786812,0.08230044620723848,0.2803668815071889,0.0954387704511651,0.21120475954387705
OPTIMAL_GREEDY_20,0.10609816559246406,0.10312345066931086,0.10312345066931086,0.21244422409519087,0.10436291522062469,0.10783341596430342,0.16187407040158652,0.0969261279127417,0.09742191373326722,0.0991571641051066,0.10634605850272683,0.3522558254833912,1.0,0.1943480416460089,0.10312345066931086,0.1745166088249876,0.10609816559246406,0.11799702528507684,0.17302925136341102,0.34209221616261776,0.21988101140307387,0.30441249380267726,0.19955379276152702,0.3143282102131879,0.3306891422905305,0.13262270699058007,0.09890927119484383,0.09568666336142786,0.0991571641051066,0.08453148239960337,0.2131879028259792,0.3187902825979177,0.17203767972235995,0.08601883986117997,0.2949925632126921,0.08775409023301933,0.21219633118492812
PLAYGROUND_BANDIT,0.09717402082300446,0.1375805651958354,0.06544372830937036,0.10981655924640556,0.15493306891422906,0.161378284581061,0.06494794248884482,0.10312345066931086,0.13187902825979178,0.13262270699058007,0.13956370847793753,0.1980664352999504,0.1943480416460089,1.0,0.06544372830937036,0.4216658403569658,0.09717402082300446,0.4184432325235498,0.4365394149727318,0.1968269707486366,0.20897372335151215,0.2057511155180962,0.1279127416955875,0.17625185919682698,0.18616757560733763,0.11898859692612791,0.1264253842340109,0.13435795736241943,0.1405552801189886,0.1353495290034705,0.1789786812097174,0.18145761031234506,0.14600892414476946,0.13212692117005453,0.20798215171046108,0.139067922657412,0.10956866633614279
PLAYGROUND_GRAPH_DENSITY,0.044124938026772434,0.03817550818046604,1.0,0.05205751115518096,0.04784333168071393,0.04933068914229053,0.0443728309370352,0.0443728309370352,0.04189390183440753,0.04462072384729797,0.0480912245909767,0.10039662865642042,0.10312345066931086,0.06544372830937036,1.0,0.06445215666831929,0.044124938026772434,0.03991075855230541,0.05701536936043629,0.09940505701536936,0.08601883986117997,0.08750619732275657,0.07411998016856718,0.09395141298958849,0.0946950917203768,0.03247397124442241,0.04561229548834903,0.04610808130887457,0.0480912245909767,0.03767972235994051,0.08378780366881507,0.10485870104115022,0.04015865146256817,0.035696579077838374,0.0969261279127417,0.0384234010907288,0.0518096182449182
PLAYGROUND_INFORMATIVE_DIVERSE,0.0850272682201289,0.14972731779871096,0.06445215666831929,0.09791769955379276,0.17129400099157163,0.17674764501735252,0.07238472979672782,0.10213187902825979,0.1479920674268716,0.15344571145265246,0.16162617749132374,0.16683192860684184,0.1745166088249876,0.4216658403569658,0.06445215666831929,1.0,0.0850272682201289,0.4189390183440754,0.38745661874070403,0.16311353495290035,0.20426375805651958,0.19732275656916212,0.13138324243926625,0.15716410510659395,0.16683192860684184,0.12741695587506197,0.1536936043629152,0.15617253346554288,0.16236985622211206,0.15617253346554288,0.17327714427367377,0.16881507188894398,0.13882002974714924,0.15443728309370353,0.20599900842835894,0.15716410510659395,0.09766980664352999
PLAYGROUND_KCENTER_GREEDY,1.0,0.40803173029251366,0.044124938026772434,0.05156172533465543,0.06767476450173525,0.05800694100148736,0.005205751115518097,0.47917699553792764,0.07114526524541398,0.06346058502726822,0.060981655924640554,0.10312345066931086,0.10609816559246406,0.09717402082300446,0.044124938026772434,0.0850272682201289,1.0,0.07411998016856718,0.0924640555280119,0.1028755577590481,0.15865146256817056,0.15666831928606842,0.0872583044124938,0.10510659395141299,0.0946950917203768,0.18517600396628656,0.07015369360436291,0.05800694100148736,0.05899851264253842,0.04685176003966286,0.19112543381259295,0.13882002974714924,0.40109072880515617,0.053792761527020325,0.15493306891422906,0.06767476450173525,0.051313832424392664
PLAYGROUND_MARGIN,0.07411998016856718,0.12171541893901834,0.03991075855230541,0.06494794248884482,0.20699058006941,0.25632126921170056,0.0428854734754586,0.08230044620723848,0.1420426375805652,0.15121467526028756,0.15319781854238967,0.1212196331184928,0.11799702528507684,0.4184432325235498,0.03991075855230541,0.4189390183440754,0.07411998016856718,1.0,0.5126425384234011,0.11179970252850768,0.1536936043629152,0.13212692117005453,0.08626673277144274,0.10039662865642042,0.11650966782350025,0.09048091224590976,0.14600892414476946,0.1502231036192365,0.1517104610808131,0.24020823004462072,0.13584531482399603,0.1028755577590481,0.11080813088745661,0.1871591472483887,0.14823996033713435,0.19335647000495787,0.06470004957858205
PLAYGROUND_MIXTURE,0.0924640555280119,0.10039662865642042,0.05701536936043629,0.10956866633614279,0.13113534952900346,0.15790778383738224,0.029251363411006447,0.08081308874566187,0.09816559246405553,0.10609816559246406,0.11105602379771938,0.18368864650470995,0.17302925136341102,0.4365394149727318,0.05701536936043629,0.38745661874070403,0.0924640555280119,0.5126425384234011,1.0,0.17922657411998016,0.17426871591472484,0.2020327218641547,0.09295984134853744,0.15245413981160139,0.15567674764501735,0.09196826970748637,0.10262766484878533,0.09940505701536936,0.10857709469509172,0.1375805651958354,0.15939514129895885,0.16534457114526524,0.13287059990084282,0.11229548834903322,0.19410014873574616,0.11378284581060982,0.10932077342588002
PLAYGROUND_UNIFORM,0.1028755577590481,0.0984134853743183,0.09940505701536936,0.22235994050570154,0.0969261279127417,0.0999008428358949,0.16013882002974714,0.090233019335647,0.0961824491819534,0.08453148239960337,0.10089241447694595,0.33911750123946455,0.34209221616261776,0.1968269707486366,0.09940505701536936,0.16311353495290035,0.1028755577590481,0.11179970252850768,0.17922657411998016,1.0,0.2181457610312345,0.2920178482895389,0.20624690133862172,0.3180466038671294,0.3480416460089241,0.13510163609320774,0.08899355478433317,0.0842835894893406,0.10089241447694595,0.08254833911750124,0.2181457610312345,0.3306891422905305,0.15245413981160139,0.08230044620723848,0.27912741695587506,0.08601883986117997,0.22235994050570154
SKACTIVEML_COST_EMBEDDING,0.15865146256817056,0.17055032226078334,0.08601883986117997,0.1301437778879524,0.14774417451660882,0.1442736737729301,0.0887456618740704,0.15642042637580567,0.11948438274665345,0.124194348041646,0.12543381259295985,0.21764997521070897,0.21988101140307387,0.20897372335151215,0.08601883986117997,0.20426375805651958,0.15865146256817056,0.1536936043629152,0.17426871591472484,0.2181457610312345,1.0,0.2387208725830441,0.15716410510659395,0.19484382746653445,0.21120475954387705,0.17030242935052056,0.11576598909271195,0.11576598909271195,0.12022806147744175,0.1212196331184928,0.19038175508180466,0.20525532969757065,0.1943480416460089,0.12617749132374814,0.23946455131383243,0.13113534952900346,0.12989588497768964
SKACTIVEML_DAL,0.15666831928606842,0.12865642042637582,0.08750619732275657,0.1856717897868121,0.10956866633614279,0.11874070401586515,0.13039167079821518,0.13807635101636093,0.10237977193852256,0.10213187902825979,0.11105602379771938,0.2964799206742687,0.30441249380267726,0.2057511155180962,0.08750619732275657,0.19732275656916212,0.15666831928606842,0.13212692117005453,0.2020327218641547,0.2920178482895389,0.2387208725830441,1.0,0.1886465047099653,0.2818542389687655,0.2967278135845315,0.16162617749132374,0.10535448686167576,0.0991571641051066,0.10857709469509172,0.09370352007932573,0.24169558750619732,0.3071393158155677,0.20104115022310362,0.08626673277144274,0.3108577094695092,0.10138820029747149,0.18542389687654934
SKACTIVEML_DWUS,0.0872583044124938,0.13138324243926625,0.07411998016856718,0.10609816559246406,0.09345562716906297,0.09593455627169063,0.3187902825979177,0.12741695587506197,0.08824987605354487,0.08477937530986614,0.09221616261774913,0.20674268715914726,0.19955379276152702,0.1279127416955875,0.07411998016856718,0.13138324243926625,0.0872583044124938,0.08626673277144274,0.09295984134853744,0.20624690133862172,0.15716410510659395,0.1886465047099653,1.0,0.21864154685176004,0.22062469013386218,0.13187902825979178,0.0894893406048587,0.0917203767972236,0.09271194843827467,0.07436787307882994,0.1722855726326227,0.28309370352007934,0.1264253842340109,0.07387208725830441,0.16683192860684184,0.08230044620723848,0.10609816559246406
SKACTIVEML_QBC,0.10510659395141299,0.0991571641051066,0.09395141298958849,0.19335647000495787,0.08527516113039167,0.09295984134853744,0.18616757560733763,0.10535448686167576,0.08750619732275657,0.08403569657907783,0.09568666336142786,0.31259295984134855,0.3143282102131879,0.17625185919682698,0.09395141298958849,0.15716410510659395,0.10510659395141299,0.10039662865642042,0.15245413981160139,0.3180466038671294,0.19484382746653445,0.2818542389687655,0.21864154685176004,1.0,0.32721864154685176,0.11923648983639068,0.08775409023301933,0.08601883986117997,0.09791769955379276,0.07511155180961825,0.2057511155180962,0.3326722855726326,0.15146256817055032,0.06965790778383739,0.26152702032721864,0.08106098165592464,0.1931085770946951
SKACTIVEML_QBC_VOTE_ENTROPY,0.0946950917203768,0.09147248388696083,0.0946950917203768,0.22285572632622708,0.09890927119484383,0.09940505701536936,0.1626177491323748,0.09221616261774913,0.09221616261774913,0.0894893406048587,0.10312345066931086,0.341844323252355,0.3306891422905305,0.18616757560733763,0.0946950917203768,0.16683192860684184,0.0946950917203768,0.11650966782350025,0.15567674764501735,0.3480416460089241,0.21120475954387705,0.2967278135845315,0.22062469013386218,0.32721864154685176,1.0,0.1212196331184928,0.08849776896380764,0.0894893406048587,0.0961824491819534,0.08601883986117997,0.20277640059494298,0.33614278631631134,0.15964303420922163,0.08180466038671294,0.2697074863658899,0.09419930589985126,0.2226078334159643
SKACTIVEML_QUIRE,0.18517600396628656,0.2709469509172038,0.03247397124442241,0.06593951412989589,0.09667823500247893,0.0894893406048587,0.11403073872087258,0.2771442736737729,0.08477937530986614,0.08304412493802678,0.07411998016856718,0.12840852751611304,0.13262270699058007,0.11898859692612791,0.03247397124442241,0.12741695587506197,0.18517600396628656,0.09048091224590976,0.09196826970748637,0.13510163609320774,0.17030242935052056,0.16162617749132374,0.13187902825979178,0.11923648983639068,0.1212196331184928,1.0,0.08552305404065444,0.08329201784828955,0.08081308874566187,0.06717897868120971,0.16534457114526524,0.12469013386217154,0.22285572632622708,0.07783837382250867,0.16683192860684184,0.08701041150223103,0.06569162121963312
SKACTIVEML_US_ENTROPY,0.07015369360436291,0.1360932077342588,0.04561229548834903,0.04090233019335647,0.19732275656916212,0.17327714427367377,0.03767972235994051,0.07982151710461081,0.19757064947942488,0.17947446703024295,0.1494794248884482,0.08998512642538424,0.09890927119484383,0.1264253842340109,0.04561229548834903,0.1536936043629152,0.07015369360436291,0.14600892414476946,0.10262766484878533,0.08899355478433317,0.11576598909271195,0.10535448686167576,0.0894893406048587,0.08775409023301933,0.08849776896380764,0.08552305404065444,1.0,0.7957362419434805,0.7627664848785325,0.14179474467030243,0.10386712940009915,0.0872583044124938,0.08279623202776401,0.16807139315815567,0.10684184432325236,0.20327218641546851,0.0406544372830937
SKACTIVEML_US_LC,0.05800694100148736,0.12171541893901834,0.04610808130887457,0.03891918691125434,0.21541893901834408,0.17798710956866634,0.03594447198810114,0.07362419434804164,0.17625185919682698,0.1849281110560238,0.1554288547347546,0.08701041150223103,0.09568666336142786,0.13435795736241943,0.04610808130887457,0.15617253346554288,0.05800694100148736,0.1502231036192365,0.09940505701536936,0.0842835894893406,0.11576598909271195,0.0991571641051066,0.0917203767972236,0.08601883986117997,0.0894893406048587,0.08329201784828955,0.7957362419434805,1.0,0.7714427367377293,0.1457610312345067,0.10312345066931086,0.08155676747645017,0.07411998016856718,0.18839861179970252,0.10684184432325236,0.17674764501735252,0.03867129400099157
SKACTIVEML_US_MARGIN,0.05899851264253842,0.11849281110560238,0.0480912245909767,0.044124938026772434,0.17674764501735252,0.20525532969757065,0.03718393653941497,0.07164105106593951,0.1499752107089737,0.15071888943976203,0.1819533961328706,0.09444719881011403,0.0991571641051066,0.1405552801189886,0.0480912245909767,0.16236985622211206,0.05899851264253842,0.1517104610808131,0.10857709469509172,0.10089241447694595,0.12022806147744175,0.10857709469509172,0.09271194843827467,0.09791769955379276,0.0961824491819534,0.08081308874566187,0.7627664848785325,0.7714427367377293,1.0,0.18145761031234506,0.10014873574615767,0.09147248388696083,0.06792265741199802,0.14898363906792267,0.11130391670798215,0.1574119980168567,0.043877045116509666
SMALLTEXT_BREAKINGTIES,0.04685176003966286,0.10436291522062469,0.03767972235994051,0.03991075855230541,0.22062469013386218,0.32126921170054534,0.029747149231531978,0.06271690629647993,0.15270203272186417,0.16385721368368864,0.1906296479920674,0.08775409023301933,0.08453148239960337,0.1353495290034705,0.03767972235994051,0.15617253346554288,0.04685176003966286,0.24020823004462072,0.1375805651958354,0.08254833911750124,0.1212196331184928,0.09370352007932573,0.07436787307882994,0.07511155180961825,0.08601883986117997,0.06717897868120971,0.14179474467030243,0.1457610312345067,0.18145761031234506,1.0,0.0872583044124938,0.07337630143777887,0.07263262270699058,0.7548339117501239,0.10064452156668319,0.7523549826474962,0.03991075855230541
SMALLTEXT_CONTRASTIVEAL,0.19112543381259295,0.17699553792761527,0.08378780366881507,0.12840852751611304,0.11403073872087258,0.11303916707982152,0.1271690629647992,0.19757064947942488,0.11155180961824492,0.10312345066931086,0.10089241447694595,0.21591472483886961,0.2131879028259792,0.1789786812097174,0.08378780366881507,0.17327714427367377,0.19112543381259295,0.13584531482399603,0.15939514129895885,0.2181457610312345,0.19038175508180466,0.24169558750619732,0.1722855726326227,0.2057511155180962,0.20277640059494298,0.16534457114526524,0.10386712940009915,0.10312345066931086,0.10014873574615767,0.0872583044124938,1.0,0.22062469013386218,0.23921665840356965,0.09370352007932573,0.22384729796727815,0.10461080813088745,0.12840852751611304
SMALLTEXT_EMBEDDINGKMEANS,0.13882002974714924,0.09866137828458106,0.10485870104115022,0.18319286068418444,0.0932077342588002,0.10163609320773426,0.2776400594942985,0.09890927119484383,0.08701041150223103,0.08378780366881507,0.0961824491819534,0.3210213187902826,0.3187902825979177,0.18145761031234506,0.10485870104115022,0.16881507188894398,0.13882002974714924,0.1028755577590481,0.16534457114526524,0.3306891422905305,0.20525532969757065,0.3071393158155677,0.28309370352007934,0.3326722855726326,0.33614278631631134,0.12469013386217154,0.0872583044124938,0.08155676747645017,0.09147248388696083,0.07337630143777887,0.22062469013386218,1.0,0.15989092711948438,0.07610312345066932,0.3202776400594943,0.0842835894893406,0.18319286068418444
SMALLTEXT_GREEDYCORESET,0.40109072880515617,0.3165592464055528,0.04015865146256817,0.10312345066931086,0.08304412493802678,0.07659890927119484,0.0473475458601884,0.33986117997025284,0.08453148239960337,0.07759048091224591,0.07213683688646505,0.1685671789786812,0.17203767972235995,0.14600892414476946,0.04015865146256817,0.13882002974714924,0.40109072880515617,0.11080813088745661,0.13287059990084282,0.15245413981160139,0.1943480416460089,0.20104115022310362,0.1264253842340109,0.15146256817055032,0.15964303420922163,0.22285572632622708,0.08279623202776401,0.07411998016856718,0.06792265741199802,0.07263262270699058,0.23921665840356965,0.15989092711948438,1.0,0.07436787307882994,0.20624690133862172,0.0835399107585523,0.1028755577590481
SMALLTEXT_LEASTCONFIDENCE,0.053792761527020325,0.11279127416955875,0.035696579077838374,0.039167079821517105,0.33936539414972733,0.22359940505701537,0.029747149231531978,0.07312840852751612,0.1849281110560238,0.20302429350520576,0.17104610808130888,0.08230044620723848,0.08601883986117997,0.13212692117005453,0.035696579077838374,0.15443728309370353,0.053792761527020325,0.1871591472483887,0.11229548834903322,0.08230044620723848,0.12617749132374814,0.08626673277144274,0.07387208725830441,0.06965790778383739,0.08180466038671294,0.07783837382250867,0.16807139315815567,0.18839861179970252,0.14898363906792267,0.7548339117501239,0.09370352007932573,0.07610312345066932,0.07436787307882994,1.0,0.09890927119484383,0.7925136341100645,0.039167079821517105
SMALLTEXT_LIGHTWEIGHTCORESET,0.15493306891422906,0.15047099652949925,0.0969261279127417,0.17129400099157163,0.11998016856717898,0.124194348041646,0.10857709469509172,0.1346058502726822,0.11551809618244918,0.1065939514129896,0.11576598909271195,0.2803668815071889,0.2949925632126921,0.20798215171046108,0.0969261279127417,0.20599900842835894,0.15493306891422906,0.14823996033713435,0.19410014873574616,0.27912741695587506,0.23946455131383243,0.3108577094695092,0.16683192860684184,0.26152702032721864,0.2697074863658899,0.16683192860684184,0.10684184432325236,0.10684184432325236,0.11130391670798215,0.10064452156668319,0.22384729796727815,0.3202776400594943,0.20624690133862172,0.09890927119484383,1.0,0.10114030738720872,0.17129400099157163
SMALLTEXT_PREDICTIONENTROPY,0.06767476450173525,0.12444224095190877,0.0384234010907288,0.044868616757560736,0.2550818046603867,0.22459097669806644,0.034209221616261776,0.07858205255329698,0.21616261774913237,0.20624690133862172,0.17550818046603867,0.0954387704511651,0.08775409023301933,0.139067922657412,0.0384234010907288,0.15716410510659395,0.06767476450173525,0.19335647000495787,0.11378284581060982,0.08601883986117997,0.13113534952900346,0.10138820029747149,0.08230044620723848,0.08106098165592464,0.09419930589985126,0.08701041150223103,0.20327218641546851,0.17674764501735252,0.1574119980168567,0.7523549826474962,0.10461080813088745,0.0842835894893406,0.0835399107585523,0.7925136341100645,0.10114030738720872,1.0,0.044868616757560736
SMALLTEXT_RANDOM,0.051313832424392664,0.0436291522062469,0.0518096182449182,0.9995042141794744,0.045364402578086264,0.04784333168071393,0.06023797719385226,0.04164600892414477,0.0428854734754586,0.0436291522062469,0.0480912245909767,0.21120475954387705,0.21219633118492812,0.10956866633614279,0.0518096182449182,0.09766980664352999,0.051313832424392664,0.06470004957858205,0.10932077342588002,0.22235994050570154,0.12989588497768964,0.18542389687654934,0.10609816559246406,0.1931085770946951,0.2226078334159643,0.06569162121963312,0.0406544372830937,0.03867129400099157,0.043877045116509666,0.03991075855230541,0.12840852751611304,0.18319286068418444,0.1028755577590481,0.039167079821517105,0.17129400099157163,0.044868616757560736,1.0
