,ALIPY_CORESET_GREEDY,ALIPY_DENSITY_WEIGHTED,ALIPY_GRAPH_DENSITY,ALIPY_RANDOM,ALIPY_UNCERTAINTY_LC,ALIPY_UNCERTAINTY_MM,LIBACT_DWUS,LIBACT_QUIRE,LIBACT_UNCERTAINTY_ENT,LIBACT_UNCERTAINTY_LC,LIBACT_UNCERTAINTY_SM,OPTIMAL_GREEDY_10,OPTIMAL_GREEDY_20,PLAYGROUND_BANDIT,PLAYGROUND_GRAPH_DENSITY,PLAYGROUND_INFORMATIVE_DIVERSE,PLAYGROUND_KCENTER_GREEDY,PLAYGROUND_MARGIN,PLAYGROUND_MIXTURE,PLAYGROUND_UNIFORM,SKACTIVEML_COST_EMBEDDING,SKACTIVEML_DAL,SKACTIVEML_DWUS,SKACTIVEML_QBC,SKACTIVEML_QBC_VOTE_ENTROPY,SKACTIVEML_QUIRE,SKACTIVEML_US_ENTROPY,SKACTIVEML_US_LC,SKACTIVEML_US_MARGIN,SMALLTEXT_BREAKINGTIES,SMALLTEXT_CONTRASTIVEAL,SMALLTEXT_EMBEDDINGKMEANS,SMALLTEXT_GREEDYCORESET,SMALLTEXT_LEASTCONFIDENCE,SMALLTEXT_LIGHTWEIGHTCORESET,SMALLTEXT_PREDICTIONENTROPY,SMALLTEXT_RANDOM
ALIPY_CORESET_GREEDY,1.0,0.146504709965295,0.10882498760535449,0.11750123946455131,0.0991571641051066,0.09791769955379276,0.07089737233515121,0.13336638572136836,0.06172533465542886,0.06122954883490332,0.06246901338621715,0.19657907783837383,0.1945959345562717,0.11378284581060982,0.10882498760535449,0.13336638572136836,1.0,0.10014873574615767,0.1375805651958354,0.16038671294000992,0.13733267228557264,0.14724838869608328,0.10089241447694595,0.12592959841348536,0.15691621219633117,0.13361427863163114,0.08626673277144274,0.09122459097669806,0.08775409023301933,0.07585523054040655,0.10262766484878533,0.14452156668319285,0.19881011403073873,0.07535944471988101,0.1611303916707982,0.07436787307882994,0.11750123946455131
ALIPY_DENSITY_WEIGHTED,0.146504709965295,1.0,0.10808130887456618,0.11254338125929599,0.139067922657412,0.139067922657412,0.10882498760535449,0.17352503718393653,0.10758552305404065,0.11328705999008429,0.11179970252850768,0.20674268715914726,0.1980664352999504,0.15195835399107585,0.10808130887456618,0.15096678235002478,0.146504709965295,0.13411006445215667,0.1450173525037184,0.17773921665840356,0.15964303420922163,0.17278135845314824,0.1457610312345067,0.1383242439266237,0.1700545364402578,0.18443232523549827,0.12320277640059495,0.12469013386217154,0.12295488349033218,0.1301437778879524,0.1301437778879524,0.15121467526028756,0.17699553792761527,0.12592959841348536,0.17104610808130888,0.13262270699058007,0.11254338125929599
ALIPY_GRAPH_DENSITY,0.10882498760535449,0.10808130887456618,1.0,0.13336638572136836,0.08998512642538424,0.09419930589985126,0.10932077342588002,0.090233019335647,0.06544372830937036,0.06271690629647993,0.07015369360436291,0.20029747149231533,0.20451165096678234,0.10064452156668319,1.0,0.11650966782350025,0.10882498760535449,0.0887456618740704,0.12692117005453643,0.17699553792761527,0.11452652454139811,0.16360932077342588,0.12072384729796728,0.1346058502726822,0.16757560733763013,0.10188398611799702,0.06767476450173525,0.07188894397620228,0.08006941001487357,0.08106098165592464,0.1028755577590481,0.15815567674764502,0.161378284581061,0.07436787307882994,0.16360932077342588,0.07610312345066932,0.13336638572136836
ALIPY_RANDOM,0.11750123946455131,0.11254338125929599,0.13336638572136836,1.0,0.10188398611799702,0.10882498760535449,0.1036192364898364,0.11750123946455131,0.08601883986117997,0.08031730292513634,0.09295984134853744,0.2677243430837878,0.2702032721864155,0.13063956370847793,0.13336638572136836,0.15518096182449181,0.11750123946455131,0.1212196331184928,0.17104610808130888,0.23054040654437283,0.13882002974714924,0.21170054536440258,0.12369856222112048,0.17997025285076848,0.22087258304412494,0.13262270699058007,0.09395141298958849,0.09221616261774913,0.10708973723351513,0.0924640555280119,0.14030738720872582,0.21938522558254833,0.17178978681209717,0.09196826970748637,0.22012890431333665,0.08750619732275657,1.0
ALIPY_UNCERTAINTY_LC,0.0991571641051066,0.139067922657412,0.08998512642538424,0.10188398611799702,1.0,0.7508676251859197,0.0946950917203768,0.11403073872087258,0.13237481408031732,0.16410510659395142,0.12345066931085771,0.17625185919682698,0.1812097174020823,0.1906296479920674,0.08998512642538424,0.14154685176003967,0.0991571641051066,0.21616261774913237,0.17997025285076848,0.17129400099157163,0.15592464055528013,0.14923153197818542,0.12766484878532475,0.1383242439266237,0.15790778383738224,0.1368368864650471,0.16608824987605356,0.19137332672285573,0.15518096182449181,0.23549826474962815,0.12394645513138325,0.1331184928111056,0.13634110064452157,0.360932077342588,0.15220624690133863,0.26127912741695586,0.10188398611799702
ALIPY_UNCERTAINTY_MM,0.09791769955379276,0.139067922657412,0.09419930589985126,0.10882498760535449,0.7508676251859197,1.0,0.10262766484878533,0.11179970252850768,0.11179970252850768,0.11799702528507684,0.16435299950421417,0.18517600396628656,0.1893901834407536,0.21021318790282598,0.09419930589985126,0.14625681705503224,0.09791769955379276,0.278135845314824,0.20798215171046108,0.17426871591472484,0.15344571145265246,0.15567674764501735,0.13956370847793753,0.14551313832424392,0.16088249876053545,0.131631135349529,0.1479920674268716,0.14749628160634606,0.1901338621715419,0.3522558254833912,0.12221120475954388,0.1450173525037184,0.14105106593951414,0.2315319781854239,0.16608824987605356,0.20996529499256322,0.10882498760535449
LIBACT_DWUS,0.07089737233515121,0.10882498760535449,0.10932077342588002,0.1036192364898364,0.0946950917203768,0.10262766484878533,1.0,0.10808130887456618,0.07907783837382251,0.07932573128408528,0.08701041150223103,0.17203767972235995,0.1752602875557759,0.10882498760535449,0.10932077342588002,0.10213187902825979,0.07089737233515121,0.09370352007932573,0.10485870104115022,0.1479920674268716,0.11849281110560238,0.13187902825979178,0.11948438274665345,0.1353495290034705,0.14551313832424392,0.11006445215666832,0.0805651958353991,0.07957362419434805,0.0872583044124938,0.08651462568170551,0.11204759543877045,0.1457610312345067,0.12518591968269707,0.08254833911750124,0.139067922657412,0.08304412493802678,0.1036192364898364
LIBACT_QUIRE,0.13336638572136836,0.17352503718393653,0.090233019335647,0.11750123946455131,0.11403073872087258,0.11179970252850768,0.10808130887456618,1.0,0.08378780366881507,0.0850272682201289,0.0887456618740704,0.1700545364402578,0.1745166088249876,0.11031234506693109,0.090233019335647,0.12196331184928111,0.13336638572136836,0.10634605850272683,0.12617749132374814,0.15642042637580567,0.12196331184928111,0.15071888943976203,0.11700545364402579,0.13931581556767478,0.15319781854238967,0.14823996033713435,0.0887456618740704,0.08676251859196826,0.09271194843827467,0.0932077342588002,0.1360932077342588,0.13981160138820029,0.14675260287555775,0.09444719881011403,0.1420426375805652,0.09295984134853744,0.11750123946455131
LIBACT_UNCERTAINTY_ENT,0.06172533465542886,0.10758552305404065,0.06544372830937036,0.08601883986117997,0.13237481408031732,0.11179970252850768,0.07907783837382251,0.08378780366881507,1.0,0.7930094199305899,0.7421913733267228,0.1427863163113535,0.13857213683688646,0.10808130887456618,0.06544372830937036,0.14551313832424392,0.06172533465542886,0.09643034209221617,0.09766980664352999,0.11576598909271195,0.1279127416955875,0.11650966782350025,0.11948438274665345,0.10684184432325236,0.12890431333663857,0.0999008428358949,0.16559246405552802,0.1279127416955875,0.11477441745166088,0.1611303916707982,0.08775409023301933,0.10585027268220129,0.09940505701536936,0.18294496777392166,0.12072384729796728,0.22954883490332176,0.08601883986117997
LIBACT_UNCERTAINTY_LC,0.06122954883490332,0.11328705999008429,0.06271690629647993,0.08031730292513634,0.16410510659395142,0.11799702528507684,0.07932573128408528,0.0850272682201289,0.7930094199305899,1.0,0.7677243430837878,0.13956370847793753,0.1331184928111056,0.11006445215666832,0.06271690629647993,0.1450173525037184,0.06122954883490332,0.10461080813088745,0.09866137828458106,0.11700545364402579,0.1301437778879524,0.11849281110560238,0.12146752602875557,0.10808130887456618,0.12320277640059495,0.10337134357957363,0.13807635101636093,0.16360932077342588,0.12196331184928111,0.16931085770946952,0.09419930589985126,0.10609816559246406,0.0969261279127417,0.2188894397620228,0.12320277640059495,0.1943480416460089,0.08031730292513634
LIBACT_UNCERTAINTY_SM,0.06246901338621715,0.11179970252850768,0.07015369360436291,0.09295984134853744,0.12345066931085771,0.16435299950421417,0.08701041150223103,0.0887456618740704,0.7421913733267228,0.7677243430837878,1.0,0.15121467526028756,0.15245413981160139,0.11155180961824492,0.07015369360436291,0.14749628160634606,0.06246901338621715,0.10684184432325236,0.10262766484878533,0.12766484878532475,0.1360932077342588,0.1271690629647992,0.13063956370847793,0.11750123946455131,0.13212692117005453,0.1028755577590481,0.11452652454139811,0.11849281110560238,0.16584035696579078,0.21839365394149726,0.0969261279127417,0.11378284581060982,0.10262766484878533,0.17426871591472484,0.1331184928111056,0.16980664352999505,0.09295984134853744
OPTIMAL_GREEDY_10,0.19657907783837383,0.20674268715914726,0.20029747149231533,0.2677243430837878,0.17625185919682698,0.18517600396628656,0.17203767972235995,0.1700545364402578,0.1427863163113535,0.13956370847793753,0.15121467526028756,1.0,0.5728805156172534,0.1998016856717898,0.20029747149231533,0.23648983639067922,0.19657907783837383,0.17203767972235995,0.26003966286564206,0.32796232027764005,0.19509172037679723,0.32126921170054534,0.18988596926127913,0.26797223599405057,0.33564700049578583,0.18839861179970252,0.16534457114526524,0.1611303916707982,0.1812097174020823,0.161378284581061,0.19633118492811105,0.3411006445215667,0.24962816063460586,0.15071888943976203,0.3296975706494794,0.15096678235002478,0.2677243430837878
OPTIMAL_GREEDY_20,0.1945959345562717,0.1980664352999504,0.20451165096678234,0.2702032721864155,0.1812097174020823,0.1893901834407536,0.1752602875557759,0.1745166088249876,0.13857213683688646,0.1331184928111056,0.15245413981160139,0.5728805156172534,1.0,0.1968269707486366,0.20451165096678234,0.24070401586514625,0.1945959345562717,0.17575607337630145,0.2630143777887952,0.3408527516113039,0.19558750619732276,0.3135845314823996,0.19484382746653445,0.2692117005453644,0.33837382250867626,0.19410014873574616,0.16683192860684184,0.1700545364402578,0.1826970748636589,0.1626177491323748,0.21021318790282598,0.35027268220128904,0.25012394645513136,0.14923153197818542,0.33490332176499754,0.15518096182449181,0.2702032721864155
PLAYGROUND_BANDIT,0.11378284581060982,0.15195835399107585,0.10064452156668319,0.13063956370847793,0.1906296479920674,0.21021318790282598,0.10882498760535449,0.11031234506693109,0.10808130887456618,0.11006445215666832,0.11155180961824492,0.1998016856717898,0.1968269707486366,1.0,0.10064452156668319,0.3673772930094199,0.11378284581060982,0.6313832424392662,0.39687654933068917,0.18815071888943977,0.2704511650966782,0.18071393158155677,0.139067922657412,0.17129400099157163,0.18393653941497273,0.1745166088249876,0.14229053049082796,0.14551313832424392,0.14848785324739713,0.18591968269707487,0.13435795736241943,0.15815567674764502,0.1588993554784333,0.16881507188894398,0.1797223599405057,0.16732771442736738,0.13063956370847793
PLAYGROUND_GRAPH_DENSITY,0.10882498760535449,0.10808130887456618,1.0,0.13336638572136836,0.08998512642538424,0.09419930589985126,0.10932077342588002,0.090233019335647,0.06544372830937036,0.06271690629647993,0.07015369360436291,0.20029747149231533,0.20451165096678234,0.10064452156668319,1.0,0.11650966782350025,0.10882498760535449,0.0887456618740704,0.12692117005453643,0.17699553792761527,0.11452652454139811,0.16360932077342588,0.12072384729796728,0.1346058502726822,0.16757560733763013,0.10188398611799702,0.06767476450173525,0.07188894397620228,0.08006941001487357,0.08106098165592464,0.1028755577590481,0.15815567674764502,0.161378284581061,0.07436787307882994,0.16360932077342588,0.07610312345066932,0.13336638572136836
PLAYGROUND_INFORMATIVE_DIVERSE,0.13336638572136836,0.15096678235002478,0.11650966782350025,0.15518096182449181,0.14154685176003967,0.14625681705503224,0.10213187902825979,0.12196331184928111,0.14551313832424392,0.1450173525037184,0.14749628160634606,0.23648983639067922,0.24070401586514625,0.3673772930094199,0.11650966782350025,1.0,0.13336638572136836,0.3505205751115518,0.34878532473971247,0.1923648983639068,0.22211204759543876,0.17922657411998016,0.1494794248884482,0.17625185919682698,0.2072384729796728,0.16088249876053545,0.1360932077342588,0.14328210213187903,0.1427863163113535,0.13807635101636093,0.13931581556767478,0.1797223599405057,0.15840356965790778,0.13237481408031732,0.18740704015865145,0.1331184928111056,0.15518096182449181
PLAYGROUND_KCENTER_GREEDY,1.0,0.146504709965295,0.10882498760535449,0.11750123946455131,0.0991571641051066,0.09791769955379276,0.07089737233515121,0.13336638572136836,0.06172533465542886,0.06122954883490332,0.06246901338621715,0.19657907783837383,0.1945959345562717,0.11378284581060982,0.10882498760535449,0.13336638572136836,1.0,0.10014873574615767,0.1375805651958354,0.16038671294000992,0.13733267228557264,0.14724838869608328,0.10089241447694595,0.12592959841348536,0.15691621219633117,0.13361427863163114,0.08626673277144274,0.09122459097669806,0.08775409023301933,0.07585523054040655,0.10262766484878533,0.14452156668319285,0.19881011403073873,0.07535944471988101,0.1611303916707982,0.07436787307882994,0.11750123946455131
PLAYGROUND_MARGIN,0.10014873574615767,0.13411006445215667,0.0887456618740704,0.1212196331184928,0.21616261774913237,0.278135845314824,0.09370352007932573,0.10634605850272683,0.09643034209221617,0.10461080813088745,0.10684184432325236,0.17203767972235995,0.17575607337630145,0.6313832424392662,0.0887456618740704,0.3505205751115518,0.10014873574615767,1.0,0.4814080317302925,0.16807139315815567,0.2464055528011899,0.16360932077342588,0.1256817055032226,0.15245413981160139,0.16435299950421417,0.1633614278631631,0.12196331184928111,0.11923648983639068,0.1264253842340109,0.26127912741695586,0.12245909766980664,0.14551313832424392,0.14005949429846307,0.2057511155180962,0.15989092711948438,0.18963807635101637,0.1212196331184928
PLAYGROUND_MIXTURE,0.1375805651958354,0.1450173525037184,0.12692117005453643,0.17104610808130888,0.17997025285076848,0.20798215171046108,0.10485870104115022,0.12617749132374814,0.09766980664352999,0.09866137828458106,0.10262766484878533,0.26003966286564206,0.2630143777887952,0.39687654933068917,0.12692117005453643,0.34878532473971247,0.1375805651958354,0.4814080317302925,1.0,0.24293505205751115,0.20525532969757065,0.20079325731284084,0.13287059990084282,0.18443232523549827,0.21740208230044622,0.15964303420922163,0.12816063460585028,0.12469013386217154,0.14105106593951414,0.18145761031234506,0.1360932077342588,0.20426375805651958,0.15989092711948438,0.15047099652949925,0.21492315319781854,0.1442736737729301,0.17104610808130888
PLAYGROUND_UNIFORM,0.16038671294000992,0.17773921665840356,0.17699553792761527,0.23054040654437283,0.17129400099157163,0.17426871591472484,0.1479920674268716,0.15642042637580567,0.11576598909271195,0.11700545364402579,0.12766484878532475,0.32796232027764005,0.3408527516113039,0.18815071888943977,0.17699553792761527,0.1923648983639068,0.16038671294000992,0.16807139315815567,0.24293505205751115,1.0,0.18542389687654934,0.25756073376301436,0.15716410510659395,0.2263262270699058,0.28755577590480913,0.180466038671294,0.1368368864650471,0.13411006445215667,0.14675260287555775,0.14352999504214178,0.18691125433812594,0.26822012890431335,0.2166584035696579,0.13733267228557264,0.2654933068914229,0.13336638572136836,0.23054040654437283
SKACTIVEML_COST_EMBEDDING,0.13733267228557264,0.15964303420922163,0.11452652454139811,0.13882002974714924,0.15592464055528013,0.15344571145265246,0.11849281110560238,0.12196331184928111,0.1279127416955875,0.1301437778879524,0.1360932077342588,0.19509172037679723,0.19558750619732276,0.2704511650966782,0.11452652454139811,0.22211204759543876,0.13733267228557264,0.2464055528011899,0.20525532969757065,0.18542389687654934,1.0,0.1752602875557759,0.1450173525037184,0.17104610808130888,0.18368864650470995,0.2077342588001983,0.14352999504214178,0.14229053049082796,0.14749628160634606,0.14030738720872582,0.13658899355478432,0.1628656420426376,0.17302925136341102,0.13981160138820029,0.17426871591472484,0.14080317302925136,0.13882002974714924
SKACTIVEML_DAL,0.14724838869608328,0.17278135845314824,0.16360932077342588,0.21170054536440258,0.14923153197818542,0.15567674764501735,0.13187902825979178,0.15071888943976203,0.11650966782350025,0.11849281110560238,0.1271690629647992,0.32126921170054534,0.3135845314823996,0.18071393158155677,0.16360932077342588,0.17922657411998016,0.14724838869608328,0.16360932077342588,0.20079325731284084,0.25756073376301436,0.1752602875557759,1.0,0.1707982151710461,0.20451165096678234,0.26474962816063463,0.17055032226078334,0.1494794248884482,0.15096678235002478,0.16162617749132374,0.13931581556767478,0.17402082300446206,0.24095190877540903,0.2072384729796728,0.12964799206742686,0.25384234010907286,0.13039167079821518,0.21170054536440258
SKACTIVEML_DWUS,0.10089241447694595,0.1457610312345067,0.12072384729796728,0.12369856222112048,0.12766484878532475,0.13956370847793753,0.11948438274665345,0.11700545364402579,0.11948438274665345,0.12146752602875557,0.13063956370847793,0.18988596926127913,0.19484382746653445,0.139067922657412,0.12072384729796728,0.1494794248884482,0.10089241447694595,0.1256817055032226,0.13287059990084282,0.15716410510659395,0.1450173525037184,0.1707982151710461,1.0,0.1494794248884482,0.1782350024789291,0.13733267228557264,0.11923648983639068,0.11626177491323748,0.1301437778879524,0.12022806147744175,0.13435795736241943,0.14352999504214178,0.14551313832424392,0.11105602379771938,0.1611303916707982,0.11403073872087258,0.12369856222112048
SKACTIVEML_QBC,0.12592959841348536,0.1383242439266237,0.1346058502726822,0.17997025285076848,0.1383242439266237,0.14551313832424392,0.1353495290034705,0.13931581556767478,0.10684184432325236,0.10808130887456618,0.11750123946455131,0.26797223599405057,0.2692117005453644,0.17129400099157163,0.1346058502726822,0.17625185919682698,0.12592959841348536,0.15245413981160139,0.18443232523549827,0.2263262270699058,0.17104610808130888,0.20451165096678234,0.1494794248884482,1.0,0.2389687654933069,0.15592464055528013,0.12816063460585028,0.11923648983639068,0.1353495290034705,0.11750123946455131,0.15815567674764502,0.21343579573624194,0.17426871591472484,0.11006445215666832,0.20500743678730787,0.11080813088745661,0.17997025285076848
SKACTIVEML_QBC_VOTE_ENTROPY,0.15691621219633117,0.1700545364402578,0.16757560733763013,0.22087258304412494,0.15790778383738224,0.16088249876053545,0.14551313832424392,0.15319781854238967,0.12890431333663857,0.12320277640059495,0.13212692117005453,0.33564700049578583,0.33837382250867626,0.18393653941497273,0.16757560733763013,0.2072384729796728,0.15691621219633117,0.16435299950421417,0.21740208230044622,0.28755577590480913,0.18368864650470995,0.26474962816063463,0.1782350024789291,0.2389687654933069,1.0,0.15840356965790778,0.1479920674268716,0.146504709965295,0.16559246405552802,0.13658899355478432,0.17501239464551313,0.27268220128904314,0.2151710461080813,0.1308874566187407,0.26499752107089736,0.1279127416955875,0.22087258304412494
SKACTIVEML_QUIRE,0.13361427863163114,0.18443232523549827,0.10188398611799702,0.13262270699058007,0.1368368864650471,0.131631135349529,0.11006445215666832,0.14823996033713435,0.0999008428358949,0.10337134357957363,0.1028755577590481,0.18839861179970252,0.19410014873574616,0.1745166088249876,0.10188398611799702,0.16088249876053545,0.13361427863163114,0.1633614278631631,0.15964303420922163,0.180466038671294,0.2077342588001983,0.17055032226078334,0.13733267228557264,0.15592464055528013,0.15840356965790778,1.0,0.12989588497768964,0.12840852751611304,0.12816063460585028,0.11155180961824492,0.14229053049082796,0.1499752107089737,0.16385721368368864,0.11204759543877045,0.1591472483886961,0.11675756073376302,0.13262270699058007
SKACTIVEML_US_ENTROPY,0.08626673277144274,0.12320277640059495,0.06767476450173525,0.09395141298958849,0.16608824987605356,0.1479920674268716,0.0805651958353991,0.0887456618740704,0.16559246405552802,0.13807635101636093,0.11452652454139811,0.16534457114526524,0.16683192860684184,0.14229053049082796,0.06767476450173525,0.1360932077342588,0.08626673277144274,0.12196331184928111,0.12816063460585028,0.1368368864650471,0.14352999504214178,0.1494794248884482,0.11923648983639068,0.12816063460585028,0.1479920674268716,0.12989588497768964,1.0,0.7882994546355975,0.7540902330193356,0.12171541893901834,0.0969261279127417,0.11576598909271195,0.12816063460585028,0.14675260287555775,0.14352999504214178,0.18889439762022806,0.09395141298958849
SKACTIVEML_US_LC,0.09122459097669806,0.12469013386217154,0.07188894397620228,0.09221616261774913,0.19137332672285573,0.14749628160634606,0.07957362419434805,0.08676251859196826,0.1279127416955875,0.16360932077342588,0.11849281110560238,0.1611303916707982,0.1700545364402578,0.14551313832424392,0.07188894397620228,0.14328210213187903,0.09122459097669806,0.11923648983639068,0.12469013386217154,0.13411006445215667,0.14229053049082796,0.15096678235002478,0.11626177491323748,0.11923648983639068,0.146504709965295,0.12840852751611304,0.7882994546355975,1.0,0.7761527020327219,0.12444224095190877,0.09345562716906297,0.11452652454139811,0.12667327714427368,0.17203767972235995,0.1368368864650471,0.14402578086266732,0.09221616261774913
SKACTIVEML_US_MARGIN,0.08775409023301933,0.12295488349033218,0.08006941001487357,0.10708973723351513,0.15518096182449181,0.1901338621715419,0.0872583044124938,0.09271194843827467,0.11477441745166088,0.12196331184928111,0.16584035696579078,0.1812097174020823,0.1826970748636589,0.14848785324739713,0.08006941001487357,0.1427863163113535,0.08775409023301933,0.1264253842340109,0.14105106593951414,0.14675260287555775,0.14749628160634606,0.16162617749132374,0.1301437778879524,0.1353495290034705,0.16559246405552802,0.12816063460585028,0.7540902330193356,0.7761527020327219,1.0,0.17178978681209717,0.10386712940009915,0.1301437778879524,0.12741695587506197,0.12964799206742686,0.1499752107089737,0.12741695587506197,0.10708973723351513
SMALLTEXT_BREAKINGTIES,0.07585523054040655,0.1301437778879524,0.08106098165592464,0.0924640555280119,0.23549826474962815,0.3522558254833912,0.08651462568170551,0.0932077342588002,0.1611303916707982,0.16931085770946952,0.21839365394149726,0.161378284581061,0.1626177491323748,0.18591968269707487,0.08106098165592464,0.13807635101636093,0.07585523054040655,0.26127912741695586,0.18145761031234506,0.14352999504214178,0.14030738720872582,0.13931581556767478,0.12022806147744175,0.11750123946455131,0.13658899355478432,0.11155180961824492,0.12171541893901834,0.12444224095190877,0.17178978681209717,1.0,0.10014873574615767,0.12221120475954388,0.11427863163113534,0.7553296975706495,0.13485374318294496,0.7359940505701537,0.0924640555280119
SMALLTEXT_CONTRASTIVEAL,0.10262766484878533,0.1301437778879524,0.1028755577590481,0.14030738720872582,0.12394645513138325,0.12221120475954388,0.11204759543877045,0.1360932077342588,0.08775409023301933,0.09419930589985126,0.0969261279127417,0.19633118492811105,0.21021318790282598,0.13435795736241943,0.1028755577590481,0.13931581556767478,0.10262766484878533,0.12245909766980664,0.1360932077342588,0.18691125433812594,0.13658899355478432,0.17402082300446206,0.13435795736241943,0.15815567674764502,0.17501239464551313,0.14229053049082796,0.0969261279127417,0.09345562716906297,0.10386712940009915,0.10014873574615767,1.0,0.14923153197818542,0.16013882002974714,0.09890927119484383,0.16385721368368864,0.1028755577590481,0.14030738720872582
SMALLTEXT_EMBEDDINGKMEANS,0.14452156668319285,0.15121467526028756,0.15815567674764502,0.21938522558254833,0.1331184928111056,0.1450173525037184,0.1457610312345067,0.13981160138820029,0.10585027268220129,0.10609816559246406,0.11378284581060982,0.3411006445215667,0.35027268220128904,0.15815567674764502,0.15815567674764502,0.1797223599405057,0.14452156668319285,0.14551313832424392,0.20426375805651958,0.26822012890431335,0.1628656420426376,0.24095190877540903,0.14352999504214178,0.21343579573624194,0.27268220128904314,0.1499752107089737,0.11576598909271195,0.11452652454139811,0.1301437778879524,0.12221120475954388,0.14923153197818542,1.0,0.1908775409023302,0.10981655924640556,0.259048091224591,0.11427863163113534,0.21938522558254833
SMALLTEXT_GREEDYCORESET,0.19881011403073873,0.17699553792761527,0.161378284581061,0.17178978681209717,0.13634110064452157,0.14105106593951414,0.12518591968269707,0.14675260287555775,0.09940505701536936,0.0969261279127417,0.10262766484878533,0.24962816063460586,0.25012394645513136,0.1588993554784333,0.161378284581061,0.15840356965790778,0.19881011403073873,0.14005949429846307,0.15989092711948438,0.2166584035696579,0.17302925136341102,0.2072384729796728,0.14551313832424392,0.17426871591472484,0.2151710461080813,0.16385721368368864,0.12816063460585028,0.12667327714427368,0.12741695587506197,0.11427863163113534,0.16013882002974714,0.1908775409023302,1.0,0.11378284581060982,0.20996529499256322,0.12221120475954388,0.17178978681209717
SMALLTEXT_LEASTCONFIDENCE,0.07535944471988101,0.12592959841348536,0.07436787307882994,0.09196826970748637,0.360932077342588,0.2315319781854239,0.08254833911750124,0.09444719881011403,0.18294496777392166,0.2188894397620228,0.17426871591472484,0.15071888943976203,0.14923153197818542,0.16881507188894398,0.07436787307882994,0.13237481408031732,0.07535944471988101,0.2057511155180962,0.15047099652949925,0.13733267228557264,0.13981160138820029,0.12964799206742686,0.11105602379771938,0.11006445215666832,0.1308874566187407,0.11204759543877045,0.14675260287555775,0.17203767972235995,0.12964799206742686,0.7553296975706495,0.09890927119484383,0.10981655924640556,0.11378284581060982,1.0,0.12816063460585028,0.7808626673277145,0.09196826970748637
SMALLTEXT_LIGHTWEIGHTCORESET,0.1611303916707982,0.17104610808130888,0.16360932077342588,0.22012890431333665,0.15220624690133863,0.16608824987605356,0.139067922657412,0.1420426375805652,0.12072384729796728,0.12320277640059495,0.1331184928111056,0.3296975706494794,0.33490332176499754,0.1797223599405057,0.16360932077342588,0.18740704015865145,0.1611303916707982,0.15989092711948438,0.21492315319781854,0.2654933068914229,0.17426871591472484,0.25384234010907286,0.1611303916707982,0.20500743678730787,0.26499752107089736,0.1591472483886961,0.14352999504214178,0.1368368864650471,0.1499752107089737,0.13485374318294496,0.16385721368368864,0.259048091224591,0.20996529499256322,0.12816063460585028,1.0,0.124194348041646,0.22012890431333665
SMALLTEXT_PREDICTIONENTROPY,0.07436787307882994,0.13262270699058007,0.07610312345066932,0.08750619732275657,0.26127912741695586,0.20996529499256322,0.08304412493802678,0.09295984134853744,0.22954883490332176,0.1943480416460089,0.16980664352999505,0.15096678235002478,0.15518096182449181,0.16732771442736738,0.07610312345066932,0.1331184928111056,0.07436787307882994,0.18963807635101637,0.1442736737729301,0.13336638572136836,0.14080317302925136,0.13039167079821518,0.11403073872087258,0.11080813088745661,0.1279127416955875,0.11675756073376302,0.18889439762022806,0.14402578086266732,0.12741695587506197,0.7359940505701537,0.1028755577590481,0.11427863163113534,0.12221120475954388,0.7808626673277145,0.124194348041646,1.0,0.08750619732275657
SMALLTEXT_RANDOM,0.11750123946455131,0.11254338125929599,0.13336638572136836,1.0,0.10188398611799702,0.10882498760535449,0.1036192364898364,0.11750123946455131,0.08601883986117997,0.08031730292513634,0.09295984134853744,0.2677243430837878,0.2702032721864155,0.13063956370847793,0.13336638572136836,0.15518096182449181,0.11750123946455131,0.1212196331184928,0.17104610808130888,0.23054040654437283,0.13882002974714924,0.21170054536440258,0.12369856222112048,0.17997025285076848,0.22087258304412494,0.13262270699058007,0.09395141298958849,0.09221616261774913,0.10708973723351513,0.0924640555280119,0.14030738720872582,0.21938522558254833,0.17178978681209717,0.09196826970748637,0.22012890431333665,0.08750619732275657,1.0
