,ALIPY_RANDOM,ALIPY_UNCERTAINTY_ENTROPY,ALIPY_UNCERTAINTY_LC,ALIPY_UNCERTAINTY_MM,OPTIMAL_GREEDY_10,SKACTIVEML_DAL,SMALLTEXT_EMBEDDINGKMEANS,SMALLTEXT_LIGHTWEIGHTCORESET
ALIPY_RANDOM,0,14119,14522,14028,16911,15284,15176,14316
ALIPY_UNCERTAINTY_ENTROPY,14119,0,17928,15714,14332,13488,13709,12743
ALIPY_UNCERTAINTY_LC,14522,17928,0,17927,14814,13722,13806,13161
ALIPY_UNCERTAINTY_MM,14028,15714,17927,0,14423,13526,13114,12915
OPTIMAL_GREEDY_10,16911,14332,14814,14423,0,15981,14970,14184
SKACTIVEML_DAL,15284,13488,13722,13526,15981,0,14030,13384
SMALLTEXT_EMBEDDINGKMEANS,15176,13709,13806,13114,14970,14030,0,14406
SMALLTEXT_LIGHTWEIGHTCORESET,14316,12743,13161,12915,14184,13384,14406,0
