,ALIPY_RANDOM,ALIPY_UNCERTAINTY_ENTROPY,ALIPY_UNCERTAINTY_LC,ALIPY_UNCERTAINTY_MM,OPTIMAL_GREEDY_10,SKACTIVEML_DAL,SMALLTEXT_EMBEDDINGKMEANS,SMALLTEXT_LIGHTWEIGHTCORESET
ALIPY_RANDOM,0,46549,46860,47319,49388,51752,48841,51863
ALIPY_UNCERTAINTY_ENTROPY,46549,0,59815,53834,40529,45633,42528,46656
ALIPY_UNCERTAINTY_LC,46860,59815,0,55477,40868,46188,42511,46157
ALIPY_UNCERTAINTY_MM,47319,53834,55477,0,41551,47023,43364,46746
OPTIMAL_GREEDY_10,49388,40529,40868,41551,0,48334,42855,46587
SKACTIVEML_DAL,51752,45633,46188,47023,48334,0,46879,50661
SMALLTEXT_EMBEDDINGKMEANS,48841,42528,42511,43364,42855,46879,0,48818
SMALLTEXT_LIGHTWEIGHTCORESET,51863,46656,46157,46746,46587,50661,48818,0
