,ALIPY_RANDOM,ALIPY_UNCERTAINTY_ENTROPY,ALIPY_UNCERTAINTY_LC,ALIPY_UNCERTAINTY_MM,OPTIMAL_GREEDY_10,SKACTIVEML_DAL,SMALLTEXT_EMBEDDINGKMEANS,SMALLTEXT_LIGHTWEIGHTCORESET
ALIPY_RANDOM,0,49104,49082,47163,53362,53259,51162,49949
ALIPY_UNCERTAINTY_ENTROPY,49104,0,59580,56217,45750,48019,45164,45571
ALIPY_UNCERTAINTY_LC,49082,59580,0,58997,45676,47075,44722,45505
ALIPY_UNCERTAINTY_MM,47163,56217,58997,0,44065,46272,42799,44018
OPTIMAL_GREEDY_10,53362,45750,45676,44065,0,50545,46560,45329
SKACTIVEML_DAL,53259,48019,47075,46272,50545,0,49013,47956
SMALLTEXT_EMBEDDINGKMEANS,51162,45164,44722,42799,46560,49013,0,49255
SMALLTEXT_LIGHTWEIGHTCORESET,49949,45571,45505,44018,45329,47956,49255,0
