,ALIPY_RANDOM,ALIPY_UNCERTAINTY_ENTROPY,ALIPY_UNCERTAINTY_LC,ALIPY_UNCERTAINTY_MM,OPTIMAL_GREEDY_10,SKACTIVEML_DAL,SMALLTEXT_EMBEDDINGKMEANS,SMALLTEXT_LIGHTWEIGHTCORESET
ALIPY_RANDOM,0,12025,13287,13479,16387,14950,14909,14756
ALIPY_UNCERTAINTY_ENTROPY,12025,0,30632,22276,11983,13092,11447,13562
ALIPY_UNCERTAINTY_LC,13287,30632,0,26108,11979,13041,11714,12746
ALIPY_UNCERTAINTY_MM,13479,22276,26108,0,12960,13682,12415,13152
OPTIMAL_GREEDY_10,16387,11983,11979,12960,0,16210,15575,15231
SKACTIVEML_DAL,14950,13092,13041,13682,16210,0,14900,15603
SMALLTEXT_EMBEDDINGKMEANS,14909,11447,11714,12415,15575,14900,0,16275
SMALLTEXT_LIGHTWEIGHTCORESET,14756,13562,12746,13152,15231,15603,16275,0
