,ALIPY_RANDOM,ALIPY_UNCERTAINTY_ENTROPY,ALIPY_UNCERTAINTY_LC,ALIPY_UNCERTAINTY_MM,OPTIMAL_GREEDY_10,SKACTIVEML_DAL,SMALLTEXT_EMBEDDINGKMEANS,SMALLTEXT_LIGHTWEIGHTCORESET
ALIPY_RANDOM,0,16848,17242,17803,22420,20641,20114,21488
ALIPY_UNCERTAINTY_ENTROPY,16848,0,37559,28503,15912,17077,15198,17696
ALIPY_UNCERTAINTY_LC,17242,37559,0,31657,16285,17272,15656,17776
ALIPY_UNCERTAINTY_MM,17803,28503,31657,0,17498,18198,16912,18588
OPTIMAL_GREEDY_10,22420,15912,16285,17498,0,22248,20567,20986
SKACTIVEML_DAL,20641,17077,17272,18198,22248,0,19862,21383
SMALLTEXT_EMBEDDINGKMEANS,20114,15198,15656,16912,20567,19862,0,22271
SMALLTEXT_LIGHTWEIGHTCORESET,21488,17696,17776,18588,20986,21383,22271,0
