,ALIPY_RANDOM,ALIPY_UNCERTAINTY_ENTROPY,ALIPY_UNCERTAINTY_LC,ALIPY_UNCERTAINTY_MM,OPTIMAL_GREEDY_10,SKACTIVEML_DAL,SMALLTEXT_EMBEDDINGKMEANS,SMALLTEXT_LIGHTWEIGHTCORESET
ALIPY_RANDOM,0,23684,23510,24201,30765,29256,29246,29455
ALIPY_UNCERTAINTY_ENTROPY,23684,0,42237,37627,21994,22866,24074,23696
ALIPY_UNCERTAINTY_LC,23510,42237,0,42018,22538,23075,23335,23160
ALIPY_UNCERTAINTY_MM,24201,37627,42018,0,22724,23537,24051,24072
OPTIMAL_GREEDY_10,30765,21994,22538,22724,0,30215,29099,27915
SKACTIVEML_DAL,29256,22866,23075,23537,30215,0,28258,28963
SMALLTEXT_EMBEDDINGKMEANS,29246,24074,23335,24051,29099,28258,0,31807
SMALLTEXT_LIGHTWEIGHTCORESET,29455,23696,23160,24072,27915,28963,31807,0
