,ALIPY_RANDOM,ALIPY_UNCERTAINTY_ENTROPY,ALIPY_UNCERTAINTY_LC,ALIPY_UNCERTAINTY_MM,OPTIMAL_GREEDY_10,SKACTIVEML_DAL,SMALLTEXT_EMBEDDINGKMEANS,SMALLTEXT_LIGHTWEIGHTCORESET
ALIPY_RANDOM,0,23656,24446,25405,31243,29166,28608,30649
ALIPY_UNCERTAINTY_ENTROPY,23656,0,45410,35960,22506,23767,21428,24711
ALIPY_UNCERTAINTY_LC,24446,45410,0,39116,23277,24401,22096,24884
ALIPY_UNCERTAINTY_MM,25405,35960,39116,0,24934,26021,24159,25953
OPTIMAL_GREEDY_10,31243,22506,23277,24934,0,31425,28247,29399
SKACTIVEML_DAL,29166,23767,24401,26021,31425,0,27604,29964
SMALLTEXT_EMBEDDINGKMEANS,28608,21428,22096,24159,28247,27604,0,30657
SMALLTEXT_LIGHTWEIGHTCORESET,30649,24711,24884,25953,29399,29964,30657,0
