,ALIPY_RANDOM,ALIPY_UNCERTAINTY_ENTROPY,ALIPY_UNCERTAINTY_LC,ALIPY_UNCERTAINTY_MM,OPTIMAL_GREEDY_10,SKACTIVEML_DAL,SMALLTEXT_EMBEDDINGKMEANS,SMALLTEXT_LIGHTWEIGHTCORESET
ALIPY_RANDOM,0,10990,12204,12383,15277,14299,14534,13819
ALIPY_UNCERTAINTY_ENTROPY,10990,0,27030,22797,11039,11475,11717,12498
ALIPY_UNCERTAINTY_LC,12204,27030,0,28659,11140,11719,11441,11352
ALIPY_UNCERTAINTY_MM,12383,22797,28659,0,11088,11986,11745,11901
OPTIMAL_GREEDY_10,15277,11039,11140,11088,0,14999,14792,13329
SKACTIVEML_DAL,14299,11475,11719,11986,14999,0,14306,14254
SMALLTEXT_EMBEDDINGKMEANS,14534,11717,11441,11745,14792,14306,0,16014
SMALLTEXT_LIGHTWEIGHTCORESET,13819,12498,11352,11901,13329,14254,16014,0
