,ALIPY_RANDOM,ALIPY_UNCERTAINTY_ENTROPY,ALIPY_UNCERTAINTY_LC,ALIPY_UNCERTAINTY_MM,OPTIMAL_GREEDY_10,SKACTIVEML_DAL,SMALLTEXT_EMBEDDINGKMEANS,SMALLTEXT_LIGHTWEIGHTCORESET
ALIPY_RANDOM,0,13789,14317,14578,15767,15122,15635,15343
ALIPY_UNCERTAINTY_ENTROPY,13789,0,18148,16559,13938,13898,13865,14187
ALIPY_UNCERTAINTY_LC,14317,18148,0,19063,13857,13731,13712,13836
ALIPY_UNCERTAINTY_MM,14578,16559,19063,0,13921,13929,13932,14086
OPTIMAL_GREEDY_10,15767,13938,13857,13921,0,15473,15848,15255
SKACTIVEML_DAL,15122,13898,13731,13929,15473,0,15162,15073
SMALLTEXT_EMBEDDINGKMEANS,15635,13865,13712,13932,15848,15162,0,15729
SMALLTEXT_LIGHTWEIGHTCORESET,15343,14187,13836,14086,15255,15073,15729,0
