,ALIPY_RANDOM,ALIPY_UNCERTAINTY_ENTROPY,ALIPY_UNCERTAINTY_LC,ALIPY_UNCERTAINTY_MM,OPTIMAL_GREEDY_10,SKACTIVEML_DAL,SMALLTEXT_EMBEDDINGKMEANS,SMALLTEXT_LIGHTWEIGHTCORESET
ALIPY_RANDOM,0,8698,9627,9741,13761,11633,11997,11163
ALIPY_UNCERTAINTY_ENTROPY,8698,0,24822,16881,8386,9221,8304,9160
ALIPY_UNCERTAINTY_LC,9627,24822,0,19793,8522,8998,8250,8942
ALIPY_UNCERTAINTY_MM,9741,16881,19793,0,9549,9617,9153,9221
OPTIMAL_GREEDY_10,13761,8386,8522,9549,0,13966,12464,11981
SKACTIVEML_DAL,11633,9221,8998,9617,13966,0,11752,11728
SMALLTEXT_EMBEDDINGKMEANS,11997,8304,8250,9153,12464,11752,0,13519
SMALLTEXT_LIGHTWEIGHTCORESET,11163,9160,8942,9221,11981,11728,13519,0
