,ALIPY_RANDOM,ALIPY_UNCERTAINTY_ENTROPY,ALIPY_UNCERTAINTY_LC,ALIPY_UNCERTAINTY_MM,OPTIMAL_GREEDY_10,SKACTIVEML_DAL,SMALLTEXT_EMBEDDINGKMEANS,SMALLTEXT_LIGHTWEIGHTCORESET
ALIPY_RANDOM,0,9164,9743,9484,14879,12739,12149,11094
ALIPY_UNCERTAINTY_ENTROPY,9164,0,21223,18105,9683,10013,9875,8761
ALIPY_UNCERTAINTY_LC,9743,21223,0,22166,9884,9093,9084,9062
ALIPY_UNCERTAINTY_MM,9484,18105,22166,0,9765,9563,8836,8832
OPTIMAL_GREEDY_10,14879,9683,9884,9765,0,14162,12280,10759
SKACTIVEML_DAL,12739,10013,9093,9563,14162,0,12266,11256
SMALLTEXT_EMBEDDINGKMEANS,12149,9875,9084,8836,12280,12266,0,15281
SMALLTEXT_LIGHTWEIGHTCORESET,11094,8761,9062,8832,10759,11256,15281,0
