,ALIPY_RANDOM,ALIPY_UNCERTAINTY_ENTROPY,ALIPY_UNCERTAINTY_LC,ALIPY_UNCERTAINTY_MM,OPTIMAL_GREEDY_10,SKACTIVEML_DAL,SMALLTEXT_EMBEDDINGKMEANS,SMALLTEXT_LIGHTWEIGHTCORESET
ALIPY_RANDOM,0,14216,14712,15039,20155,17887,17705,17643
ALIPY_UNCERTAINTY_ENTROPY,14216,0,33431,25043,13477,14618,13157,14753
ALIPY_UNCERTAINTY_LC,14712,33431,0,27624,13845,14614,13230,14693
ALIPY_UNCERTAINTY_MM,15039,25043,27624,0,15093,15512,14110,15299
OPTIMAL_GREEDY_10,20155,13477,13845,15093,0,20700,18583,18366
SKACTIVEML_DAL,17887,14618,14614,15512,20700,0,17807,18369
SMALLTEXT_EMBEDDINGKMEANS,17705,13157,13230,14110,18583,17807,0,19834
SMALLTEXT_LIGHTWEIGHTCORESET,17643,14753,14693,15299,18366,18369,19834,0
