,ALIPY_RANDOM,ALIPY_UNCERTAINTY_ENTROPY,ALIPY_UNCERTAINTY_LC,ALIPY_UNCERTAINTY_MM,OPTIMAL_GREEDY_10,SKACTIVEML_DAL,SMALLTEXT_EMBEDDINGKMEANS,SMALLTEXT_LIGHTWEIGHTCORESET
ALIPY_RANDOM,0,14062,14622,14885,20060,18958,18367,18656
ALIPY_UNCERTAINTY_ENTROPY,14062,0,30204,26592,13015,14075,15036,14577
ALIPY_UNCERTAINTY_LC,14622,30204,0,30328,13483,14427,14280,13959
ALIPY_UNCERTAINTY_MM,14885,26592,30328,0,13438,14551,14531,14476
OPTIMAL_GREEDY_10,20060,13015,13483,13438,0,20083,18655,17330
SKACTIVEML_DAL,18958,14075,14427,14551,20083,0,18031,18781
SMALLTEXT_EMBEDDINGKMEANS,18367,15036,14280,14531,18655,18031,0,21274
SMALLTEXT_LIGHTWEIGHTCORESET,18656,14577,13959,14476,17330,18781,21274,0
