,ALIPY_RANDOM,ALIPY_UNCERTAINTY_ENTROPY,ALIPY_UNCERTAINTY_LC,ALIPY_UNCERTAINTY_MM,OPTIMAL_GREEDY_10,SKACTIVEML_DAL,SMALLTEXT_EMBEDDINGKMEANS,SMALLTEXT_LIGHTWEIGHTCORESET
ALIPY_RANDOM,365968,238456,238913,238037,252570,260766,248121,255843
ALIPY_UNCERTAINTY_ENTROPY,238456,365968,297789,280691,212884,234780,222993,232701
ALIPY_UNCERTAINTY_LC,238913,297789,365968,291476,212853,234805,220834,230616
ALIPY_UNCERTAINTY_MM,238037,280691,291476,365968,211713,234193,219350,229854
OPTIMAL_GREEDY_10,252570,212884,212853,211713,365968,239626,219953,229591
SKACTIVEML_DAL,260766,234780,234805,234193,239626,365968,240487,252085
SMALLTEXT_EMBEDDINGKMEANS,248121,222993,220834,219350,219953,240487,365968,251022
SMALLTEXT_LIGHTWEIGHTCORESET,255843,232701,230616,229854,229591,252085,251022,365968
