,ALIPY_RANDOM,ALIPY_UNCERTAINTY_ENTROPY,ALIPY_UNCERTAINTY_LC,ALIPY_UNCERTAINTY_MM,OPTIMAL_GREEDY_10,SKACTIVEML_DAL,SMALLTEXT_EMBEDDINGKMEANS,SMALLTEXT_LIGHTWEIGHTCORESET
ALIPY_RANDOM,365968,126344,128218,130277,165962,154868,147836,152135
ALIPY_UNCERTAINTY_ENTROPY,126344,365968,225954,199085,122904,123511,118379,127805
ALIPY_UNCERTAINTY_LC,128218,225954,365968,220591,125287,125645,117244,127672
ALIPY_UNCERTAINTY_MM,130277,199085,220591,365968,128283,129136,121124,131011
OPTIMAL_GREEDY_10,165962,122904,125287,128283,365968,161651,148422,147463
SKACTIVEML_DAL,154868,123511,125645,129136,161651,365968,143417,151465
SMALLTEXT_EMBEDDINGKMEANS,147836,118379,117244,121124,148422,143417,365968,161161
SMALLTEXT_LIGHTWEIGHTCORESET,152135,127805,127672,131011,147463,151465,161161,365968
