,ALIPY_RANDOM,ALIPY_UNCERTAINTY_ENTROPY,ALIPY_UNCERTAINTY_LC,ALIPY_UNCERTAINTY_MM,OPTIMAL_GREEDY_10,SKACTIVEML_DAL,SMALLTEXT_EMBEDDINGKMEANS,SMALLTEXT_LIGHTWEIGHTCORESET
ALIPY_RANDOM,365968,91493,92751,94410,122041,111953,106925,110100
ALIPY_UNCERTAINTY_ENTROPY,91493,365968,187782,160396,88383,88836,83738,92793
ALIPY_UNCERTAINTY_LC,92751,187782,365968,184795,90581,90575,83388,93402
ALIPY_UNCERTAINTY_MM,94410,160396,184795,365968,92345,92939,85644,95443
OPTIMAL_GREEDY_10,122041,88383,90581,92345,365968,117153,110627,105790
SKACTIVEML_DAL,111953,88836,90575,92939,117153,365968,105596,109363
SMALLTEXT_EMBEDDINGKMEANS,106925,83738,83388,85644,110627,105596,365968,117634
SMALLTEXT_LIGHTWEIGHTCORESET,110100,92793,93402,95443,105790,109363,117634,365968
