,ALIPY_RANDOM,ALIPY_UNCERTAINTY_ENTROPY,ALIPY_UNCERTAINTY_LC,ALIPY_UNCERTAINTY_MM,OPTIMAL_GREEDY_10,SKACTIVEML_DAL,SMALLTEXT_EMBEDDINGKMEANS,SMALLTEXT_LIGHTWEIGHTCORESET
ALIPY_RANDOM,129897,74613,76319,77183,87872,83273,83239,82162
ALIPY_UNCERTAINTY_ENTROPY,74613,132908,106702,94665,74520,73856,74409,75578
ALIPY_UNCERTAINTY_LC,76319,106702,142130,107468,74357,74039,73882,74796
ALIPY_UNCERTAINTY_MM,77183,94665,107468,135591,75524,75254,75008,76151
OPTIMAL_GREEDY_10,87872,74520,74357,75524,125379,84360,84534,82577
SKACTIVEML_DAL,83273,73856,74039,75254,84360,121515,81261,81738
SMALLTEXT_EMBEDDINGKMEANS,83239,74409,73882,75008,84534,81261,121934,85987
SMALLTEXT_LIGHTWEIGHTCORESET,82162,75578,74796,76151,82577,81738,85987,122479
