,ALIPY_RANDOM,ALIPY_UNCERTAINTY_ENTROPY,ALIPY_UNCERTAINTY_LC,ALIPY_UNCERTAINTY_MM,OPTIMAL_GREEDY_10,SKACTIVEML_DAL,SMALLTEXT_EMBEDDINGKMEANS,SMALLTEXT_LIGHTWEIGHTCORESET
ALIPY_RANDOM,365968,47452,50453,51601,71775,64237,63526,59789
ALIPY_UNCERTAINTY_ENTROPY,47452,365968,118898,95725,46400,49509,49320,48855
ALIPY_UNCERTAINTY_LC,50453,118898,365968,114680,46712,49037,47236,47918
ALIPY_UNCERTAINTY_MM,51601,95725,114680,365968,48826,50437,48373,48738
OPTIMAL_GREEDY_10,71775,46400,46712,48826,365968,70738,66353,59504
SKACTIVEML_DAL,64237,49509,49037,50437,70738,365968,63359,63912
SMALLTEXT_EMBEDDINGKMEANS,63526,49320,47236,48373,66353,63359,365968,76769
SMALLTEXT_LIGHTWEIGHTCORESET,59789,48855,47918,48738,59504,63912,76769,365968
