,ALIPY_RANDOM,ALIPY_UNCERTAINTY_ENTROPY,ALIPY_UNCERTAINTY_LC,ALIPY_UNCERTAINTY_MM,OPTIMAL_GREEDY_10,SKACTIVEML_DAL,SMALLTEXT_EMBEDDINGKMEANS,SMALLTEXT_LIGHTWEIGHTCORESET
ALIPY_RANDOM,365968,113237,113212,116654,149254,139935,135601,136068
ALIPY_UNCERTAINTY_ENTROPY,113237,365968,207868,183120,109883,112944,110499,116831
ALIPY_UNCERTAINTY_LC,113212,207868,365968,200390,111068,113468,107156,115365
ALIPY_UNCERTAINTY_MM,116654,183120,200390,365968,115083,116840,110191,118101
OPTIMAL_GREEDY_10,149254,109883,111068,115083,365968,146704,135281,131780
SKACTIVEML_DAL,139935,112944,113468,116840,146704,365968,132544,137986
SMALLTEXT_EMBEDDINGKMEANS,135601,110499,107156,110191,135281,132544,365968,149800
SMALLTEXT_LIGHTWEIGHTCORESET,136068,116831,115365,118101,131780,137986,149800,365968
