,ALIPY_RANDOM,ALIPY_UNCERTAINTY_ENTROPY,ALIPY_UNCERTAINTY_LC,ALIPY_UNCERTAINTY_MM,OPTIMAL_GREEDY_10,SKACTIVEML_DAL,SMALLTEXT_EMBEDDINGKMEANS,SMALLTEXT_LIGHTWEIGHTCORESET
ALIPY_RANDOM,365968,75472,76378,78286,104578,95666,93099,90925
ALIPY_UNCERTAINTY_ENTROPY,75472,365968,161915,136943,72546,75828,73565,77140
ALIPY_UNCERTAINTY_LC,76378,161915,365968,154795,74145,75725,71691,76060
ALIPY_UNCERTAINTY_MM,78286,136943,154795,365968,76584,77981,72996,77226
OPTIMAL_GREEDY_10,104578,72546,74145,76584,365968,102834,95876,89116
SKACTIVEML_DAL,95666,75828,75725,77981,102834,365968,92524,95078
SMALLTEXT_EMBEDDINGKMEANS,93099,73565,71691,72996,95876,92524,365968,107077
SMALLTEXT_LIGHTWEIGHTCORESET,90925,77140,76060,77226,89116,95078,107077,365968
