,ALIPY_RANDOM,ALIPY_UNCERTAINTY_ENTROPY,ALIPY_UNCERTAINTY_LC,ALIPY_UNCERTAINTY_MM,OPTIMAL_GREEDY_10,SKACTIVEML_DAL,SMALLTEXT_EMBEDDINGKMEANS,SMALLTEXT_LIGHTWEIGHTCORESET
ALIPY_RANDOM,185040,55088,56334,56657,64479,59501,60624,60098
ALIPY_UNCERTAINTY_ENTROPY,55088,185040,72586,63263,54990,52045,52653,53496
ALIPY_UNCERTAINTY_LC,56334,72586,185040,70923,56585,53914,53695,54779
ALIPY_UNCERTAINTY_MM,56657,63263,70923,185040,56670,54381,53679,55161
OPTIMAL_GREEDY_10,64479,54990,56585,56670,185040,61974,60808,60053
SKACTIVEML_DAL,59501,52045,53914,54381,61974,185040,56794,57135
SMALLTEXT_EMBEDDINGKMEANS,60624,52653,53695,53679,60808,56794,185040,60955
SMALLTEXT_LIGHTWEIGHTCORESET,60098,53496,54779,55161,60053,57135,60955,185040
