,ALIPY_RANDOM,ALIPY_UNCERTAINTY_ENTROPY,ALIPY_UNCERTAINTY_LC,ALIPY_UNCERTAINTY_MM,OPTIMAL_GREEDY_10,SKACTIVEML_DAL,SMALLTEXT_EMBEDDINGKMEANS,SMALLTEXT_LIGHTWEIGHTCORESET
ALIPY_RANDOM,365968,240791,241235,241009,251994,261427,246820,256067
ALIPY_UNCERTAINTY_ENTROPY,240791,365968,289824,274716,217723,237848,223757,234788
ALIPY_UNCERTAINTY_LC,241235,289824,365968,284640,217771,238392,221811,233132
ALIPY_UNCERTAINTY_MM,241009,274716,284640,365968,216289,237620,219817,231814
OPTIMAL_GREEDY_10,251994,217723,217771,216289,365968,239523,219078,232019
SKACTIVEML_DAL,261427,237848,238392,237620,239523,365968,238419,251462
SMALLTEXT_EMBEDDINGKMEANS,246820,223757,221811,219817,219078,238419,365968,245435
SMALLTEXT_LIGHTWEIGHTCORESET,256067,234788,233132,231814,232019,251462,245435,365968
