,ALIPY_RANDOM,ALIPY_UNCERTAINTY_ENTROPY,ALIPY_UNCERTAINTY_LC,ALIPY_UNCERTAINTY_MM,OPTIMAL_GREEDY_10,SKACTIVEML_DAL,SMALLTEXT_EMBEDDINGKMEANS,SMALLTEXT_LIGHTWEIGHTCORESET
ALIPY_RANDOM,365968,93559,94959,96899,121640,112769,106280,110936
ALIPY_UNCERTAINTY_ENTROPY,93559,365968,179583,154218,90886,90901,85603,93994
ALIPY_UNCERTAINTY_LC,94959,179583,365968,176330,93171,92891,85476,94863
ALIPY_UNCERTAINTY_MM,96899,154218,176330,365968,95129,95384,87495,96851
OPTIMAL_GREEDY_10,121640,90886,93171,95129,365968,117013,108796,107599
SKACTIVEML_DAL,112769,90901,92891,95384,117013,365968,104321,108702
SMALLTEXT_EMBEDDINGKMEANS,106280,85603,85476,87495,108796,104321,365968,113227
SMALLTEXT_LIGHTWEIGHTCORESET,110936,93994,94863,96851,107599,108702,113227,365968
