,ALIPY_RANDOM,ALIPY_UNCERTAINTY_ENTROPY,ALIPY_UNCERTAINTY_LC,ALIPY_UNCERTAINTY_MM,OPTIMAL_GREEDY_10,SKACTIVEML_DAL,SMALLTEXT_EMBEDDINGKMEANS,SMALLTEXT_LIGHTWEIGHTCORESET
ALIPY_RANDOM,365968,129833,131750,134473,165241,155420,146620,152924
ALIPY_UNCERTAINTY_ENTROPY,129833,365968,217121,192297,126964,126533,120471,130292
ALIPY_UNCERTAINTY_LC,131750,217121,365968,212022,129135,129061,119635,130184
ALIPY_UNCERTAINTY_MM,134473,192297,212022,365968,132340,132538,123379,133508
OPTIMAL_GREEDY_10,165241,126964,129135,132340,365968,160983,145668,149032
SKACTIVEML_DAL,155420,126533,129061,132538,160983,365968,141412,150637
SMALLTEXT_EMBEDDINGKMEANS,146620,120471,119635,123379,145668,141412,365968,155192
SMALLTEXT_LIGHTWEIGHTCORESET,152924,130292,130184,133508,149032,150637,155192,365968
