,ALIPY_RANDOM,ALIPY_UNCERTAINTY_ENTROPY,ALIPY_UNCERTAINTY_LC,ALIPY_UNCERTAINTY_MM,OPTIMAL_GREEDY_10,SKACTIVEML_DAL,SMALLTEXT_EMBEDDINGKMEANS,SMALLTEXT_LIGHTWEIGHTCORESET
ALIPY_RANDOM,365968,68617,72584,73679,92493,84167,81878,80129
ALIPY_UNCERTAINTY_ENTROPY,68617,365968,148955,124530,69358,69574,65633,72313
ALIPY_UNCERTAINTY_LC,72584,148955,365968,149575,71101,71436,65769,70838
ALIPY_UNCERTAINTY_MM,73679,124530,149575,365968,72215,72903,66900,72228
OPTIMAL_GREEDY_10,92493,69358,71101,72215,365968,88268,84518,81287
SKACTIVEML_DAL,84167,69574,71436,72903,88268,365968,80191,81296
SMALLTEXT_EMBEDDINGKMEANS,81878,65633,65769,66900,84518,80191,365968,86306
SMALLTEXT_LIGHTWEIGHTCORESET,80129,72313,70838,72228,81287,81296,86306,365968
