,ALIPY_RANDOM,ALIPY_UNCERTAINTY_ENTROPY,ALIPY_UNCERTAINTY_LC,ALIPY_UNCERTAINTY_MM,OPTIMAL_GREEDY_10,SKACTIVEML_DAL,SMALLTEXT_EMBEDDINGKMEANS,SMALLTEXT_LIGHTWEIGHTCORESET
ALIPY_RANDOM,134082,75480,76368,77643,86514,83035,81920,82234
ALIPY_UNCERTAINTY_ENTROPY,75480,134041,100425,89894,75612,74693,74818,76048
ALIPY_UNCERTAINTY_LC,76368,100425,141466,100299,75498,75126,74455,75605
ALIPY_UNCERTAINTY_MM,77643,89894,100299,135981,76454,76445,75369,76677
OPTIMAL_GREEDY_10,86514,75612,75498,76454,129426,83558,83145,83052
SKACTIVEML_DAL,83035,74693,75126,76445,83558,125523,80197,80876
SMALLTEXT_EMBEDDINGKMEANS,81920,74818,74455,75369,83145,80197,124358,82786
SMALLTEXT_LIGHTWEIGHTCORESET,82234,76048,75605,76677,83052,80876,82786,126216
