,ALIPY_RANDOM,ALIPY_UNCERTAINTY_ENTROPY,ALIPY_UNCERTAINTY_LC,ALIPY_UNCERTAINTY_MM,OPTIMAL_GREEDY_10,SKACTIVEML_DAL,SMALLTEXT_EMBEDDINGKMEANS,SMALLTEXT_LIGHTWEIGHTCORESET
ALIPY_RANDOM,365968,116808,117206,120555,149693,141908,136060,138189
ALIPY_UNCERTAINTY_ENTROPY,116808,365968,200722,177783,113620,116860,113307,119617
ALIPY_UNCERTAINTY_LC,117206,200722,365968,193781,115254,117514,110278,118740
ALIPY_UNCERTAINTY_MM,120555,177783,193781,365968,119055,120838,113335,120777
OPTIMAL_GREEDY_10,149693,113620,115254,119055,365968,147154,134731,134586
SKACTIVEML_DAL,141908,116860,117514,120838,147154,365968,132277,138973
SMALLTEXT_EMBEDDINGKMEANS,136060,113307,110278,113335,134731,132277,365968,146360
SMALLTEXT_LIGHTWEIGHTCORESET,138189,119617,118740,120777,134586,138973,146360,365968
