,ALIPY_RANDOM,ALIPY_UNCERTAINTY_ENTROPY,ALIPY_UNCERTAINTY_LC,ALIPY_UNCERTAINTY_MM,OPTIMAL_GREEDY_10,SKACTIVEML_DAL,SMALLTEXT_EMBEDDINGKMEANS,SMALLTEXT_LIGHTWEIGHTCORESET
ALIPY_RANDOM,365968,50759,53283,54177,73319,67216,65811,62948
ALIPY_UNCERTAINTY_ENTROPY,50759,365968,115096,93812,49160,52184,51929,52090
ALIPY_UNCERTAINTY_LC,53283,115096,365968,110345,49712,51883,49981,50875
ALIPY_UNCERTAINTY_MM,54177,93812,110345,365968,51720,53703,51093,51662
OPTIMAL_GREEDY_10,73319,49160,49712,51720,365968,71619,66867,62224
SKACTIVEML_DAL,67216,52184,51883,53703,71619,365968,64990,65900
SMALLTEXT_EMBEDDINGKMEANS,65811,51929,49981,51093,66867,64990,365968,75801
SMALLTEXT_LIGHTWEIGHTCORESET,62948,52090,50875,51662,62224,65900,75801,365968
