,ALIPY_RANDOM,ALIPY_UNCERTAINTY_ENTROPY,ALIPY_UNCERTAINTY_LC,ALIPY_UNCERTAINTY_MM,OPTIMAL_GREEDY_10,SKACTIVEML_DAL,SMALLTEXT_EMBEDDINGKMEANS,SMALLTEXT_LIGHTWEIGHTCORESET
ALIPY_RANDOM,0,11551,11916,11877,14213,13237,14067,13335
ALIPY_UNCERTAINTY_ENTROPY,11551,0,14738,13049,11722,11221,11775,11672
ALIPY_UNCERTAINTY_LC,11916,14738,0,14675,12005,11667,12033,11820
ALIPY_UNCERTAINTY_MM,11877,13049,14675,0,11878,11497,11996,11852
OPTIMAL_GREEDY_10,14213,11722,12005,11878,0,13885,14529,13602
SKACTIVEML_DAL,13237,11221,11667,11497,13885,0,13504,13167
SMALLTEXT_EMBEDDINGKMEANS,14067,11775,12033,11996,14529,13504,0,14521
SMALLTEXT_LIGHTWEIGHTCORESET,13335,11672,11820,11852,13602,13167,14521,0
