,ALIPY_RANDOM,ALIPY_UNCERTAINTY_ENTROPY,ALIPY_UNCERTAINTY_LC,ALIPY_UNCERTAINTY_MM,OPTIMAL_GREEDY_10,SKACTIVEML_DAL,SMALLTEXT_EMBEDDINGKMEANS,SMALLTEXT_LIGHTWEIGHTCORESET
ALIPY_RANDOM,0,11885,12216,12614,14135,13343,13681,13631
ALIPY_UNCERTAINTY_ENTROPY,11885,0,16094,13085,11803,11641,11622,12208
ALIPY_UNCERTAINTY_LC,12216,16094,0,14061,12245,12084,11984,12546
ALIPY_UNCERTAINTY_MM,12614,13085,14061,0,12923,12517,12530,12991
OPTIMAL_GREEDY_10,14135,11803,12245,12923,0,14146,14221,14077
SKACTIVEML_DAL,13343,11641,12084,12517,14146,0,13055,13366
SMALLTEXT_EMBEDDINGKMEANS,13681,11622,11984,12530,14221,13055,0,14089
SMALLTEXT_LIGHTWEIGHTCORESET,13631,12208,12546,12991,14077,13366,14089,0
