,ALIPY_RANDOM,ALIPY_UNCERTAINTY_ENTROPY,ALIPY_UNCERTAINTY_LC,ALIPY_UNCERTAINTY_MM,OPTIMAL_GREEDY_10,SKACTIVEML_DAL,SMALLTEXT_EMBEDDINGKMEANS,SMALLTEXT_LIGHTWEIGHTCORESET
ALIPY_RANDOM,0,45616,45801,45349,48873,51540,50268,50601
ALIPY_UNCERTAINTY_ENTROPY,45616,0,57729,55221,40193,45392,45062,44993
ALIPY_UNCERTAINTY_LC,45801,57729,0,57342,40384,45409,44447,44438
ALIPY_UNCERTAINTY_MM,45349,55221,57342,0,39506,44543,43639,43910
OPTIMAL_GREEDY_10,48873,40193,40384,39506,0,46945,44375,44300
SKACTIVEML_DAL,51540,45392,45409,44543,46945,0,48322,49191
SMALLTEXT_EMBEDDINGKMEANS,50268,45062,44447,43639,44375,48322,0,50511
SMALLTEXT_LIGHTWEIGHTCORESET,50601,44993,44438,43910,44300,49191,50511,0
