,ALIPY_RANDOM,ALIPY_UNCERTAINTY_ENTROPY,ALIPY_UNCERTAINTY_LC,ALIPY_UNCERTAINTY_MM,OPTIMAL_GREEDY_10,SKACTIVEML_DAL,SMALLTEXT_EMBEDDINGKMEANS,SMALLTEXT_LIGHTWEIGHTCORESET
ALIPY_RANDOM,0,163,158,132,287,214,180,187
ALIPY_UNCERTAINTY_ENTROPY,163,0,280,215,200,136,121,88
ALIPY_UNCERTAINTY_LC,158,280,0,287,226,133,119,102
ALIPY_UNCERTAINTY_MM,132,215,287,0,197,119,88,101
OPTIMAL_GREEDY_10,287,200,226,197,0,244,213,178
SKACTIVEML_DAL,214,136,133,119,244,0,156,136
SMALLTEXT_EMBEDDINGKMEANS,180,121,119,88,213,156,0,137
SMALLTEXT_LIGHTWEIGHTCORESET,187,88,102,101,178,136,137,0
