,ALIPY_RANDOM,ALIPY_UNCERTAINTY_ENTROPY,ALIPY_UNCERTAINTY_LC,ALIPY_UNCERTAINTY_MM,OPTIMAL_GREEDY_10,SKACTIVEML_DAL,SMALLTEXT_EMBEDDINGKMEANS,SMALLTEXT_LIGHTWEIGHTCORESET
ALIPY_RANDOM,0,28,24,24,110,56,58,45
ALIPY_UNCERTAINTY_ENTROPY,28,0,149,80,48,26,14,14
ALIPY_UNCERTAINTY_LC,24,149,0,181,64,18,17,15
ALIPY_UNCERTAINTY_MM,24,80,181,0,40,23,16,14
OPTIMAL_GREEDY_10,110,48,64,40,0,75,67,42
SKACTIVEML_DAL,56,26,18,23,75,0,36,30
SMALLTEXT_EMBEDDINGKMEANS,58,14,17,16,67,36,0,38
SMALLTEXT_LIGHTWEIGHTCORESET,45,14,15,14,42,30,38,0
