,ALIPY_RANDOM,ALIPY_UNCERTAINTY_ENTROPY,ALIPY_UNCERTAINTY_LC,ALIPY_UNCERTAINTY_MM,OPTIMAL_GREEDY_10,SKACTIVEML_DAL,SMALLTEXT_EMBEDDINGKMEANS,SMALLTEXT_LIGHTWEIGHTCORESET
ALIPY_RANDOM,0,18,15,10,83,35,43,28
ALIPY_UNCERTAINTY_ENTROPY,18,0,97,33,26,17,6,9
ALIPY_UNCERTAINTY_LC,15,97,0,148,38,13,10,6
ALIPY_UNCERTAINTY_MM,10,33,148,0,24,13,6,8
OPTIMAL_GREEDY_10,83,26,38,24,0,42,53,30
SKACTIVEML_DAL,35,17,13,13,42,0,27,19
SMALLTEXT_EMBEDDINGKMEANS,43,6,10,6,53,27,0,28
SMALLTEXT_LIGHTWEIGHTCORESET,28,9,6,8,30,19,28,0
