,ALIPY_RANDOM,ALIPY_UNCERTAINTY_ENTROPY,ALIPY_UNCERTAINTY_LC,ALIPY_UNCERTAINTY_MM,OPTIMAL_GREEDY_10,SKACTIVEML_DAL,SMALLTEXT_EMBEDDINGKMEANS,SMALLTEXT_LIGHTWEIGHTCORESET
ALIPY_RANDOM,0,16201,16444,16701,21502,20150,20013,20224
ALIPY_UNCERTAINTY_ENTROPY,16201,0,34178,29556,15064,15652,16336,16757
ALIPY_UNCERTAINTY_LC,16444,34178,0,34497,15488,16135,15905,16508
ALIPY_UNCERTAINTY_MM,16701,29556,34497,0,15395,16381,16490,17161
OPTIMAL_GREEDY_10,21502,15064,15488,15395,0,20887,20575,19003
SKACTIVEML_DAL,20150,15652,16135,16381,20887,0,19777,20068
SMALLTEXT_EMBEDDINGKMEANS,20013,16336,15905,16490,20575,19777,0,22385
SMALLTEXT_LIGHTWEIGHTCORESET,20224,16757,16508,17161,19003,20068,22385,0
