,ALIPY_RANDOM,ALIPY_UNCERTAINTY_ENTROPY,ALIPY_UNCERTAINTY_LC,ALIPY_UNCERTAINTY_MM,OPTIMAL_GREEDY_10,SKACTIVEML_DAL,SMALLTEXT_EMBEDDINGKMEANS,SMALLTEXT_LIGHTWEIGHTCORESET
ALIPY_RANDOM,0,14006,14628,14993,16057,15453,15636,15417
ALIPY_UNCERTAINTY_ENTROPY,14006,0,19352,15816,13642,13984,13842,14392
ALIPY_UNCERTAINTY_LC,14628,19352,0,17540,13710,14075,13959,14156
ALIPY_UNCERTAINTY_MM,14993,15816,17540,0,14501,14582,14593,14702
OPTIMAL_GREEDY_10,16057,13642,13710,14501,0,15861,15929,15747
SKACTIVEML_DAL,15453,13984,14075,14582,15861,0,15105,15378
SMALLTEXT_EMBEDDINGKMEANS,15636,13842,13959,14593,15929,15105,0,15646
SMALLTEXT_LIGHTWEIGHTCORESET,15417,14392,14156,14702,15747,15378,15646,0
