,ALIPY_RANDOM,ALIPY_UNCERTAINTY_ENTROPY,ALIPY_UNCERTAINTY_LC,ALIPY_UNCERTAINTY_MM,OPTIMAL_GREEDY_10,SKACTIVEML_DAL,SMALLTEXT_EMBEDDINGKMEANS,SMALLTEXT_LIGHTWEIGHTCORESET
ALIPY_RANDOM,0,14917,15453,15377,17976,16578,16477,15809
ALIPY_UNCERTAINTY_ENTROPY,14917,0,19875,17853,15397,14891,14746,14774
ALIPY_UNCERTAINTY_LC,15453,19875,0,21470,15372,14622,14544,14659
ALIPY_UNCERTAINTY_MM,15377,17853,21470,0,15377,14891,14501,14770
OPTIMAL_GREEDY_10,17976,15397,15372,15377,0,16847,16337,15800
SKACTIVEML_DAL,16578,14891,14622,14891,16847,0,15789,15380
SMALLTEXT_EMBEDDINGKMEANS,16477,14746,14544,14501,16337,15789,0,16391
SMALLTEXT_LIGHTWEIGHTCORESET,15809,14774,14659,14770,15800,15380,16391,0
