,ALIPY_RANDOM,ALIPY_UNCERTAINTY_ENTROPY,ALIPY_UNCERTAINTY_LC,ALIPY_UNCERTAINTY_MM,OPTIMAL_GREEDY_10,SKACTIVEML_DAL,SMALLTEXT_EMBEDDINGKMEANS,SMALLTEXT_LIGHTWEIGHTCORESET
ALIPY_RANDOM,0,21578,22003,23109,29307,27142,26506,27586
ALIPY_UNCERTAINTY_ENTROPY,21578,0,42455,33894,20503,22208,20298,23123
ALIPY_UNCERTAINTY_LC,22003,42455,0,36585,20944,22521,20078,22871
ALIPY_UNCERTAINTY_MM,23109,33894,36585,0,22961,23703,21948,23727
OPTIMAL_GREEDY_10,29307,20503,20944,22961,0,29571,26214,27086
SKACTIVEML_DAL,27142,22208,22521,23703,29571,0,25527,27462
SMALLTEXT_EMBEDDINGKMEANS,26506,20298,20078,21948,26214,25527,0,28674
SMALLTEXT_LIGHTWEIGHTCORESET,27586,23123,22871,23727,27086,27462,28674,0
