,ALIPY_RANDOM,ALIPY_UNCERTAINTY_ENTROPY,ALIPY_UNCERTAINTY_LC,ALIPY_UNCERTAINTY_MM,OPTIMAL_GREEDY_10,SKACTIVEML_DAL,SMALLTEXT_EMBEDDINGKMEANS,SMALLTEXT_LIGHTWEIGHTCORESET
ALIPY_RANDOM,0,8360,9447,9740,13591,12663,12242,12264
ALIPY_UNCERTAINTY_ENTROPY,8360,0,21545,18174,8251,9032,9808,9017
ALIPY_UNCERTAINTY_LC,9447,21545,0,22273,8420,9039,9019,8513
ALIPY_UNCERTAINTY_MM,9740,18174,22273,0,8477,9136,9240,8992
OPTIMAL_GREEDY_10,13591,8251,8420,8477,0,13813,12663,11444
SKACTIVEML_DAL,12663,9032,9039,9136,13813,0,11843,12417
SMALLTEXT_EMBEDDINGKMEANS,12242,9808,9019,9240,12663,11843,0,14850
SMALLTEXT_LIGHTWEIGHTCORESET,12264,9017,8513,8992,11444,12417,14850,0
