,ALIPY_RANDOM,ALIPY_UNCERTAINTY_ENTROPY,ALIPY_UNCERTAINTY_LC,ALIPY_UNCERTAINTY_MM,OPTIMAL_GREEDY_10,SKACTIVEML_DAL,SMALLTEXT_EMBEDDINGKMEANS,SMALLTEXT_LIGHTWEIGHTCORESET
ALIPY_RANDOM,0,14974,15094,14819,22001,19046,18365,17081
ALIPY_UNCERTAINTY_ENTROPY,14974,0,29762,26382,15545,15330,14972,14107
ALIPY_UNCERTAINTY_LC,15094,29762,0,30422,16223,14442,14359,14463
ALIPY_UNCERTAINTY_MM,14819,26382,30422,0,15861,15105,13910,14331
OPTIMAL_GREEDY_10,22001,15545,16223,15861,0,21090,18773,16517
SKACTIVEML_DAL,19046,15330,14442,15105,21090,0,18167,16981
SMALLTEXT_EMBEDDINGKMEANS,18365,14972,14359,13910,18773,18167,0,21327
SMALLTEXT_LIGHTWEIGHTCORESET,17081,14107,14463,14331,16517,16981,21327,0
