,ALIPY_RANDOM,ALIPY_UNCERTAINTY_ENTROPY,ALIPY_UNCERTAINTY_LC,ALIPY_UNCERTAINTY_MM,OPTIMAL_GREEDY_10,SKACTIVEML_DAL,SMALLTEXT_EMBEDDINGKMEANS,SMALLTEXT_LIGHTWEIGHTCORESET
ALIPY_RANDOM,0,23448,23439,22921,31680,28304,27729,25803
ALIPY_UNCERTAINTY_ENTROPY,23448,0,39835,36124,24043,23383,23026,22098
ALIPY_UNCERTAINTY_LC,23439,39835,0,40020,24342,22389,22550,22754
ALIPY_UNCERTAINTY_MM,22921,36124,40020,0,24070,22671,21857,22202
OPTIMAL_GREEDY_10,31680,24043,24342,24070,0,30275,27392,24775
SKACTIVEML_DAL,28304,23383,22389,22671,30275,0,26497,24991
SMALLTEXT_EMBEDDINGKMEANS,27729,23026,22550,21857,27392,26497,0,29862
SMALLTEXT_LIGHTWEIGHTCORESET,25803,22098,22754,22202,24775,24991,29862,0
