,ALIPY_CORESET_GREEDY,ALIPY_DENSITY_WEIGHTED,ALIPY_GRAPH_DENSITY,ALIPY_RANDOM,ALIPY_UNCERTAINTY_LC,ALIPY_UNCERTAINTY_MM,LIBACT_DWUS,LIBACT_QUIRE,LIBACT_UNCERTAINTY_ENT,LIBACT_UNCERTAINTY_LC,LIBACT_UNCERTAINTY_SM,OPTIMAL_GREEDY_10,OPTIMAL_GREEDY_20,PLAYGROUND_BANDIT,PLAYGROUND_GRAPH_DENSITY,PLAYGROUND_INFORMATIVE_DIVERSE,PLAYGROUND_KCENTER_GREEDY,PLAYGROUND_MARGIN,PLAYGROUND_MIXTURE,PLAYGROUND_UNIFORM,SKACTIVEML_COST_EMBEDDING,SKACTIVEML_DAL,SKACTIVEML_DWUS,SKACTIVEML_QBC,SKACTIVEML_QBC_VOTE_ENTROPY,SKACTIVEML_QUIRE,SKACTIVEML_US_ENTROPY,SKACTIVEML_US_LC,SKACTIVEML_US_MARGIN,SMALLTEXT_BREAKINGTIES,SMALLTEXT_CONTRASTIVEAL,SMALLTEXT_EMBEDDINGKMEANS,SMALLTEXT_GREEDYCORESET,SMALLTEXT_LEASTCONFIDENCE,SMALLTEXT_LIGHTWEIGHTCORESET,SMALLTEXT_PREDICTIONENTROPY,SMALLTEXT_RANDOM
ALIPY_CORESET_GREEDY,1.0,0.273921665840357,0.24194348041646008,0.20971740208230044,0.23599405057015369,0.2307882994546356,0.24318294496777393,0.2478929102627665,0.21913733267228558,0.21988101140307387,0.21541893901834408,0.20699058006941,0.21046108081308876,0.25260287555775907,0.2411998016856718,0.23029251363411007,0.9390183440753594,0.2387208725830441,0.23351512146752604,0.21988101140307387,0.2550818046603867,0.23128408527516114,0.2555775904809122,0.2166584035696579,0.23128408527516114,0.26103123450669313,0.23029251363411007,0.2255825483391175,0.21938522558254833,0.21789786812097173,0.2464055528011899,0.2181457610312345,0.27937530986613784,0.2315319781854239,0.22211204759543876,0.23351512146752604,0.20847793753098662
ALIPY_DENSITY_WEIGHTED,0.273921665840357,1.0,0.2778879524045612,0.24367873078829946,0.27863163113534956,0.26871591472483886,0.29325731284085277,0.307882994546356,0.25855230540406543,0.2597917699553793,0.25334655428854735,0.23500247892910262,0.2307882994546356,0.29424888448190384,0.28011898859692613,0.26127912741695586,0.29077838373822507,0.2766484878532474,0.26127912741695586,0.25111551809618243,0.28656420426375806,0.2630143777887952,0.300446207238473,0.25409023301933564,0.2583044124938027,0.3148239960337134,0.27193852255825485,0.27540902330193356,0.2640059494298463,0.2583044124938027,0.28805156172533464,0.26053544868616757,0.29400099157164106,0.26822012890431335,0.2513634110064452,0.2734258800198314,0.24095190877540903
ALIPY_GRAPH_DENSITY,0.24194348041646008,0.2778879524045612,1.0,0.26896380763510164,0.27243430837878035,0.27193852255825485,0.32746653445711454,0.26450173525037185,0.26499752107089736,0.2635101636093208,0.263262270699058,0.270699058006941,0.2699553792761527,0.31036192364898363,0.9786812097174021,0.28681209717402084,0.2669806643529995,0.297223599405057,0.28656420426375806,0.29102627664848785,0.30292513634110063,0.2922657411998017,0.330193356470005,0.2900347050074368,0.2952404561229549,0.2957362419434804,0.2677243430837878,0.2667327714427367,0.26499752107089736,0.2692117005453644,0.29077838373822507,0.2915220624690134,0.30664352999504213,0.2635101636093208,0.28309370352007934,0.2667327714427367,0.2635101636093208
ALIPY_RANDOM,0.20971740208230044,0.24367873078829946,0.26896380763510164,1.0,0.2508676251859197,0.251611303916708,0.2734258800198314,0.244174516608825,0.24714923153197818,0.2424392662369856,0.24293505205751115,0.2550818046603867,0.25111551809618243,0.27912741695587506,0.2766484878532474,0.25731284085275163,0.24516608824987604,0.2669806643529995,0.26524541398116014,0.2741695587506197,0.270699058006941,0.270699058006941,0.27540902330193356,0.259048091224591,0.2850768468021815,0.26747645017352506,0.2555775904809122,0.25384234010907286,0.2508676251859197,0.22979672781358454,0.259048091224591,0.2714427367377293,0.266484878532474,0.22830937035200793,0.25632126921170056,0.23351512146752604,0.9786812097174021
ALIPY_UNCERTAINTY_LC,0.23599405057015369,0.27863163113534956,0.27243430837878035,0.2508676251859197,1.0,0.8039167079821518,0.30540406544372833,0.28656420426375806,0.3254833911750124,0.3480416460089241,0.3143282102131879,0.2528507684680218,0.25384234010907286,0.3591968269707486,0.28334159643034207,0.2937530986613783,0.2771442736737729,0.38373822508676253,0.32424392662369855,0.2788795240456123,0.32721864154685176,0.28383738225086763,0.32796232027764005,0.27491323748140806,0.2667327714427367,0.3173029251363411,0.34357957362419433,0.3596926127912742,0.3257312840852752,0.3735746157659891,0.2922657411998017,0.263262270699058,0.2962320277640059,0.4561229548834903,0.2617749132374814,0.3882002974714923,0.244174516608825
ALIPY_UNCERTAINTY_MM,0.2307882994546356,0.26871591472483886,0.27193852255825485,0.251611303916708,0.8039167079821518,1.0,0.30639563708477935,0.28061477441745164,0.31705503222607834,0.31606346058502727,0.33763014377788797,0.2530986613782846,0.25111551809618243,0.3616757560733763,0.28358948934060485,0.29400099157164106,0.27243430837878035,0.4268715914724839,0.3430837878036688,0.2766484878532474,0.32498760535448684,0.285572632622707,0.3225086762518592,0.2714427367377293,0.2702032721864155,0.31308874566187406,0.32796232027764005,0.32870599900842834,0.3482895389191869,0.4561229548834903,0.29176995537927614,0.2602875557759048,0.2962320277640059,0.3626673277144274,0.2625185919682697,0.36068418443232525,0.24541398116013882
LIBACT_DWUS,0.24318294496777393,0.29325731284085277,0.32746653445711454,0.2734258800198314,0.30540406544372833,0.30639563708477935,1.0,0.2882994546355974,0.29400099157164106,0.2937530986613783,0.29053049082796234,0.27962320277640057,0.2811105602379772,0.3430837878036688,0.3411006445215667,0.300446207238473,0.28582052553296977,0.3326722855726326,0.30490827962320277,0.30540406544372833,0.34234010907288054,0.30441249380267726,0.3440753594447199,0.3210213187902826,0.3031730292513634,0.32498760535448684,0.30143777887952405,0.30441249380267726,0.29424888448190384,0.2927615270203272,0.3215171046108081,0.3011898859692613,0.3215171046108081,0.2860684184432325,0.28730788299454635,0.2922657411998017,0.26846802181457613
LIBACT_QUIRE,0.2478929102627665,0.307882994546356,0.26450173525037185,0.244174516608825,0.28656420426375806,0.28061477441745164,0.2882994546355974,1.0,0.2662369856222112,0.26103123450669313,0.25359444719881014,0.23351512146752604,0.22583044124938026,0.2935052057511155,0.27540902330193356,0.26375805651958356,0.2863163113534953,0.2927615270203272,0.2692117005453644,0.26425384234010907,0.29127416955875063,0.2697074863658899,0.3068914229053049,0.2580565195835399,0.25681705503222607,0.3225086762518592,0.27243430837878035,0.2744174516608825,0.26524541398116014,0.2640059494298463,0.29771938522558256,0.2565691621219633,0.2878036688150719,0.26127912741695586,0.24590976698066436,0.26425384234010907,0.2389687654933069
LIBACT_UNCERTAINTY_ENT,0.21913733267228558,0.25855230540406543,0.26499752107089736,0.24714923153197818,0.3254833911750124,0.31705503222607834,0.29400099157164106,0.2662369856222112,1.0,0.8495290034705008,0.8207734258800198,0.24863658899355479,0.2506197322756569,0.32300446207238476,0.2778879524045612,0.29771938522558256,0.26474962816063463,0.31928606841844326,0.2952404561229549,0.26896380763510164,0.3106098165592464,0.27689638076351014,0.3145761031234507,0.2630143777887952,0.26822012890431335,0.30193356470004956,0.35374318294496776,0.32746653445711454,0.31011403073872085,0.3743182944967774,0.27987109568666335,0.2627664848785325,0.2890431333663857,0.3810114030738721,0.248388696083292,0.4075359444719881,0.24095190877540903
LIBACT_UNCERTAINTY_LC,0.21988101140307387,0.2597917699553793,0.2635101636093208,0.2424392662369856,0.3480416460089241,0.31606346058502727,0.2937530986613783,0.26103123450669313,0.8495290034705008,1.0,0.8247397124442241,0.24962816063460586,0.24516608824987604,0.3222607833415964,0.27615270203272185,0.297223599405057,0.2654933068914229,0.31928606841844326,0.29474467030242935,0.2677243430837878,0.3148239960337134,0.278135845314824,0.3173029251363411,0.2635101636093208,0.26747645017352506,0.30466038671294,0.3358948934060486,0.3475458601883986,0.3073872087258304,0.37679722359940504,0.2776400594942985,0.26127912741695586,0.29028259791769956,0.4045612295488349,0.2498760535448686,0.3884481903817551,0.23698562221120476
LIBACT_UNCERTAINTY_SM,0.21541893901834408,0.25334655428854735,0.263262270699058,0.24293505205751115,0.3143282102131879,0.33763014377788797,0.29053049082796234,0.25359444719881014,0.8207734258800198,0.8247397124442241,1.0,0.24541398116013882,0.24814080317302925,0.3148239960337134,0.27540902330193356,0.29053049082796234,0.2583044124938027,0.3113534952900347,0.2818542389687655,0.2702032721864155,0.30441249380267726,0.273921665840357,0.3098661378284581,0.26103123450669313,0.26425384234010907,0.29821517104610806,0.31011403073872085,0.31011403073872085,0.33242439266236984,0.39885969261279125,0.27243430837878035,0.25731284085275163,0.28011898859692613,0.36440257808626675,0.24541398116013882,0.3728309370352008,0.23648983639067922
OPTIMAL_GREEDY_10,0.20699058006941,0.23500247892910262,0.270699058006941,0.2550818046603867,0.2528507684680218,0.2530986613782846,0.27962320277640057,0.23351512146752604,0.24863658899355479,0.24962816063460586,0.24541398116013882,1.0,0.3371343579573624,0.28681209717402084,0.27937530986613784,0.2751611303916708,0.23822508676251858,0.2734258800198314,0.28284581060981656,0.29548834903321763,0.2662369856222112,0.27987109568666335,0.2808626673277144,0.2699553792761527,0.2853247397124442,0.2659890927119484,0.24293505205751115,0.25012394645513136,0.24962816063460586,0.2345066931085771,0.2565691621219633,0.29325731284085277,0.26474962816063463,0.22830937035200793,0.266484878532474,0.22954883490332176,0.2508676251859197
OPTIMAL_GREEDY_20,0.21046108081308876,0.2307882994546356,0.2699553792761527,0.25111551809618243,0.25384234010907286,0.25111551809618243,0.2811105602379772,0.22583044124938026,0.2506197322756569,0.24516608824987604,0.24814080317302925,0.3371343579573624,1.0,0.2845810609816559,0.2783837382250868,0.27937530986613784,0.23772930094199307,0.2773921665840357,0.27615270203272185,0.28383738225086763,0.2746653445711453,0.2803668815071889,0.2890431333663857,0.26474962816063463,0.27962320277640057,0.26474962816063463,0.2461576598909271,0.25260287555775907,0.24690133862171543,0.22806147744174515,0.2545860188398612,0.2890431333663857,0.2630143777887952,0.22682201289043133,0.27268220128904314,0.23103619236489836,0.24888448190381754
PLAYGROUND_BANDIT,0.25260287555775907,0.29424888448190384,0.31036192364898363,0.27912741695587506,0.3591968269707486,0.3616757560733763,0.3430837878036688,0.2935052057511155,0.32300446207238476,0.3222607833415964,0.3148239960337134,0.28681209717402084,0.2845810609816559,1.0,0.32374814080317305,0.44199305899851266,0.29846306395637084,0.6457610312345067,0.4786812097174021,0.3187902825979177,0.3862171541893902,0.31036192364898363,0.3408527516113039,0.3076351016360932,0.3009419930589985,0.35250371839365396,0.3326722855726326,0.3331680713931582,0.32449181953396133,0.3401090728805156,0.32002974714923155,0.30912245909766983,0.3220128904313337,0.3294496777392167,0.2915220624690134,0.33515121467526027,0.2746653445711453
PLAYGROUND_GRAPH_DENSITY,0.2411998016856718,0.28011898859692613,0.9786812097174021,0.2766484878532474,0.28334159643034207,0.28358948934060485,0.3411006445215667,0.27540902330193356,0.2778879524045612,0.27615270203272185,0.27540902330193356,0.27937530986613784,0.2783837382250868,0.32374814080317305,1.0,0.2999504214179474,0.2803668815071889,0.3106098165592464,0.2997025285076847,0.30292513634110063,0.31606346058502727,0.3026772434308379,0.3415964303420922,0.30143777887952405,0.30664352999504213,0.30887456618740705,0.2811105602379772,0.27987109568666335,0.2773921665840357,0.2811105602379772,0.30168567178978684,0.3009419930589985,0.3190381755081805,0.2746653445711453,0.29028259791769956,0.2778879524045612,0.27243430837878035
PLAYGROUND_INFORMATIVE_DIVERSE,0.23029251363411007,0.26127912741695586,0.28681209717402084,0.25731284085275163,0.2937530986613783,0.29400099157164106,0.300446207238473,0.26375805651958356,0.29771938522558256,0.297223599405057,0.29053049082796234,0.2751611303916708,0.27937530986613784,0.44199305899851266,0.2999504214179474,1.0,0.2736737729300942,0.43108577094695094,0.40133862171541895,0.2967278135845315,0.3406048587010411,0.2882994546355974,0.32002974714923155,0.278135845314824,0.28284581060981656,0.3116013882002975,0.30218145761031234,0.3034209221616262,0.2935052057511155,0.2746653445711453,0.2840852751611304,0.282350024789291,0.2997025285076847,0.27243430837878035,0.2702032721864155,0.2734258800198314,0.25260287555775907
PLAYGROUND_KCENTER_GREEDY,0.9390183440753594,0.29077838373822507,0.2669806643529995,0.24516608824987604,0.2771442736737729,0.27243430837878035,0.28582052553296977,0.2863163113534953,0.26474962816063463,0.2654933068914229,0.2583044124938027,0.23822508676251858,0.23772930094199307,0.29846306395637084,0.2803668815071889,0.2736737729300942,1.0,0.2845810609816559,0.2771442736737729,0.25855230540406543,0.29920674268715913,0.26846802181457613,0.29771938522558256,0.2565691621219633,0.2704511650966782,0.30466038671294,0.2746653445711453,0.2721864154685176,0.2635101636093208,0.26127912741695586,0.28309370352007934,0.25409023301933564,0.3190381755081805,0.2662369856222112,0.24814080317302925,0.2662369856222112,0.24020823004462072
PLAYGROUND_MARGIN,0.2387208725830441,0.2766484878532474,0.297223599405057,0.2669806643529995,0.38373822508676253,0.4268715914724839,0.3326722855726326,0.2927615270203272,0.31928606841844326,0.31928606841844326,0.3113534952900347,0.2734258800198314,0.2773921665840357,0.6457610312345067,0.3106098165592464,0.43108577094695094,0.2845810609816559,1.0,0.5589985126425384,0.3026772434308379,0.37183936539414975,0.2994546355974219,0.3331680713931582,0.29771938522558256,0.28755577590480913,0.3366385721368369,0.32350024789291026,0.3267228557263262,0.319533961328706,0.40580069410014874,0.307882994546356,0.29176995537927614,0.3106098165592464,0.3616757560733763,0.27937530986613784,0.36043629152206247,0.2617749132374814
PLAYGROUND_MIXTURE,0.23351512146752604,0.26127912741695586,0.28656420426375806,0.26524541398116014,0.32424392662369855,0.3430837878036688,0.30490827962320277,0.2692117005453644,0.2952404561229549,0.29474467030242935,0.2818542389687655,0.28284581060981656,0.27615270203272185,0.4786812097174021,0.2997025285076847,0.40133862171541895,0.2771442736737729,0.5589985126425384,1.0,0.3041646008924145,0.3289538919186911,0.28656420426375806,0.31234506693108577,0.2825979176995538,0.2890431333663857,0.3108577094695092,0.29400099157164106,0.2957362419434804,0.2922657411998017,0.32052553296975705,0.2825979176995538,0.29548834903321763,0.28953891918691127,0.29474467030242935,0.2729300941993059,0.297223599405057,0.2602875557759048
PLAYGROUND_UNIFORM,0.21988101140307387,0.25111551809618243,0.29102627664848785,0.2741695587506197,0.2788795240456123,0.2766484878532474,0.30540406544372833,0.26425384234010907,0.26896380763510164,0.2677243430837878,0.2702032721864155,0.29548834903321763,0.28383738225086763,0.3187902825979177,0.30292513634110063,0.2967278135845315,0.25855230540406543,0.3026772434308379,0.3041646008924145,1.0,0.2967278135845315,0.28383738225086763,0.29796727813584534,0.2776400594942985,0.2967278135845315,0.2925136341100645,0.27119484382746656,0.2709469509172038,0.26945959345562714,0.2744174516608825,0.2863163113534953,0.29028259791769956,0.2882994546355974,0.270699058006941,0.2751611303916708,0.2751611303916708,0.2702032721864155
SKACTIVEML_COST_EMBEDDING,0.2550818046603867,0.28656420426375806,0.30292513634110063,0.270699058006941,0.32721864154685176,0.32498760535448684,0.34234010907288054,0.29127416955875063,0.3106098165592464,0.3148239960337134,0.30441249380267726,0.2662369856222112,0.2746653445711453,0.3862171541893902,0.31606346058502727,0.3406048587010411,0.29920674268715913,0.37183936539414975,0.3289538919186911,0.2967278135845315,1.0,0.2937530986613783,0.3306891422905305,0.30168567178978684,0.29548834903321763,0.35399107585523054,0.3254833911750124,0.326970748636589,0.32002974714923155,0.30490827962320277,0.31011403073872085,0.2853247397124442,0.32424392662369855,0.30292513634110063,0.28681209717402084,0.31308874566187406,0.2654933068914229
SKACTIVEML_DAL,0.23128408527516114,0.2630143777887952,0.2922657411998017,0.270699058006941,0.28383738225086763,0.285572632622707,0.30441249380267726,0.2697074863658899,0.27689638076351014,0.278135845314824,0.273921665840357,0.27987109568666335,0.2803668815071889,0.31036192364898363,0.3026772434308379,0.2882994546355974,0.26846802181457613,0.2994546355974219,0.28656420426375806,0.28383738225086763,0.2937530986613783,1.0,0.319533961328706,0.27863163113534956,0.2987109568666336,0.297223599405057,0.28284581060981656,0.27937530986613784,0.2741695587506197,0.2697074863658899,0.28730788299454635,0.28383738225086763,0.29548834903321763,0.26524541398116014,0.2808626673277144,0.27119484382746656,0.2659890927119484
SKACTIVEML_DWUS,0.2555775904809122,0.300446207238473,0.330193356470005,0.27540902330193356,0.32796232027764005,0.3225086762518592,0.3440753594447199,0.3068914229053049,0.3145761031234507,0.3173029251363411,0.3098661378284581,0.2808626673277144,0.2890431333663857,0.3408527516113039,0.3415964303420922,0.32002974714923155,0.29771938522558256,0.3331680713931582,0.31234506693108577,0.29796727813584534,0.3306891422905305,0.319533961328706,1.0,0.31036192364898363,0.32002974714923155,0.3363906792265741,0.3321764997521071,0.33242439266236984,0.3247397124442241,0.30639563708477935,0.32399603371343577,0.30441249380267726,0.33763014377788797,0.3024293505205751,0.29300941993059,0.30540406544372833,0.27243430837878035
SKACTIVEML_QBC,0.2166584035696579,0.25409023301933564,0.2900347050074368,0.259048091224591,0.27491323748140806,0.2714427367377293,0.3210213187902826,0.2580565195835399,0.2630143777887952,0.2635101636093208,0.26103123450669313,0.2699553792761527,0.26474962816063463,0.3076351016360932,0.30143777887952405,0.278135845314824,0.2565691621219633,0.29771938522558256,0.2825979176995538,0.2776400594942985,0.30168567178978684,0.27863163113534956,0.31036192364898363,1.0,0.2967278135845315,0.30168567178978684,0.2776400594942985,0.2816063460585027,0.2803668815071889,0.26053544868616757,0.29548834903321763,0.27962320277640057,0.28755577590480913,0.2580565195835399,0.26822012890431335,0.25409023301933564,0.2543381259295984
SKACTIVEML_QBC_VOTE_ENTROPY,0.23128408527516114,0.2583044124938027,0.2952404561229549,0.2850768468021815,0.2667327714427367,0.2702032721864155,0.3031730292513634,0.25681705503222607,0.26822012890431335,0.26747645017352506,0.26425384234010907,0.2853247397124442,0.27962320277640057,0.3009419930589985,0.30664352999504213,0.28284581060981656,0.2704511650966782,0.28755577590480913,0.2890431333663857,0.2967278135845315,0.29548834903321763,0.2987109568666336,0.32002974714923155,0.2967278135845315,1.0,0.29920674268715913,0.2783837382250868,0.2776400594942985,0.27317798710956864,0.26078334159643035,0.2962320277640059,0.29400099157164106,0.2989588497768964,0.25731284085275163,0.28284581060981656,0.26152702032721864,0.28135845314824
SKACTIVEML_QUIRE,0.26103123450669313,0.3148239960337134,0.2957362419434804,0.26747645017352506,0.3173029251363411,0.31308874566187406,0.32498760535448684,0.3225086762518592,0.30193356470004956,0.30466038671294,0.29821517104610806,0.2659890927119484,0.26474962816063463,0.35250371839365396,0.30887456618740705,0.3116013882002975,0.30466038671294,0.3366385721368369,0.3108577094695092,0.2925136341100645,0.35399107585523054,0.297223599405057,0.3363906792265741,0.30168567178978684,0.29920674268715913,1.0,0.3173029251363411,0.3210213187902826,0.31036192364898363,0.3031730292513634,0.3210213187902826,0.288795240456123,0.32374814080317305,0.2959841348537432,0.2788795240456123,0.2989588497768964,0.26103123450669313
SKACTIVEML_US_ENTROPY,0.23029251363411007,0.27193852255825485,0.2677243430837878,0.2555775904809122,0.34357957362419433,0.32796232027764005,0.30143777887952405,0.27243430837878035,0.35374318294496776,0.3358948934060486,0.31011403073872085,0.24293505205751115,0.2461576598909271,0.3326722855726326,0.2811105602379772,0.30218145761031234,0.2746653445711453,0.32350024789291026,0.29400099157164106,0.27119484382746656,0.3254833911750124,0.28284581060981656,0.3321764997521071,0.2776400594942985,0.2783837382250868,0.3173029251363411,1.0,0.8445711452652455,0.8098661378284581,0.3098661378284581,0.289786812097174,0.263262270699058,0.3031730292513634,0.32399603371343577,0.2550818046603867,0.34605850272682204,0.24913237481408032
SKACTIVEML_US_LC,0.2255825483391175,0.27540902330193356,0.2667327714427367,0.25384234010907286,0.3596926127912742,0.32870599900842834,0.30441249380267726,0.2744174516608825,0.32746653445711454,0.3475458601883986,0.31011403073872085,0.25012394645513136,0.25260287555775907,0.3331680713931582,0.27987109568666335,0.3034209221616262,0.2721864154685176,0.3267228557263262,0.2957362419434804,0.2709469509172038,0.326970748636589,0.27937530986613784,0.33242439266236984,0.2816063460585027,0.2776400594942985,0.3210213187902826,0.8445711452652455,1.0,0.8135845314823996,0.3111056023797719,0.2840852751611304,0.26871591472483886,0.3026772434308379,0.3373822508676252,0.25632126921170056,0.3222607833415964,0.24814080317302925
SKACTIVEML_US_MARGIN,0.21938522558254833,0.2640059494298463,0.26499752107089736,0.2508676251859197,0.3257312840852752,0.3482895389191869,0.29424888448190384,0.26524541398116014,0.31011403073872085,0.3073872087258304,0.33242439266236984,0.24962816063460586,0.24690133862171543,0.32449181953396133,0.2773921665840357,0.2935052057511155,0.2635101636093208,0.319533961328706,0.2922657411998017,0.26945959345562714,0.32002974714923155,0.2741695587506197,0.3247397124442241,0.2803668815071889,0.27317798710956864,0.31036192364898363,0.8098661378284581,0.8135845314823996,1.0,0.33093703520079326,0.28433316807139314,0.26227069905800693,0.2959841348537432,0.2997025285076847,0.25384234010907286,0.3031730292513634,0.24467030242935053
SMALLTEXT_BREAKINGTIES,0.21789786812097173,0.2583044124938027,0.2692117005453644,0.22979672781358454,0.3735746157659891,0.4561229548834903,0.2927615270203272,0.2640059494298463,0.3743182944967774,0.37679722359940504,0.39885969261279125,0.2345066931085771,0.22806147744174515,0.3401090728805156,0.2811105602379772,0.2746653445711453,0.26127912741695586,0.40580069410014874,0.32052553296975705,0.2744174516608825,0.30490827962320277,0.2697074863658899,0.30639563708477935,0.26053544868616757,0.26078334159643035,0.3031730292513634,0.3098661378284581,0.3111056023797719,0.33093703520079326,1.0,0.2697074863658899,0.2550818046603867,0.2803668815071889,0.7969757064947942,0.25012394645513136,0.7944967773921666,0.22434308378780368
SMALLTEXT_CONTRASTIVEAL,0.2464055528011899,0.28805156172533464,0.29077838373822507,0.259048091224591,0.2922657411998017,0.29176995537927614,0.3215171046108081,0.29771938522558256,0.27987109568666335,0.2776400594942985,0.27243430837878035,0.2565691621219633,0.2545860188398612,0.32002974714923155,0.30168567178978684,0.2840852751611304,0.28309370352007934,0.307882994546356,0.2825979176995538,0.2863163113534953,0.31011403073872085,0.28730788299454635,0.32399603371343577,0.29548834903321763,0.2962320277640059,0.3210213187902826,0.289786812097174,0.2840852751611304,0.28433316807139314,0.2697074863658899,1.0,0.2766484878532474,0.30862667327714427,0.270699058006941,0.26499752107089736,0.2741695587506197,0.25632126921170056
SMALLTEXT_EMBEDDINGKMEANS,0.2181457610312345,0.26053544868616757,0.2915220624690134,0.2714427367377293,0.263262270699058,0.2602875557759048,0.3011898859692613,0.2565691621219633,0.2627664848785325,0.26127912741695586,0.25731284085275163,0.29325731284085277,0.2890431333663857,0.30912245909766983,0.3009419930589985,0.282350024789291,0.25409023301933564,0.29176995537927614,0.29548834903321763,0.29028259791769956,0.2853247397124442,0.28383738225086763,0.30441249380267726,0.27962320277640057,0.29400099157164106,0.288795240456123,0.263262270699058,0.26871591472483886,0.26227069905800693,0.2550818046603867,0.2766484878532474,1.0,0.2788795240456123,0.24962816063460586,0.27937530986613784,0.2513634110064452,0.266484878532474
SMALLTEXT_GREEDYCORESET,0.27937530986613784,0.29400099157164106,0.30664352999504213,0.266484878532474,0.2962320277640059,0.2962320277640059,0.3215171046108081,0.2878036688150719,0.2890431333663857,0.29028259791769956,0.28011898859692613,0.26474962816063463,0.2630143777887952,0.3220128904313337,0.3190381755081805,0.2997025285076847,0.3190381755081805,0.3106098165592464,0.28953891918691127,0.2882994546355974,0.32424392662369855,0.29548834903321763,0.33763014377788797,0.28755577590480913,0.2989588497768964,0.32374814080317305,0.3031730292513634,0.3026772434308379,0.2959841348537432,0.2803668815071889,0.30862667327714427,0.2788795240456123,1.0,0.285572632622707,0.26945959345562714,0.29028259791769956,0.263262270699058
SMALLTEXT_LEASTCONFIDENCE,0.2315319781854239,0.26822012890431335,0.2635101636093208,0.22830937035200793,0.4561229548834903,0.3626673277144274,0.2860684184432325,0.26127912741695586,0.3810114030738721,0.4045612295488349,0.36440257808626675,0.22830937035200793,0.22682201289043133,0.3294496777392167,0.2746653445711453,0.27243430837878035,0.2662369856222112,0.3616757560733763,0.29474467030242935,0.270699058006941,0.30292513634110063,0.26524541398116014,0.3024293505205751,0.2580565195835399,0.25731284085275163,0.2959841348537432,0.32399603371343577,0.3373822508676252,0.2997025285076847,0.7969757064947942,0.270699058006941,0.24962816063460586,0.285572632622707,1.0,0.26375805651958356,0.8361427863163113,0.24070401586514625
SMALLTEXT_LIGHTWEIGHTCORESET,0.22211204759543876,0.2513634110064452,0.28309370352007934,0.25632126921170056,0.2617749132374814,0.2625185919682697,0.28730788299454635,0.24590976698066436,0.248388696083292,0.2498760535448686,0.24541398116013882,0.266484878532474,0.27268220128904314,0.2915220624690134,0.29028259791769956,0.2702032721864155,0.24814080317302925,0.27937530986613784,0.2729300941993059,0.2751611303916708,0.28681209717402084,0.2808626673277144,0.29300941993059,0.26822012890431335,0.28284581060981656,0.2788795240456123,0.2550818046603867,0.25632126921170056,0.25384234010907286,0.25012394645513136,0.26499752107089736,0.27937530986613784,0.26945959345562714,0.26375805651958356,1.0,0.26945959345562714,0.2677243430837878
SMALLTEXT_PREDICTIONENTROPY,0.23351512146752604,0.2734258800198314,0.2667327714427367,0.23351512146752604,0.3882002974714923,0.36068418443232525,0.2922657411998017,0.26425384234010907,0.4075359444719881,0.3884481903817551,0.3728309370352008,0.22954883490332176,0.23103619236489836,0.33515121467526027,0.2778879524045612,0.2734258800198314,0.2662369856222112,0.36043629152206247,0.297223599405057,0.2751611303916708,0.31308874566187406,0.27119484382746656,0.30540406544372833,0.25409023301933564,0.26152702032721864,0.2989588497768964,0.34605850272682204,0.3222607833415964,0.3031730292513634,0.7944967773921666,0.2741695587506197,0.2513634110064452,0.29028259791769956,0.8361427863163113,0.26945959345562714,1.0,0.24962816063460586
SMALLTEXT_RANDOM,0.20847793753098662,0.24095190877540903,0.2635101636093208,0.9786812097174021,0.244174516608825,0.24541398116013882,0.26846802181457613,0.2389687654933069,0.24095190877540903,0.23698562221120476,0.23648983639067922,0.2508676251859197,0.24888448190381754,0.2746653445711453,0.27243430837878035,0.25260287555775907,0.24020823004462072,0.2617749132374814,0.2602875557759048,0.2702032721864155,0.2654933068914229,0.2659890927119484,0.27243430837878035,0.2543381259295984,0.28135845314824,0.26103123450669313,0.24913237481408032,0.24814080317302925,0.24467030242935053,0.22434308378780368,0.25632126921170056,0.266484878532474,0.263262270699058,0.24070401586514625,0.2677243430837878,0.24962816063460586,1.0
