,ALIPY_CORESET_GREEDY,ALIPY_DENSITY_WEIGHTED,ALIPY_GRAPH_DENSITY,ALIPY_RANDOM,ALIPY_UNCERTAINTY_LC,ALIPY_UNCERTAINTY_MM,LIBACT_DWUS,LIBACT_QUIRE,LIBACT_UNCERTAINTY_ENT,LIBACT_UNCERTAINTY_LC,LIBACT_UNCERTAINTY_SM,OPTIMAL_GREEDY_10,OPTIMAL_GREEDY_20,PLAYGROUND_BANDIT,PLAYGROUND_GRAPH_DENSITY,PLAYGROUND_INFORMATIVE_DIVERSE,PLAYGROUND_KCENTER_GREEDY,PLAYGROUND_MARGIN,PLAYGROUND_MIXTURE,PLAYGROUND_UNIFORM,SKACTIVEML_COST_EMBEDDING,SKACTIVEML_DAL,SKACTIVEML_DWUS,SKACTIVEML_QBC,SKACTIVEML_QBC_VOTE_ENTROPY,SKACTIVEML_QUIRE,SKACTIVEML_US_ENTROPY,SKACTIVEML_US_LC,SKACTIVEML_US_MARGIN,SMALLTEXT_BREAKINGTIES,SMALLTEXT_CONTRASTIVEAL,SMALLTEXT_EMBEDDINGKMEANS,SMALLTEXT_GREEDYCORESET,SMALLTEXT_LEASTCONFIDENCE,SMALLTEXT_LIGHTWEIGHTCORESET,SMALLTEXT_PREDICTIONENTROPY,SMALLTEXT_RANDOM
ALIPY_CORESET_GREEDY,1.0,0.26450173525037185,0.02330193356470005,0.053792761527020325,0.051313832424392664,0.033217649975210706,0.030738720872583045,0.3396132870599901,0.043877045116509666,0.039167079821517105,0.024293505205751114,0.06445215666831929,0.059494298463063956,0.062221120475954385,0.02330193356470005,0.07015369360436291,1.0,0.04610808130887457,0.06321269211700545,0.06370847793753098,0.10411502231036192,0.0946950917203768,0.06569162121963312,0.06891422905304909,0.06618740704015866,0.1412989588497769,0.04189390183440753,0.037927615270203274,0.02875557759048091,0.021566683192860685,0.1812097174020823,0.08775409023301933,0.42017848289538917,0.03867129400099157,0.11031234506693109,0.03867129400099157,0.053792761527020325
ALIPY_DENSITY_WEIGHTED,0.26450173525037185,1.0,0.022310361923648984,0.04238968765493307,0.12964799206742686,0.11452652454139811,0.020079325731284084,0.29400099157164106,0.11427863163113534,0.11328705999008429,0.09791769955379276,0.06271690629647993,0.06817055032226078,0.10981655924640556,0.022310361923648984,0.1264253842340109,0.26450173525037185,0.10907288051561725,0.08527516113039167,0.06296479920674268,0.1487357461576599,0.09048091224590976,0.07387208725830441,0.0518096182449182,0.07238472979672782,0.18691125433812594,0.12320277640059495,0.11551809618244918,0.10337134357957363,0.09593455627169063,0.15245413981160139,0.05800694100148736,0.34357957362419433,0.10882498760535449,0.10832920178482895,0.12022806147744175,0.04238968765493307
ALIPY_GRAPH_DENSITY,0.02330193356470005,0.022310361923648984,1.0,0.10510659395141299,0.040406544372830935,0.04338125929598413,0.10585027268220129,0.04933068914229053,0.025532969757064948,0.022806147744174516,0.027268220128904314,0.12072384729796728,0.12444224095190877,0.05404065443728309,1.0,0.05156172533465543,0.02330193356470005,0.03445711452652454,0.0451165096678235,0.11006445215666832,0.06593951412989589,0.11750123946455131,0.09519087754090233,0.11477441745166088,0.12270699058006941,0.04561229548834903,0.027020327218641546,0.026276648487853247,0.03148239960337134,0.02478929102627665,0.07957362419434805,0.12345066931085771,0.03470500743678731,0.022310361923648984,0.09444719881011403,0.025037183936539417,0.10510659395141299
ALIPY_RANDOM,0.053792761527020325,0.04238968765493307,0.10510659395141299,1.0,0.058254833911750126,0.06593951412989589,0.11898859692612791,0.07089737233515121,0.03594447198810114,0.02949925632126921,0.040406544372830935,0.2550818046603867,0.25731284085275163,0.11427863163113534,0.10510659395141299,0.09221616261774913,0.053792761527020325,0.07040158651462568,0.10981655924640556,0.2659890927119484,0.13187902825979178,0.23326722855726326,0.139067922657412,0.23797719385225583,0.27119484382746656,0.0887456618740704,0.03619236489836391,0.035448686167575606,0.0458601883986118,0.04015865146256817,0.1360932077342588,0.20500743678730787,0.06593951412989589,0.03445711452652454,0.18468021814576102,0.036440257808626676,1.0
ALIPY_UNCERTAINTY_LC,0.051313832424392664,0.12964799206742686,0.040406544372830935,0.058254833911750126,1.0,0.7674764501735251,0.033217649975210706,0.051313832424392664,0.2166584035696579,0.23425880019831433,0.1834407535944472,0.08676251859196826,0.08676251859196826,0.1517104610808131,0.040406544372830935,0.1737729300941993,0.051313832424392664,0.23797719385225583,0.1420426375805652,0.0857709469509172,0.1271690629647992,0.09444719881011403,0.06073376301437779,0.06668319286068418,0.08973723351512147,0.10114030738720872,0.22012890431333665,0.2374814080317303,0.19112543381259295,0.24541398116013882,0.08775409023301933,0.05924640555280119,0.05751115518096182,0.3601883986117997,0.11650966782350025,0.2811105602379772,0.058254833911750126
ALIPY_UNCERTAINTY_MM,0.033217649975210706,0.11452652454139811,0.04338125929598413,0.06593951412989589,0.7674764501735251,1.0,0.04015865146256817,0.03941497273177987,0.17352503718393653,0.18740704015865145,0.2248388696083292,0.09742191373326722,0.09271194843827467,0.1574119980168567,0.04338125929598413,0.17798710956866634,0.033217649975210706,0.2818542389687655,0.17030242935052056,0.09419930589985126,0.12320277640059495,0.0991571641051066,0.06494794248884482,0.07164105106593951,0.09643034209221617,0.08552305404065444,0.18220128904313337,0.1901338621715419,0.2196331184928111,0.3554784333168071,0.0835399107585523,0.06519583539910759,0.03891918691125434,0.2404561229548835,0.11427863163113534,0.23648983639067922,0.06593951412989589
LIBACT_DWUS,0.030738720872583045,0.020079325731284084,0.10585027268220129,0.11898859692612791,0.033217649975210706,0.04015865146256817,1.0,0.06717897868120971,0.03445711452652454,0.029995042141794746,0.031978185423896875,0.18889439762022806,0.19186911254338126,0.07164105106593951,0.10585027268220129,0.06618740704015866,0.030738720872583045,0.0406544372830937,0.05651958353991076,0.18393653941497273,0.06693108577094695,0.17055032226078334,0.300446207238473,0.22979672781358454,0.1945959345562717,0.07188894397620228,0.024293505205751114,0.029747149231531978,0.03247397124442241,0.026524541398116015,0.12270699058006941,0.3477937530986614,0.05428854734754586,0.023549826474962815,0.10857709469509172,0.025532969757064948,0.11898859692612791
LIBACT_QUIRE,0.3396132870599901,0.29400099157164106,0.04933068914229053,0.07089737233515121,0.051313832424392664,0.03941497273177987,0.06717897868120971,1.0,0.052553296975706494,0.04238968765493307,0.031234506693108576,0.0984134853743183,0.09866137828458106,0.06742687159147248,0.04933068914229053,0.07659890927119484,0.3396132870599901,0.049826474962816066,0.06420426375805652,0.09940505701536936,0.11527020327218641,0.10981655924640556,0.09395141298958849,0.10609816559246406,0.10510659395141299,0.16385721368368864,0.045364402578086264,0.047595438770451165,0.03371343579573624,0.027764005949429845,0.2196331184928111,0.10461080813088745,0.38720872583044125,0.041398116013882005,0.11279127416955875,0.044868616757560736,0.07089737233515121
LIBACT_UNCERTAINTY_ENT,0.043877045116509666,0.11427863163113534,0.025532969757064948,0.03594447198810114,0.2166584035696579,0.17352503718393653,0.03445711452652454,0.052553296975706494,1.0,0.8128408527516113,0.7583044124938026,0.06395637084779375,0.06395637084779375,0.0991571641051066,0.025532969757064948,0.12543381259295985,0.043877045116509666,0.1346058502726822,0.07858205255329698,0.07089737233515121,0.0984134853743183,0.06965790778383739,0.05230540406544373,0.054784333168071395,0.06668319286068418,0.07411998016856718,0.2345066931085771,0.20971740208230044,0.17848289538919188,0.18889439762022806,0.07312840852751612,0.058254833911750126,0.049826474962816066,0.2203767972235994,0.08006941001487357,0.26152702032721864,0.03594447198810114
LIBACT_UNCERTAINTY_LC,0.039167079821517105,0.11328705999008429,0.022806147744174516,0.02949925632126921,0.23425880019831433,0.18740704015865145,0.029995042141794746,0.04238968765493307,0.8128408527516113,1.0,0.7825979176995538,0.05701536936043629,0.057263262270699056,0.10436291522062469,0.022806147744174516,0.13262270699058007,0.039167079821517105,0.14328210213187903,0.0813088745661874,0.06122954883490332,0.10039662865642042,0.06246901338621715,0.04858701041150223,0.043877045116509666,0.06569162121963312,0.06593951412989589,0.2226078334159643,0.23277144273673772,0.18542389687654934,0.20252850768468023,0.061973227565691624,0.04858701041150223,0.05280118988596926,0.24467030242935053,0.08180466038671294,0.24219137332672286,0.02949925632126921
LIBACT_UNCERTAINTY_SM,0.024293505205751114,0.09791769955379276,0.027268220128904314,0.040406544372830935,0.1834407535944472,0.2248388696083292,0.031978185423896875,0.031234506693108576,0.7583044124938026,0.7825979176995538,1.0,0.06569162121963312,0.06172533465542886,0.11279127416955875,0.027268220128904314,0.13658899355478432,0.024293505205751114,0.14972731779871096,0.0909766980664353,0.06767476450173525,0.10039662865642042,0.07015369360436291,0.04933068914229053,0.048834903321764996,0.07635101636093208,0.05577590480912246,0.18443232523549827,0.19038175508180466,0.22434308378780368,0.23401090728805157,0.05552801189885969,0.05503222607833416,0.03594447198810114,0.19930589985126426,0.08651462568170551,0.20401586514625683,0.040406544372830935
OPTIMAL_GREEDY_10,0.06445215666831929,0.06271690629647993,0.12072384729796728,0.2550818046603867,0.08676251859196826,0.09742191373326722,0.18889439762022806,0.0984134853743183,0.06395637084779375,0.05701536936043629,0.06569162121963312,1.0,0.41001487357461575,0.17278135845314824,0.12072384729796728,0.14848785324739713,0.06445215666831929,0.0961824491819534,0.16162617749132374,0.37183936539414975,0.1980664352999504,0.31928606841844326,0.19038175508180466,0.3148239960337134,0.37580565195835397,0.124194348041646,0.05800694100148736,0.06073376301437779,0.07114526524541398,0.06420426375805652,0.17352503718393653,0.285572632622707,0.08998512642538424,0.05503222607833416,0.26747645017352506,0.05503222607833416,0.2550818046603867
OPTIMAL_GREEDY_20,0.059494298463063956,0.06817055032226078,0.12444224095190877,0.25731284085275163,0.08676251859196826,0.09271194843827467,0.19186911254338126,0.09866137828458106,0.06395637084779375,0.057263262270699056,0.06172533465542886,0.41001487357461575,1.0,0.1812097174020823,0.12444224095190877,0.161378284581061,0.059494298463063956,0.09866137828458106,0.1670798215171046,0.3676251859196827,0.18914229053049084,0.31036192364898363,0.2055032226078334,0.31036192364898363,0.36489836390679226,0.13435795736241943,0.06470004957858205,0.06321269211700545,0.07263262270699058,0.05999008428358949,0.18368864650470995,0.28681209717402084,0.09122459097669806,0.058750619732275654,0.2667327714427367,0.059742191373326724,0.25731284085275163
PLAYGROUND_BANDIT,0.062221120475954385,0.10981655924640556,0.05404065443728309,0.11427863163113534,0.1517104610808131,0.1574119980168567,0.07164105106593951,0.06742687159147248,0.0991571641051066,0.10436291522062469,0.11279127416955875,0.17278135845314824,0.1812097174020823,1.0,0.05404065443728309,0.4147248388696083,0.062221120475954385,0.41373326722855724,0.4533961328705999,0.17426871591472484,0.2035200793257313,0.1938522558254834,0.1065939514129896,0.12469013386217154,0.17575607337630145,0.1346058502726822,0.11056023797719385,0.11700545364402579,0.11824491819533961,0.10733763014377788,0.14551313832424392,0.12444224095190877,0.07263262270699058,0.10411502231036192,0.2077342588001983,0.10461080813088745,0.11427863163113534
PLAYGROUND_GRAPH_DENSITY,0.02330193356470005,0.022310361923648984,1.0,0.10510659395141299,0.040406544372830935,0.04338125929598413,0.10585027268220129,0.04933068914229053,0.025532969757064948,0.022806147744174516,0.027268220128904314,0.12072384729796728,0.12444224095190877,0.05404065443728309,1.0,0.05156172533465543,0.02330193356470005,0.03445711452652454,0.0451165096678235,0.11006445215666832,0.06593951412989589,0.11750123946455131,0.09519087754090233,0.11477441745166088,0.12270699058006941,0.04561229548834903,0.027020327218641546,0.026276648487853247,0.03148239960337134,0.02478929102627665,0.07957362419434805,0.12345066931085771,0.03470500743678731,0.022310361923648984,0.09444719881011403,0.025037183936539417,0.10510659395141299
PLAYGROUND_INFORMATIVE_DIVERSE,0.07015369360436291,0.1264253842340109,0.05156172533465543,0.09221616261774913,0.1737729300941993,0.17798710956866634,0.06618740704015866,0.07659890927119484,0.12543381259295985,0.13262270699058007,0.13658899355478432,0.14848785324739713,0.161378284581061,0.4147248388696083,0.05156172533465543,1.0,0.07015369360436291,0.38696083292017847,0.37977193852255825,0.14675260287555775,0.1943480416460089,0.1752602875557759,0.08701041150223103,0.11477441745166088,0.14476945959345563,0.14105106593951414,0.13510163609320774,0.1412989588497769,0.14452156668319285,0.12369856222112048,0.13931581556767478,0.12592959841348536,0.08626673277144274,0.11898859692612791,0.21120475954387705,0.1249380267724343,0.09221616261774913
PLAYGROUND_KCENTER_GREEDY,1.0,0.26450173525037185,0.02330193356470005,0.053792761527020325,0.051313832424392664,0.033217649975210706,0.030738720872583045,0.3396132870599901,0.043877045116509666,0.039167079821517105,0.024293505205751114,0.06445215666831929,0.059494298463063956,0.062221120475954385,0.02330193356470005,0.07015369360436291,1.0,0.04610808130887457,0.06321269211700545,0.06370847793753098,0.10411502231036192,0.0946950917203768,0.06569162121963312,0.06891422905304909,0.06618740704015866,0.1412989588497769,0.04189390183440753,0.037927615270203274,0.02875557759048091,0.021566683192860685,0.1812097174020823,0.08775409023301933,0.42017848289538917,0.03867129400099157,0.11031234506693109,0.03867129400099157,0.053792761527020325
PLAYGROUND_MARGIN,0.04610808130887457,0.10907288051561725,0.03445711452652454,0.07040158651462568,0.23797719385225583,0.2818542389687655,0.0406544372830937,0.049826474962816066,0.1346058502726822,0.14328210213187903,0.14972731779871096,0.0961824491819534,0.09866137828458106,0.41373326722855724,0.03445711452652454,0.38696083292017847,0.04610808130887457,1.0,0.49876053544868615,0.0946950917203768,0.15790778383738224,0.11155180961824492,0.07089737233515121,0.07312840852751612,0.0924640555280119,0.10832920178482895,0.14328210213187903,0.14476945959345563,0.15146256817055032,0.23425880019831433,0.0969261279127417,0.07436787307882994,0.04933068914229053,0.19162121963311848,0.13510163609320774,0.180466038671294,0.07040158651462568
PLAYGROUND_MIXTURE,0.06321269211700545,0.08527516113039167,0.0451165096678235,0.10981655924640556,0.1420426375805652,0.17030242935052056,0.05651958353991076,0.06420426375805652,0.07858205255329698,0.0813088745661874,0.0909766980664353,0.16162617749132374,0.1670798215171046,0.4533961328705999,0.0451165096678235,0.37977193852255825,0.06321269211700545,0.49876053544868615,1.0,0.1611303916707982,0.17476450173525038,0.17501239464551313,0.0932077342588002,0.12047595438770452,0.16236985622211206,0.11204759543877045,0.08626673277144274,0.08775409023301933,0.09221616261774913,0.12369856222112048,0.1301437778879524,0.12543381259295985,0.06742687159147248,0.09766980664352999,0.1983143282102132,0.0961824491819534,0.10981655924640556
PLAYGROUND_UNIFORM,0.06370847793753098,0.06296479920674268,0.11006445215666832,0.2659890927119484,0.0857709469509172,0.09419930589985126,0.18393653941497273,0.09940505701536936,0.07089737233515121,0.06122954883490332,0.06767476450173525,0.37183936539414975,0.3676251859196827,0.17426871591472484,0.11006445215666832,0.14675260287555775,0.06370847793753098,0.0946950917203768,0.1611303916707982,1.0,0.19633118492811105,0.32002974714923155,0.19905800694100148,0.31036192364898363,0.3634110064452157,0.10907288051561725,0.057263262270699056,0.06023797719385226,0.06767476450173525,0.06172533465542886,0.18988596926127913,0.2736737729300942,0.0857709469509172,0.056023797719385225,0.2506197322756569,0.05850272682201289,0.2659890927119484
SKACTIVEML_COST_EMBEDDING,0.10411502231036192,0.1487357461576599,0.06593951412989589,0.13187902825979178,0.1271690629647992,0.12320277640059495,0.06693108577094695,0.11527020327218641,0.0984134853743183,0.10039662865642042,0.10039662865642042,0.1980664352999504,0.18914229053049084,0.2035200793257313,0.06593951412989589,0.1943480416460089,0.10411502231036192,0.15790778383738224,0.17476450173525038,0.19633118492811105,1.0,0.1856717897868121,0.1065939514129896,0.146504709965295,0.2017848289538919,0.1826970748636589,0.0961824491819534,0.10461080813088745,0.0984134853743183,0.08601883986117997,0.15989092711948438,0.12196331184928111,0.11105602379771938,0.0932077342588002,0.22285572632622708,0.10064452156668319,0.13187902825979178
SKACTIVEML_DAL,0.0946950917203768,0.09048091224590976,0.11750123946455131,0.23326722855726326,0.09444719881011403,0.0991571641051066,0.17055032226078334,0.10981655924640556,0.06965790778383739,0.06246901338621715,0.07015369360436291,0.31928606841844326,0.31036192364898363,0.1938522558254834,0.11750123946455131,0.1752602875557759,0.0946950917203768,0.11155180961824492,0.17501239464551313,0.32002974714923155,0.1856717897868121,1.0,0.1886465047099653,0.28656420426375806,0.3321764997521071,0.14105106593951414,0.06841844323252355,0.06593951412989589,0.08205255329697571,0.05676747645017353,0.21244422409519087,0.2803668815071889,0.10808130887456618,0.05577590480912246,0.3143282102131879,0.05999008428358949,0.23326722855726326
SKACTIVEML_DWUS,0.06569162121963312,0.07387208725830441,0.09519087754090233,0.139067922657412,0.06073376301437779,0.06494794248884482,0.300446207238473,0.09395141298958849,0.05230540406544373,0.04858701041150223,0.04933068914229053,0.19038175508180466,0.2055032226078334,0.1065939514129896,0.09519087754090233,0.08701041150223103,0.06569162121963312,0.07089737233515121,0.0932077342588002,0.19905800694100148,0.1065939514129896,0.1886465047099653,1.0,0.23574615765989093,0.20674268715914726,0.10758552305404065,0.05156172533465543,0.05577590480912246,0.060981655924640554,0.0451165096678235,0.14328210213187903,0.2776400594942985,0.08651462568170551,0.04462072384729797,0.139067922657412,0.045364402578086264,0.139067922657412
SKACTIVEML_QBC,0.06891422905304909,0.0518096182449182,0.11477441745166088,0.23797719385225583,0.06668319286068418,0.07164105106593951,0.22979672781358454,0.10609816559246406,0.054784333168071395,0.043877045116509666,0.048834903321764996,0.3148239960337134,0.31036192364898363,0.12469013386217154,0.11477441745166088,0.11477441745166088,0.06891422905304909,0.07312840852751612,0.12047595438770452,0.31036192364898363,0.146504709965295,0.28656420426375806,0.23574615765989093,1.0,0.3254833911750124,0.11923648983639068,0.0451165096678235,0.04908279623202776,0.05701536936043629,0.0466038671294001,0.18790282597917699,0.3113534952900347,0.08998512642538424,0.03941497273177987,0.20475954387704512,0.0406544372830937,0.23797719385225583
SKACTIVEML_QBC_VOTE_ENTROPY,0.06618740704015866,0.07238472979672782,0.12270699058006941,0.27119484382746656,0.08973723351512147,0.09643034209221617,0.1945959345562717,0.10510659395141299,0.06668319286068418,0.06569162121963312,0.07635101636093208,0.37580565195835397,0.36489836390679226,0.17575607337630145,0.12270699058006941,0.14476945959345563,0.06618740704015866,0.0924640555280119,0.16236985622211206,0.3634110064452157,0.2017848289538919,0.3321764997521071,0.20674268715914726,0.3254833911750124,1.0,0.12890431333663857,0.05751115518096182,0.06048587010411502,0.07089737233515121,0.06395637084779375,0.18691125433812594,0.28284581060981656,0.09890927119484383,0.05924640555280119,0.2788795240456123,0.058750619732275654,0.27119484382746656
SKACTIVEML_QUIRE,0.1412989588497769,0.18691125433812594,0.04561229548834903,0.0887456618740704,0.10114030738720872,0.08552305404065444,0.07188894397620228,0.16385721368368864,0.07411998016856718,0.06593951412989589,0.05577590480912246,0.124194348041646,0.13435795736241943,0.1346058502726822,0.04561229548834903,0.14105106593951414,0.1412989588497769,0.10832920178482895,0.11204759543877045,0.10907288051561725,0.1826970748636589,0.14105106593951414,0.10758552305404065,0.11923648983639068,0.12890431333663857,1.0,0.07635101636093208,0.07213683688646505,0.058254833911750126,0.05577590480912246,0.180466038671294,0.0999008428358949,0.20401586514625683,0.07139315815567675,0.16732771442736738,0.07461576598909271,0.0887456618740704
SKACTIVEML_US_ENTROPY,0.04189390183440753,0.12320277640059495,0.027020327218641546,0.03619236489836391,0.22012890431333665,0.18220128904313337,0.024293505205751114,0.045364402578086264,0.2345066931085771,0.2226078334159643,0.18443232523549827,0.05800694100148736,0.06470004957858205,0.11056023797719385,0.027020327218641546,0.13510163609320774,0.04189390183440753,0.14328210213187903,0.08626673277144274,0.057263262270699056,0.0961824491819534,0.06841844323252355,0.05156172533465543,0.0451165096678235,0.05751115518096182,0.07635101636093208,1.0,0.8212692117005453,0.7694595934556272,0.16162617749132374,0.06246901338621715,0.045364402578086264,0.0532969757064948,0.19509172037679723,0.09419930589985126,0.2315319781854239,0.03619236489836391
SKACTIVEML_US_LC,0.037927615270203274,0.11551809618244918,0.026276648487853247,0.035448686167575606,0.2374814080317303,0.1901338621715419,0.029747149231531978,0.047595438770451165,0.20971740208230044,0.23277144273673772,0.19038175508180466,0.06073376301437779,0.06321269211700545,0.11700545364402579,0.026276648487853247,0.1412989588497769,0.037927615270203274,0.14476945959345563,0.08775409023301933,0.06023797719385226,0.10461080813088745,0.06593951412989589,0.05577590480912246,0.04908279623202776,0.06048587010411502,0.07213683688646505,0.8212692117005453,1.0,0.7816063460585028,0.1715418939018344,0.05924640555280119,0.047595438770451165,0.05156172533465543,0.2129400099157164,0.0932077342588002,0.20897372335151215,0.035448686167575606
SKACTIVEML_US_MARGIN,0.02875557759048091,0.10337134357957363,0.03148239960337134,0.0458601883986118,0.19112543381259295,0.2196331184928111,0.03247397124442241,0.03371343579573624,0.17848289538919188,0.18542389687654934,0.22434308378780368,0.07114526524541398,0.07263262270699058,0.11824491819533961,0.03148239960337134,0.14452156668319285,0.02875557759048091,0.15146256817055032,0.09221616261774913,0.06767476450173525,0.0984134853743183,0.08205255329697571,0.060981655924640554,0.05701536936043629,0.07089737233515121,0.058254833911750126,0.7694595934556272,0.7816063460585028,1.0,0.1980664352999504,0.05676747645017353,0.05205751115518096,0.03817550818046604,0.17501239464551313,0.0991571641051066,0.1707982151710461,0.0458601883986118
SMALLTEXT_BREAKINGTIES,0.021566683192860685,0.09593455627169063,0.02478929102627665,0.04015865146256817,0.24541398116013882,0.3554784333168071,0.026524541398116015,0.027764005949429845,0.18889439762022806,0.20252850768468023,0.23401090728805157,0.06420426375805652,0.05999008428358949,0.10733763014377788,0.02478929102627665,0.12369856222112048,0.021566683192860685,0.23425880019831433,0.12369856222112048,0.06172533465542886,0.08601883986117997,0.05676747645017353,0.0451165096678235,0.0466038671294001,0.06395637084779375,0.05577590480912246,0.16162617749132374,0.1715418939018344,0.1980664352999504,1.0,0.05230540406544373,0.0466038671294001,0.031234506693108576,0.770699058006941,0.07411998016856718,0.7642538423401091,0.04015865146256817
SMALLTEXT_CONTRASTIVEAL,0.1812097174020823,0.15245413981160139,0.07957362419434805,0.1360932077342588,0.08775409023301933,0.0835399107585523,0.12270699058006941,0.2196331184928111,0.07312840852751612,0.061973227565691624,0.05552801189885969,0.17352503718393653,0.18368864650470995,0.14551313832424392,0.07957362419434805,0.13931581556767478,0.1812097174020823,0.0969261279127417,0.1301437778879524,0.18988596926127913,0.15989092711948438,0.21244422409519087,0.14328210213187903,0.18790282597917699,0.18691125433812594,0.180466038671294,0.06246901338621715,0.05924640555280119,0.05676747645017353,0.05230540406544373,1.0,0.1752602875557759,0.22533465542885472,0.05924640555280119,0.18815071888943977,0.059742191373326724,0.1360932077342588
SMALLTEXT_EMBEDDINGKMEANS,0.08775409023301933,0.05800694100148736,0.12345066931085771,0.20500743678730787,0.05924640555280119,0.06519583539910759,0.3477937530986614,0.10461080813088745,0.058254833911750126,0.04858701041150223,0.05503222607833416,0.285572632622707,0.28681209717402084,0.12444224095190877,0.12345066931085771,0.12592959841348536,0.08775409023301933,0.07436787307882994,0.12543381259295985,0.2736737729300942,0.12196331184928111,0.2803668815071889,0.2776400594942985,0.3113534952900347,0.28284581060981656,0.0999008428358949,0.045364402578086264,0.047595438770451165,0.05205751115518096,0.0466038671294001,0.1752602875557759,1.0,0.11626177491323748,0.04338125929598413,0.25111551809618243,0.043877045116509666,0.20500743678730787
SMALLTEXT_GREEDYCORESET,0.42017848289538917,0.34357957362419433,0.03470500743678731,0.06593951412989589,0.05751115518096182,0.03891918691125434,0.05428854734754586,0.38720872583044125,0.049826474962816066,0.05280118988596926,0.03594447198810114,0.08998512642538424,0.09122459097669806,0.07263262270699058,0.03470500743678731,0.08626673277144274,0.42017848289538917,0.04933068914229053,0.06742687159147248,0.0857709469509172,0.11105602379771938,0.10808130887456618,0.08651462568170551,0.08998512642538424,0.09890927119484383,0.20401586514625683,0.0532969757064948,0.05156172533465543,0.03817550818046604,0.031234506693108576,0.22533465542885472,0.11626177491323748,1.0,0.05156172533465543,0.1450173525037184,0.05453644025780863,0.06593951412989589
SMALLTEXT_LEASTCONFIDENCE,0.03867129400099157,0.10882498760535449,0.022310361923648984,0.03445711452652454,0.3601883986117997,0.2404561229548835,0.023549826474962815,0.041398116013882005,0.2203767972235994,0.24467030242935053,0.19930589985126426,0.05503222607833416,0.058750619732275654,0.10411502231036192,0.022310361923648984,0.11898859692612791,0.03867129400099157,0.19162121963311848,0.09766980664352999,0.056023797719385225,0.0932077342588002,0.05577590480912246,0.04462072384729797,0.03941497273177987,0.05924640555280119,0.07139315815567675,0.19509172037679723,0.2129400099157164,0.17501239464551313,0.770699058006941,0.05924640555280119,0.04338125929598413,0.05156172533465543,1.0,0.07461576598909271,0.808874566187407,0.03445711452652454
SMALLTEXT_LIGHTWEIGHTCORESET,0.11031234506693109,0.10832920178482895,0.09444719881011403,0.18468021814576102,0.11650966782350025,0.11427863163113534,0.10857709469509172,0.11279127416955875,0.08006941001487357,0.08180466038671294,0.08651462568170551,0.26747645017352506,0.2667327714427367,0.2077342588001983,0.09444719881011403,0.21120475954387705,0.11031234506693109,0.13510163609320774,0.1983143282102132,0.2506197322756569,0.22285572632622708,0.3143282102131879,0.139067922657412,0.20475954387704512,0.2788795240456123,0.16732771442736738,0.09419930589985126,0.0932077342588002,0.0991571641051066,0.07411998016856718,0.18815071888943977,0.25111551809618243,0.1450173525037184,0.07461576598909271,1.0,0.08006941001487357,0.18468021814576102
SMALLTEXT_PREDICTIONENTROPY,0.03867129400099157,0.12022806147744175,0.025037183936539417,0.036440257808626676,0.2811105602379772,0.23648983639067922,0.025532969757064948,0.044868616757560736,0.26152702032721864,0.24219137332672286,0.20401586514625683,0.05503222607833416,0.059742191373326724,0.10461080813088745,0.025037183936539417,0.1249380267724343,0.03867129400099157,0.180466038671294,0.0961824491819534,0.05850272682201289,0.10064452156668319,0.05999008428358949,0.045364402578086264,0.0406544372830937,0.058750619732275654,0.07461576598909271,0.2315319781854239,0.20897372335151215,0.1707982151710461,0.7642538423401091,0.059742191373326724,0.043877045116509666,0.05453644025780863,0.808874566187407,0.08006941001487357,1.0,0.036440257808626676
SMALLTEXT_RANDOM,0.053792761527020325,0.04238968765493307,0.10510659395141299,1.0,0.058254833911750126,0.06593951412989589,0.11898859692612791,0.07089737233515121,0.03594447198810114,0.02949925632126921,0.040406544372830935,0.2550818046603867,0.25731284085275163,0.11427863163113534,0.10510659395141299,0.09221616261774913,0.053792761527020325,0.07040158651462568,0.10981655924640556,0.2659890927119484,0.13187902825979178,0.23326722855726326,0.139067922657412,0.23797719385225583,0.27119484382746656,0.0887456618740704,0.03619236489836391,0.035448686167575606,0.0458601883986118,0.04015865146256817,0.1360932077342588,0.20500743678730787,0.06593951412989589,0.03445711452652454,0.18468021814576102,0.036440257808626676,1.0
