,ALIPY_CORESET_GREEDY,ALIPY_DENSITY_WEIGHTED,ALIPY_GRAPH_DENSITY,ALIPY_RANDOM,ALIPY_UNCERTAINTY_LC,ALIPY_UNCERTAINTY_MM,LIBACT_DWUS,LIBACT_QUIRE,LIBACT_UNCERTAINTY_ENT,LIBACT_UNCERTAINTY_LC,LIBACT_UNCERTAINTY_SM,OPTIMAL_GREEDY_10,OPTIMAL_GREEDY_20,PLAYGROUND_BANDIT,PLAYGROUND_GRAPH_DENSITY,PLAYGROUND_INFORMATIVE_DIVERSE,PLAYGROUND_KCENTER_GREEDY,PLAYGROUND_MARGIN,PLAYGROUND_MIXTURE,PLAYGROUND_UNIFORM,SKACTIVEML_COST_EMBEDDING,SKACTIVEML_DAL,SKACTIVEML_DWUS,SKACTIVEML_QBC,SKACTIVEML_QBC_VOTE_ENTROPY,SKACTIVEML_QUIRE,SKACTIVEML_US_ENTROPY,SKACTIVEML_US_LC,SKACTIVEML_US_MARGIN,SMALLTEXT_BREAKINGTIES,SMALLTEXT_CONTRASTIVEAL,SMALLTEXT_EMBEDDINGKMEANS,SMALLTEXT_GREEDYCORESET,SMALLTEXT_LEASTCONFIDENCE,SMALLTEXT_LIGHTWEIGHTCORESET,SMALLTEXT_PREDICTIONENTROPY,SMALLTEXT_RANDOM
ALIPY_CORESET_GREEDY,1.0,0.2885473475458602,0.023797719385225583,0.10956866633614279,0.034209221616261776,0.03024293505205751,0.00024789291026276647,0.2709469509172038,0.04313336638572137,0.03173029251363411,0.02602875557759048,0.12617749132374814,0.11725334655428855,0.06420426375805652,0.023797719385225583,0.06122954883490332,1.0,0.03718393653941497,0.07982151710461081,0.12890431333663857,0.07759048091224591,0.11477441745166088,0.05775904809122459,0.0835399107585523,0.11799702528507684,0.13658899355478432,0.033217649975210706,0.031978185423896875,0.02255825483391175,0.025532969757064948,0.057263262270699056,0.1308874566187407,0.5974219137332673,0.03222607833415964,0.17550818046603867,0.029251363411006447,0.10956866633614279
ALIPY_DENSITY_WEIGHTED,0.2885473475458602,1.0,0.028011898859692613,0.047595438770451165,0.062221120475954385,0.052553296975706494,0.0019831432821021317,0.28284581060981656,0.06023797719385226,0.05428854734754586,0.0473475458601884,0.06271690629647993,0.06544372830937036,0.05156172533465543,0.028011898859692613,0.0443728309370352,0.2885473475458602,0.04164600892414477,0.03272186415468518,0.05528011898859692,0.07362419434804164,0.06271690629647993,0.06395637084779375,0.04313336638572137,0.05676747645017353,0.17848289538919188,0.059742191373326724,0.05676747645017353,0.050322260783341594,0.04115022310361924,0.06544372830937036,0.05552801189885969,0.3083787803668815,0.05156172533465543,0.13187902825979178,0.058750619732275654,0.047595438770451165
ALIPY_GRAPH_DENSITY,0.023797719385225583,0.028011898859692613,1.0,0.08824987605354487,0.03594447198810114,0.03594447198810114,0.0009915716410510659,0.01908775409023302,0.017848289538919187,0.015121467526028755,0.01636093207734259,0.08973723351512147,0.0835399107585523,0.04238968765493307,1.0,0.035448686167575606,0.023797719385225583,0.026772434308378782,0.0384234010907288,0.09568666336142786,0.060981655924640554,0.08453148239960337,0.040406544372830935,0.08006941001487357,0.09766980664352999,0.023054040654437283,0.013882002974714923,0.011898859692612791,0.014625681705503223,0.016608824987605353,0.0480912245909767,0.02900347050074368,0.027268220128904314,0.01636093207734259,0.0495785820525533,0.01611303916707982,0.08824987605354487
ALIPY_RANDOM,0.10956866633614279,0.047595438770451165,0.08824987605354487,1.0,0.07907783837382251,0.0850272682201289,0.00421417947446703,0.06941001487357462,0.04908279623202776,0.042637580565195836,0.05627169062964799,0.43480416460089244,0.4298463063956371,0.18443232523549827,0.08824987605354487,0.15518096182449181,0.10956866633614279,0.0909766980664353,0.20674268715914726,0.45661874070401587,0.17302925136341102,0.35473475458601883,0.09419930589985126,0.27193852255825485,0.4615765989092712,0.0451165096678235,0.040406544372830935,0.03767972235994051,0.0480912245909767,0.04164600892414477,0.11452652454139811,0.1663361427863163,0.09196826970748637,0.041398116013882005,0.18468021814576102,0.03743182944967774,1.0
ALIPY_UNCERTAINTY_LC,0.034209221616261776,0.062221120475954385,0.03594447198810114,0.07907783837382251,1.0,0.7605354486861676,0.014377788795240456,0.03396132870599901,0.22657411998016858,0.27169062964799207,0.20277640059494298,0.09122459097669806,0.09072880515617253,0.17773921665840356,0.03594447198810114,0.21170054536440258,0.034209221616261776,0.2783837382250868,0.1722855726326227,0.09791769955379276,0.17104610808130888,0.11056023797719385,0.10039662865642042,0.0969261279127417,0.10312345066931086,0.06916212196331185,0.24739712444224096,0.2672285572632623,0.21641051065939515,0.273921665840357,0.07882994546355974,0.03891918691125434,0.01983143282102132,0.4072880515617253,0.06519583539910759,0.3145761031234507,0.07907783837382251
ALIPY_UNCERTAINTY_MM,0.03024293505205751,0.052553296975706494,0.03594447198810114,0.0850272682201289,0.7605354486861676,1.0,0.01412989588497769,0.033217649975210706,0.1745166088249876,0.20426375805651958,0.26945959345562714,0.0961824491819534,0.0932077342588002,0.1901338621715419,0.03594447198810114,0.2322756569162122,0.03024293505205751,0.34581060981655926,0.20128904313336637,0.10213187902825979,0.17203767972235995,0.11527020327218641,0.10188398611799702,0.10114030738720872,0.10932077342588002,0.05751115518096182,0.19360436291522062,0.2114526524541398,0.2714427367377293,0.4038175508180466,0.07858205255329698,0.04338125929598413,0.01685671789786812,0.27317798710956864,0.06792265741199802,0.2550818046603867,0.0850272682201289
LIBACT_DWUS,0.00024789291026276647,0.0019831432821021317,0.0009915716410510659,0.00421417947446703,0.014377788795240456,0.01412989588497769,1.0,0.07610312345066932,0.011650966782350025,0.008924144769459593,0.010163609320773426,0.00917203767972236,0.017848289538919187,0.023054040654437283,0.0009915716410510659,0.03024293505205751,0.00024789291026276647,0.03148239960337134,0.01611303916707982,0.0032226078334159644,0.01908775409023302,0.00842835894893406,0.16038671294000992,0.03743182944967774,0.001487357461576599,0.030490827962320277,0.009419930589985127,0.008924144769459593,0.010659395141298959,0.008924144769459593,0.19038175508180466,0.3430837878036688,0.0074367873078829945,0.008924144769459593,0.00024789291026276647,0.010659395141298959,0.00421417947446703
LIBACT_QUIRE,0.2709469509172038,0.28284581060981656,0.01908775409023302,0.06941001487357462,0.03396132870599901,0.033217649975210706,0.07610312345066932,1.0,0.031978185423896875,0.02602875557759048,0.030490827962320277,0.07882994546355974,0.08230044620723848,0.0473475458601884,0.01908775409023302,0.0406544372830937,0.2709469509172038,0.02949925632126921,0.04090233019335647,0.07288051561725335,0.07982151710461081,0.0880019831432821,0.07114526524541398,0.06693108577094695,0.07610312345066932,0.15493306891422906,0.035448686167575606,0.03371343579573624,0.03346554288547347,0.02454139811601388,0.12295488349033218,0.07263262270699058,0.297223599405057,0.025780862667327716,0.14402578086266732,0.03024293505205751,0.06941001487357462
LIBACT_UNCERTAINTY_ENT,0.04313336638572137,0.06023797719385226,0.017848289538919187,0.04908279623202776,0.22657411998016858,0.1745166088249876,0.011650966782350025,0.031978185423896875,1.0,0.8063956370847793,0.7397124442240952,0.06470004957858205,0.06544372830937036,0.10262766484878533,0.017848289538919187,0.13113534952900346,0.04313336638572137,0.12047595438770452,0.07907783837382251,0.07263262270699058,0.11130391670798215,0.07635101636093208,0.08403569657907783,0.062221120475954385,0.06742687159147248,0.05552801189885969,0.24095190877540903,0.20823004462072384,0.15642042637580567,0.19286068418443233,0.07610312345066932,0.0443728309370352,0.02602875557759048,0.24293505205751115,0.05428854734754586,0.2885473475458602,0.04908279623202776
LIBACT_UNCERTAINTY_LC,0.03173029251363411,0.05428854734754586,0.015121467526028755,0.042637580565195836,0.27169062964799207,0.20426375805651958,0.008924144769459593,0.02602875557759048,0.8063956370847793,1.0,0.7828458106098165,0.05503222607833416,0.05304908279623203,0.11353495290034706,0.015121467526028755,0.1450173525037184,0.03173029251363411,0.1368368864650471,0.08701041150223103,0.057263262270699056,0.12592959841348536,0.06395637084779375,0.08601883986117997,0.06122954883490332,0.06346058502726822,0.05627169062964799,0.22583044124938026,0.25359444719881014,0.18839861179970252,0.22310361923648983,0.06023797719385226,0.02751611303916708,0.015121467526028755,0.2892910262766485,0.0443728309370352,0.27317798710956864,0.042637580565195836
LIBACT_UNCERTAINTY_SM,0.02602875557759048,0.0473475458601884,0.01636093207734259,0.05627169062964799,0.20277640059494298,0.26945959345562714,0.010163609320773426,0.030490827962320277,0.7397124442240952,0.7828458106098165,1.0,0.06891422905304909,0.06742687159147248,0.13039167079821518,0.01636093207734259,0.16831928606841845,0.02602875557759048,0.16311353495290035,0.10312345066931086,0.07362419434804164,0.12394645513138325,0.07312840852751612,0.0857709469509172,0.07312840852751612,0.07387208725830441,0.045364402578086264,0.16955875061973227,0.18517600396628656,0.2464055528011899,0.2863163113534953,0.06023797719385226,0.03495290034705007,0.01412989588497769,0.2196331184928111,0.053792761527020325,0.21343579573624194,0.05627169062964799
OPTIMAL_GREEDY_10,0.12617749132374814,0.06271690629647993,0.08973723351512147,0.43480416460089244,0.09122459097669806,0.0961824491819534,0.00917203767972236,0.07882994546355974,0.06470004957858205,0.05503222607833416,0.06891422905304909,1.0,0.5654437283093704,0.22583044124938026,0.08973723351512147,0.19558750619732276,0.12617749132374814,0.11130391670798215,0.23103619236489836,0.5054536440257809,0.22310361923648983,0.42439266236985623,0.1212196331184928,0.3083787803668815,0.5081804660386713,0.0518096182449182,0.05676747645017353,0.05230540406544373,0.06296479920674268,0.05627169062964799,0.14328210213187903,0.1745166088249876,0.0969261279127417,0.052553296975706494,0.2270699058006941,0.051065939514129896,0.43480416460089244
OPTIMAL_GREEDY_20,0.11725334655428855,0.06544372830937036,0.0835399107585523,0.4298463063956371,0.09072880515617253,0.0932077342588002,0.017848289538919187,0.08230044620723848,0.06544372830937036,0.05304908279623203,0.06742687159147248,0.5654437283093704,1.0,0.2188894397620228,0.0835399107585523,0.19583539910758552,0.11725334655428855,0.10882498760535449,0.23599405057015369,0.4881011403073872,0.2055032226078334,0.4117501239464551,0.12469013386217154,0.312097174020823,0.4977689638076351,0.05751115518096182,0.05577590480912246,0.05701536936043629,0.06445215666831929,0.05552801189885969,0.14675260287555775,0.18616757560733763,0.10014873574615767,0.046355974219137334,0.21988101140307387,0.05453644025780863,0.4298463063956371
PLAYGROUND_BANDIT,0.06420426375805652,0.05156172533465543,0.04238968765493307,0.18443232523549827,0.17773921665840356,0.1901338621715419,0.023054040654437283,0.0473475458601884,0.10262766484878533,0.11353495290034706,0.13039167079821518,0.22583044124938026,0.2188894397620228,1.0,0.04238968765493307,0.5096678235002479,0.06420426375805652,0.5391670798215171,0.5684184432325236,0.25012394645513136,0.2729300941993059,0.2278135845314824,0.10213187902825979,0.15840356965790778,0.2315319781854239,0.07089737233515121,0.10163609320773426,0.11279127416955875,0.12320277640059495,0.12518591968269707,0.11923648983639068,0.09395141298958849,0.03371343579573624,0.11204759543877045,0.10808130887456618,0.11403073872087258,0.18443232523549827
PLAYGROUND_GRAPH_DENSITY,0.023797719385225583,0.028011898859692613,1.0,0.08824987605354487,0.03594447198810114,0.03594447198810114,0.0009915716410510659,0.01908775409023302,0.017848289538919187,0.015121467526028755,0.01636093207734259,0.08973723351512147,0.0835399107585523,0.04238968765493307,1.0,0.035448686167575606,0.023797719385225583,0.026772434308378782,0.0384234010907288,0.09568666336142786,0.060981655924640554,0.08453148239960337,0.040406544372830935,0.08006941001487357,0.09766980664352999,0.023054040654437283,0.013882002974714923,0.011898859692612791,0.014625681705503223,0.016608824987605353,0.0480912245909767,0.02900347050074368,0.027268220128904314,0.01636093207734259,0.0495785820525533,0.01611303916707982,0.08824987605354487
PLAYGROUND_INFORMATIVE_DIVERSE,0.06122954883490332,0.0443728309370352,0.035448686167575606,0.15518096182449181,0.21170054536440258,0.2322756569162122,0.03024293505205751,0.0406544372830937,0.13113534952900346,0.1450173525037184,0.16831928606841845,0.19558750619732276,0.19583539910758552,0.5096678235002479,0.035448686167575606,1.0,0.06122954883490332,0.4784333168071393,0.48785324739712443,0.19410014873574616,0.2702032721864155,0.17773921665840356,0.12915220624690135,0.1648487853247397,0.20128904313336637,0.06965790778383739,0.1427863163113535,0.15121467526028756,0.17203767972235995,0.1574119980168567,0.11626177491323748,0.07585523054040655,0.027764005949429845,0.13658899355478432,0.10907288051561725,0.139067922657412,0.15518096182449181
PLAYGROUND_KCENTER_GREEDY,1.0,0.2885473475458602,0.023797719385225583,0.10956866633614279,0.034209221616261776,0.03024293505205751,0.00024789291026276647,0.2709469509172038,0.04313336638572137,0.03173029251363411,0.02602875557759048,0.12617749132374814,0.11725334655428855,0.06420426375805652,0.023797719385225583,0.06122954883490332,1.0,0.03718393653941497,0.07982151710461081,0.12890431333663857,0.07759048091224591,0.11477441745166088,0.05775904809122459,0.0835399107585523,0.11799702528507684,0.13658899355478432,0.033217649975210706,0.031978185423896875,0.02255825483391175,0.025532969757064948,0.057263262270699056,0.1308874566187407,0.5974219137332673,0.03222607833415964,0.17550818046603867,0.029251363411006447,0.10956866633614279
PLAYGROUND_MARGIN,0.03718393653941497,0.04164600892414477,0.026772434308378782,0.0909766980664353,0.2783837382250868,0.34581060981655926,0.03148239960337134,0.02949925632126921,0.12047595438770452,0.1368368864650471,0.16311353495290035,0.11130391670798215,0.10882498760535449,0.5391670798215171,0.026772434308378782,0.4784333168071393,0.03718393653941497,1.0,0.5585027268220129,0.11031234506693109,0.22533465542885472,0.12072384729796728,0.07734258800198314,0.10039662865642042,0.11303916707982152,0.06717897868120971,0.1308874566187407,0.14303420922161625,0.15939514129895885,0.2721864154685176,0.08973723351512147,0.060981655924640554,0.017352503718393655,0.2055032226078334,0.06817055032226078,0.1901338621715419,0.0909766980664353
PLAYGROUND_MIXTURE,0.07982151710461081,0.03272186415468518,0.0384234010907288,0.20674268715914726,0.1722855726326227,0.20128904313336637,0.01611303916707982,0.04090233019335647,0.07907783837382251,0.08701041150223103,0.10312345066931086,0.23103619236489836,0.23599405057015369,0.5684184432325236,0.0384234010907288,0.48785324739712443,0.07982151710461081,0.5585027268220129,1.0,0.25409023301933564,0.2518591968269707,0.2181457610312345,0.0932077342588002,0.16831928606841845,0.23971244422409518,0.05701536936043629,0.0842835894893406,0.08998512642538424,0.10783341596430342,0.13708477937530986,0.11254338125929599,0.10560237977193852,0.04164600892414477,0.10882498760535449,0.10039662865642042,0.10237977193852256,0.20674268715914726
PLAYGROUND_UNIFORM,0.12890431333663857,0.05528011898859692,0.09568666336142786,0.45661874070401587,0.09791769955379276,0.10213187902825979,0.0032226078334159644,0.07288051561725335,0.07263262270699058,0.057263262270699056,0.07362419434804164,0.5054536440257809,0.4881011403073872,0.25012394645513136,0.09568666336142786,0.19410014873574616,0.12890431333663857,0.11031234506693109,0.25409023301933564,1.0,0.22012890431333665,0.4224095190877541,0.11750123946455131,0.32424392662369855,0.5453644025780863,0.04833911750123947,0.053792761527020325,0.058750619732275654,0.07139315815567675,0.058750619732275654,0.14600892414476946,0.17947446703024295,0.09816559246405553,0.05007436787307883,0.20798215171046108,0.04833911750123947,0.45661874070401587
SKACTIVEML_COST_EMBEDDING,0.07759048091224591,0.07362419434804164,0.060981655924640554,0.17302925136341102,0.17104610808130888,0.17203767972235995,0.01908775409023302,0.07982151710461081,0.11130391670798215,0.12592959841348536,0.12394645513138325,0.22310361923648983,0.2055032226078334,0.2729300941993059,0.060981655924640554,0.2702032721864155,0.07759048091224591,0.22533465542885472,0.2518591968269707,0.22012890431333665,1.0,0.19955379276152702,0.14724838869608328,0.17327714427367377,0.23599405057015369,0.12543381259295985,0.11254338125929599,0.11874070401586515,0.12245909766980664,0.11229548834903322,0.12295488349033218,0.08378780366881507,0.06643529995042141,0.11080813088745661,0.1554288547347546,0.11031234506693109,0.17302925136341102
SKACTIVEML_DAL,0.11477441745166088,0.06271690629647993,0.08453148239960337,0.35473475458601883,0.11056023797719385,0.11527020327218641,0.00842835894893406,0.0880019831432821,0.07635101636093208,0.06395637084779375,0.07312840852751612,0.42439266236985623,0.4117501239464551,0.2278135845314824,0.08453148239960337,0.17773921665840356,0.11477441745166088,0.12072384729796728,0.2181457610312345,0.4224095190877541,0.19955379276152702,1.0,0.11923648983639068,0.30218145761031234,0.4266236985622211,0.054784333168071395,0.06693108577094695,0.06643529995042141,0.07461576598909271,0.06395637084779375,0.14898363906792267,0.18021814576103123,0.11130391670798215,0.054784333168071395,0.23401090728805157,0.05899851264253842,0.35473475458601883
SKACTIVEML_DWUS,0.05775904809122459,0.06395637084779375,0.040406544372830935,0.09419930589985126,0.10039662865642042,0.10188398611799702,0.16038671294000992,0.07114526524541398,0.08403569657907783,0.08601883986117997,0.0857709469509172,0.1212196331184928,0.12469013386217154,0.10213187902825979,0.040406544372830935,0.12915220624690135,0.05775904809122459,0.07734258800198314,0.0932077342588002,0.11750123946455131,0.14724838869608328,0.11923648983639068,1.0,0.15294992563212692,0.11700545364402579,0.06420426375805652,0.08378780366881507,0.08626673277144274,0.0924640555280119,0.06693108577094695,0.15567674764501735,0.1998016856717898,0.06370847793753098,0.07312840852751612,0.06519583539910759,0.0768468021814576,0.09419930589985126
SKACTIVEML_QBC,0.0835399107585523,0.04313336638572137,0.08006941001487357,0.27193852255825485,0.0969261279127417,0.10114030738720872,0.03743182944967774,0.06693108577094695,0.062221120475954385,0.06122954883490332,0.07312840852751612,0.3083787803668815,0.312097174020823,0.15840356965790778,0.08006941001487357,0.1648487853247397,0.0835399107585523,0.10039662865642042,0.16831928606841845,0.32424392662369855,0.17327714427367377,0.30218145761031234,0.15294992563212692,1.0,0.3254833911750124,0.061973227565691624,0.06370847793753098,0.060981655924640554,0.07064947942488845,0.061973227565691624,0.15270203272186417,0.16038671294000992,0.08254833911750124,0.05676747645017353,0.1650966782350025,0.058254833911750126,0.27193852255825485
SKACTIVEML_QBC_VOTE_ENTROPY,0.11799702528507684,0.05676747645017353,0.09766980664352999,0.4615765989092712,0.10312345066931086,0.10932077342588002,0.001487357461576599,0.07610312345066932,0.06742687159147248,0.06346058502726822,0.07387208725830441,0.5081804660386713,0.4977689638076351,0.2315319781854239,0.09766980664352999,0.20128904313336637,0.11799702528507684,0.11303916707982152,0.23971244422409518,0.5453644025780863,0.23599405057015369,0.4266236985622211,0.11700545364402579,0.3254833911750124,1.0,0.059494298463063956,0.06172533465542886,0.06296479920674268,0.07362419434804164,0.06321269211700545,0.13857213683688646,0.17550818046603867,0.08676251859196826,0.053792761527020325,0.20599900842835894,0.05651958353991076,0.4615765989092712
SKACTIVEML_QUIRE,0.13658899355478432,0.17848289538919188,0.023054040654437283,0.0451165096678235,0.06916212196331185,0.05751115518096182,0.030490827962320277,0.15493306891422906,0.05552801189885969,0.05627169062964799,0.045364402578086264,0.0518096182449182,0.05751115518096182,0.07089737233515121,0.023054040654437283,0.06965790778383739,0.13658899355478432,0.06717897868120971,0.05701536936043629,0.04833911750123947,0.12543381259295985,0.054784333168071395,0.06420426375805652,0.061973227565691624,0.059494298463063956,1.0,0.054784333168071395,0.052553296975706494,0.04685176003966286,0.03991075855230541,0.11105602379771938,0.035696579077838374,0.13237481408031732,0.04908279623202776,0.09742191373326722,0.05404065443728309,0.0451165096678235
SKACTIVEML_US_ENTROPY,0.033217649975210706,0.059742191373326724,0.013882002974714923,0.040406544372830935,0.24739712444224096,0.19360436291522062,0.009419930589985127,0.035448686167575606,0.24095190877540903,0.22583044124938026,0.16955875061973227,0.05676747645017353,0.05577590480912246,0.10163609320773426,0.013882002974714923,0.1427863163113535,0.033217649975210706,0.1308874566187407,0.0842835894893406,0.053792761527020325,0.11254338125929599,0.06693108577094695,0.08378780366881507,0.06370847793753098,0.06172533465542886,0.054784333168071395,1.0,0.8284581060981656,0.7558254833911751,0.15443728309370353,0.05775904809122459,0.031978185423896875,0.017848289538919187,0.2092216162617749,0.0428854734754586,0.2521070897372335,0.040406544372830935
SKACTIVEML_US_LC,0.031978185423896875,0.05676747645017353,0.011898859692612791,0.03767972235994051,0.2672285572632623,0.2114526524541398,0.008924144769459593,0.03371343579573624,0.20823004462072384,0.25359444719881014,0.18517600396628656,0.05230540406544373,0.05701536936043629,0.11279127416955875,0.011898859692612791,0.15121467526028756,0.031978185423896875,0.14303420922161625,0.08998512642538424,0.058750619732275654,0.11874070401586515,0.06643529995042141,0.08626673277144274,0.060981655924640554,0.06296479920674268,0.052553296975706494,0.8284581060981656,1.0,0.7843331680713932,0.17278135845314824,0.056023797719385225,0.027020327218641546,0.01636093207734259,0.2300446207238473,0.043877045116509666,0.22161626177491323,0.03767972235994051
SKACTIVEML_US_MARGIN,0.02255825483391175,0.050322260783341594,0.014625681705503223,0.0480912245909767,0.21641051065939515,0.2714427367377293,0.010659395141298959,0.03346554288547347,0.15642042637580567,0.18839861179970252,0.2464055528011899,0.06296479920674268,0.06445215666831929,0.12320277640059495,0.014625681705503223,0.17203767972235995,0.02255825483391175,0.15939514129895885,0.10783341596430342,0.07139315815567675,0.12245909766980664,0.07461576598909271,0.0924640555280119,0.07064947942488845,0.07362419434804164,0.04685176003966286,0.7558254833911751,0.7843331680713932,1.0,0.22384729796727815,0.053544868616757564,0.03173029251363411,0.012394645513138325,0.17055032226078334,0.05304908279623203,0.16955875061973227,0.0480912245909767
SMALLTEXT_BREAKINGTIES,0.025532969757064948,0.04115022310361924,0.016608824987605353,0.04164600892414477,0.273921665840357,0.4038175508180466,0.008924144769459593,0.02454139811601388,0.19286068418443233,0.22310361923648983,0.2863163113534953,0.05627169062964799,0.05552801189885969,0.12518591968269707,0.016608824987605353,0.1574119980168567,0.025532969757064948,0.2721864154685176,0.13708477937530986,0.058750619732275654,0.11229548834903322,0.06395637084779375,0.06693108577094695,0.061973227565691624,0.06321269211700545,0.03991075855230541,0.15443728309370353,0.17278135845314824,0.22384729796727815,1.0,0.05280118988596926,0.027764005949429845,0.011898859692612791,0.7637580565195835,0.048834903321764996,0.7419434804164601,0.04164600892414477
SMALLTEXT_CONTRASTIVEAL,0.057263262270699056,0.06544372830937036,0.0480912245909767,0.11452652454139811,0.07882994546355974,0.07858205255329698,0.19038175508180466,0.12295488349033218,0.07610312345066932,0.06023797719385226,0.06023797719385226,0.14328210213187903,0.14675260287555775,0.11923648983639068,0.0480912245909767,0.11626177491323748,0.057263262270699056,0.08973723351512147,0.11254338125929599,0.14600892414476946,0.12295488349033218,0.14898363906792267,0.15567674764501735,0.15270203272186417,0.13857213683688646,0.11105602379771938,0.05775904809122459,0.056023797719385225,0.053544868616757564,0.05280118988596926,1.0,0.1588993554784333,0.054784333168071395,0.05552801189885969,0.131631135349529,0.05999008428358949,0.11452652454139811
SMALLTEXT_EMBEDDINGKMEANS,0.1308874566187407,0.05552801189885969,0.02900347050074368,0.1663361427863163,0.03891918691125434,0.04338125929598413,0.3430837878036688,0.07263262270699058,0.0443728309370352,0.02751611303916708,0.03495290034705007,0.1745166088249876,0.18616757560733763,0.09395141298958849,0.02900347050074368,0.07585523054040655,0.1308874566187407,0.060981655924640554,0.10560237977193852,0.17947446703024295,0.08378780366881507,0.18021814576103123,0.1998016856717898,0.16038671294000992,0.17550818046603867,0.035696579077838374,0.031978185423896875,0.027020327218641546,0.03173029251363411,0.027764005949429845,0.1588993554784333,1.0,0.18591968269707487,0.02330193356470005,0.23202776400594943,0.028011898859692613,0.1663361427863163
SMALLTEXT_GREEDYCORESET,0.5974219137332673,0.3083787803668815,0.027268220128904314,0.09196826970748637,0.01983143282102132,0.01685671789786812,0.0074367873078829945,0.297223599405057,0.02602875557759048,0.015121467526028755,0.01412989588497769,0.0969261279127417,0.10014873574615767,0.03371343579573624,0.027268220128904314,0.027764005949429845,0.5974219137332673,0.017352503718393655,0.04164600892414477,0.09816559246405553,0.06643529995042141,0.11130391670798215,0.06370847793753098,0.08254833911750124,0.08676251859196826,0.13237481408031732,0.017848289538919187,0.01636093207734259,0.012394645513138325,0.011898859692612791,0.054784333168071395,0.18591968269707487,1.0,0.016608824987605353,0.25780862667327714,0.017848289538919187,0.09196826970748637
SMALLTEXT_LEASTCONFIDENCE,0.03222607833415964,0.05156172533465543,0.01636093207734259,0.041398116013882005,0.4072880515617253,0.27317798710956864,0.008924144769459593,0.025780862667327716,0.24293505205751115,0.2892910262766485,0.2196331184928111,0.052553296975706494,0.046355974219137334,0.11204759543877045,0.01636093207734259,0.13658899355478432,0.03222607833415964,0.2055032226078334,0.10882498760535449,0.05007436787307883,0.11080813088745661,0.054784333168071395,0.07312840852751612,0.05676747645017353,0.053792761527020325,0.04908279623202776,0.2092216162617749,0.2300446207238473,0.17055032226078334,0.7637580565195835,0.05552801189885969,0.02330193356470005,0.016608824987605353,1.0,0.042637580565195836,0.80466038671294,0.041398116013882005
SMALLTEXT_LIGHTWEIGHTCORESET,0.17550818046603867,0.13187902825979178,0.0495785820525533,0.18468021814576102,0.06519583539910759,0.06792265741199802,0.00024789291026276647,0.14402578086266732,0.05428854734754586,0.0443728309370352,0.053792761527020325,0.2270699058006941,0.21988101140307387,0.10808130887456618,0.0495785820525533,0.10907288051561725,0.17550818046603867,0.06817055032226078,0.10039662865642042,0.20798215171046108,0.1554288547347546,0.23401090728805157,0.06519583539910759,0.1650966782350025,0.20599900842835894,0.09742191373326722,0.0428854734754586,0.043877045116509666,0.05304908279623203,0.048834903321764996,0.131631135349529,0.23202776400594943,0.25780862667327714,0.042637580565195836,1.0,0.044124938026772434,0.18468021814576102
SMALLTEXT_PREDICTIONENTROPY,0.029251363411006447,0.058750619732275654,0.01611303916707982,0.03743182944967774,0.3145761031234507,0.2550818046603867,0.010659395141298959,0.03024293505205751,0.2885473475458602,0.27317798710956864,0.21343579573624194,0.051065939514129896,0.05453644025780863,0.11403073872087258,0.01611303916707982,0.139067922657412,0.029251363411006447,0.1901338621715419,0.10237977193852256,0.04833911750123947,0.11031234506693109,0.05899851264253842,0.0768468021814576,0.058254833911750126,0.05651958353991076,0.05404065443728309,0.2521070897372335,0.22161626177491323,0.16955875061973227,0.7419434804164601,0.05999008428358949,0.028011898859692613,0.017848289538919187,0.80466038671294,0.044124938026772434,1.0,0.03743182944967774
SMALLTEXT_RANDOM,0.10956866633614279,0.047595438770451165,0.08824987605354487,1.0,0.07907783837382251,0.0850272682201289,0.00421417947446703,0.06941001487357462,0.04908279623202776,0.042637580565195836,0.05627169062964799,0.43480416460089244,0.4298463063956371,0.18443232523549827,0.08824987605354487,0.15518096182449181,0.10956866633614279,0.0909766980664353,0.20674268715914726,0.45661874070401587,0.17302925136341102,0.35473475458601883,0.09419930589985126,0.27193852255825485,0.4615765989092712,0.0451165096678235,0.040406544372830935,0.03767972235994051,0.0480912245909767,0.04164600892414477,0.11452652454139811,0.1663361427863163,0.09196826970748637,0.041398116013882005,0.18468021814576102,0.03743182944967774,1.0
