,ALIPY_CORESET_GREEDY,ALIPY_DENSITY_WEIGHTED,ALIPY_GRAPH_DENSITY,ALIPY_RANDOM,ALIPY_UNCERTAINTY_LC,ALIPY_UNCERTAINTY_MM,LIBACT_DWUS,LIBACT_QUIRE,LIBACT_UNCERTAINTY_ENT,LIBACT_UNCERTAINTY_LC,LIBACT_UNCERTAINTY_SM,OPTIMAL_GREEDY_10,OPTIMAL_GREEDY_20,PLAYGROUND_BANDIT,PLAYGROUND_GRAPH_DENSITY,PLAYGROUND_INFORMATIVE_DIVERSE,PLAYGROUND_KCENTER_GREEDY,PLAYGROUND_MARGIN,PLAYGROUND_MIXTURE,PLAYGROUND_UNIFORM,SKACTIVEML_COST_EMBEDDING,SKACTIVEML_DAL,SKACTIVEML_DWUS,SKACTIVEML_QBC,SKACTIVEML_QBC_VOTE_ENTROPY,SKACTIVEML_QUIRE,SKACTIVEML_US_ENTROPY,SKACTIVEML_US_LC,SKACTIVEML_US_MARGIN,SMALLTEXT_BREAKINGTIES,SMALLTEXT_CONTRASTIVEAL,SMALLTEXT_EMBEDDINGKMEANS,SMALLTEXT_GREEDYCORESET,SMALLTEXT_LEASTCONFIDENCE,SMALLTEXT_LIGHTWEIGHTCORESET,SMALLTEXT_PREDICTIONENTROPY,SMALLTEXT_RANDOM
ALIPY_CORESET_GREEDY,1.0,0.1279127416955875,0.05280118988596926,0.14303420922161625,0.05156172533465543,0.05280118988596926,0.0458601883986118,0.15617253346554288,0.053544868616757564,0.0495785820525533,0.05280118988596926,0.16534457114526524,0.16460089241447695,0.10188398611799702,0.05280118988596926,0.10634605850272683,0.7126921170054537,0.05627169062964799,0.13287059990084282,0.16063460585027267,0.05999008428358949,0.16013882002974714,0.06147744174516609,0.10932077342588002,0.16782350024789291,0.06569162121963312,0.048834903321764996,0.049826474962816066,0.052553296975706494,0.05304908279623203,0.10014873574615767,0.1628656420426376,0.44645513138324244,0.05156172533465543,0.19162121963311848,0.051065939514129896,0.14303420922161625
ALIPY_DENSITY_WEIGHTED,0.1279127416955875,1.0,0.07040158651462568,0.05999008428358949,0.12915220624690135,0.12295488349033218,0.06866633614278632,0.23946455131383243,0.11155180961824492,0.11700545364402579,0.11279127416955875,0.06445215666831929,0.06048587010411502,0.0850272682201289,0.07040158651462568,0.0805651958353991,0.1279127416955875,0.12915220624690135,0.07659890927119484,0.058750619732275654,0.11898859692612791,0.06841844323252355,0.11105602379771938,0.07907783837382251,0.05999008428358949,0.15642042637580567,0.11700545364402579,0.11527020327218641,0.10461080813088745,0.10684184432325236,0.15096678235002478,0.07535944471988101,0.13510163609320774,0.10907288051561725,0.07858205255329698,0.11031234506693109,0.05999008428358949
ALIPY_GRAPH_DENSITY,0.05280118988596926,0.07040158651462568,1.0,0.049826474962816066,0.050322260783341594,0.052553296975706494,0.04462072384729797,0.11204759543877045,0.049826474962816066,0.05007436787307883,0.05404065443728309,0.04933068914229053,0.050322260783341594,0.054784333168071395,0.7126921170054537,0.054784333168071395,0.05280118988596926,0.05304908279623203,0.05800694100148736,0.04833911750123947,0.057263262270699056,0.05007436787307883,0.05528011898859692,0.05453644025780863,0.0473475458601884,0.06668319286068418,0.04933068914229053,0.05081804660386713,0.05428854734754586,0.049826474962816066,0.06593951412989589,0.05552801189885969,0.04709965294992563,0.04833911750123947,0.059494298463063956,0.04908279623202776,0.049826474962816066
ALIPY_RANDOM,0.14303420922161625,0.05999008428358949,0.049826474962816066,1.0,0.05751115518096182,0.06122954883490332,0.05701536936043629,0.07585523054040655,0.05751115518096182,0.05404065443728309,0.059494298463063956,0.34878532473971247,0.35002478929102626,0.16732771442736738,0.049826474962816066,0.1648487853247397,0.14303420922161625,0.07486365889935548,0.22211204759543876,0.3624194348041646,0.10039662865642042,0.2744174516608825,0.07213683688646505,0.21343579573624194,0.3549826474962816,0.07164105106593951,0.05081804660386713,0.05057015369360436,0.054784333168071395,0.05701536936043629,0.08626673277144274,0.1789786812097174,0.13435795736241943,0.0532969757064948,0.16559246405552802,0.053792761527020325,0.7126921170054537
ALIPY_UNCERTAINTY_LC,0.05156172533465543,0.12915220624690135,0.050322260783341594,0.05751115518096182,1.0,0.8453148239960337,0.3698562221120476,0.3552305404065444,0.4965294992563213,0.5091720376797224,0.4786812097174021,0.35002478929102626,0.34729796727813583,0.4075359444719881,0.33763014377788797,0.4154685176003966,0.33886960832920177,0.5448686167575607,0.38299454635597424,0.3505205751115518,0.4221616261774913,0.3596926127912742,0.40233019335647,0.3877045116509668,0.3517600396628656,0.3986117997025285,0.49801685671789786,0.5111551809618244,0.4727317798710957,0.5161130391670798,0.39762022806147745,0.34729796727813583,0.3363906792265741,0.5832920178482895,0.3549826474962816,0.5503222607833416,0.3448190381755082
ALIPY_UNCERTAINTY_MM,0.05280118988596926,0.12295488349033218,0.052553296975706494,0.06122954883490332,0.8453148239960337,1.0,0.3698562221120476,0.3505205751115518,0.45761031234506694,0.4697570649479425,0.5089241447694596,0.35324739712444225,0.35299950421417947,0.41621219633118495,0.33986117997025284,0.43009419930589987,0.3401090728805156,0.585027268220129,0.4008428358948934,0.35622211204759546,0.4266236985622211,0.3639067922657412,0.40654437283093703,0.3882002974714923,0.35746157659890926,0.38745661874070403,0.46132870599900844,0.4625681705503223,0.5059494298463064,0.5808130887456618,0.3924144769459593,0.35374318294496776,0.33837382250867626,0.5168567178978681,0.35696579077838375,0.5079325731284086,0.3485374318294497
LIBACT_DWUS,0.0458601883986118,0.06866633614278632,0.04462072384729797,0.05701536936043629,0.3698562221120476,0.3698562221120476,1.0,0.35770946950917204,0.35622211204759546,0.35696579077838375,0.35448686167575605,0.3401090728805156,0.3453148239960337,0.3661378284581061,0.33192860684184433,0.3701041150223104,0.3331680713931582,0.394893406048587,0.35002478929102626,0.3490332176499752,0.3934060485870104,0.35399107585523054,0.5121467526028756,0.39043133366385724,0.3445711452652454,0.421417947446703,0.3527516113039167,0.35473475458601883,0.3527516113039167,0.3552305404065444,0.4033217649975211,0.3728309370352008,0.3329201784828954,0.3557263262270699,0.33763014377788797,0.35448686167575605,0.3443232523549826
LIBACT_QUIRE,0.15617253346554288,0.23946455131383243,0.11204759543877045,0.07585523054040655,0.3552305404065444,0.3505205751115518,0.35770946950917204,1.0,0.3557263262270699,0.3517600396628656,0.3475458601883986,0.3629152206246901,0.3634110064452157,0.349281110560238,0.3993554784333168,0.34705007436787305,0.44348041646008923,0.3512642538423401,0.3527516113039167,0.3631631135349529,0.3658899355478433,0.36886465047099654,0.36812097174020825,0.3591968269707486,0.36365889935547846,0.4638076351016361,0.3564700049578582,0.3554784333168071,0.349281110560238,0.3438274665344571,0.47967278135845315,0.35770946950917204,0.4481903817550818,0.34630639563708476,0.39786812097174024,0.3480416460089241,0.3631631135349529
LIBACT_UNCERTAINTY_ENT,0.053544868616757564,0.11155180961824492,0.049826474962816066,0.05751115518096182,0.4965294992563213,0.45761031234506694,0.35622211204759546,0.3557263262270699,1.0,0.8626673277144273,0.8264749628160635,0.3557263262270699,0.3512642538423401,0.3854734754586019,0.3371343579573624,0.38373822508676253,0.3408527516113039,0.42117005453644024,0.36440257808626675,0.35399107585523054,0.3929102627664849,0.35820525532969755,0.3802677243430838,0.3626673277144274,0.35349529003470503,0.3849776896380763,0.49008428358948936,0.47917699553792764,0.4467030242935052,0.4521566683192861,0.3896876549330689,0.34581060981655926,0.3411006445215667,0.48314328210213187,0.349281110560238,0.5034705007436787,0.3448190381755082
LIBACT_UNCERTAINTY_LC,0.0495785820525533,0.11700545364402579,0.05007436787307883,0.05404065443728309,0.5091720376797224,0.4697570649479425,0.35696579077838375,0.3517600396628656,0.8626673277144273,1.0,0.8413485374318295,0.3485374318294497,0.34729796727813583,0.3817550818046604,0.3373822508676252,0.38324243926623697,0.3368864650470996,0.4303420922161626,0.3653941497273178,0.34705007436787305,0.3929102627664849,0.35101636093207733,0.3812592959841348,0.3634110064452157,0.3480416460089241,0.3812592959841348,0.480912245909767,0.4965294992563213,0.4583539910758552,0.4657907783837382,0.3787803668815072,0.3468021814576103,0.334407535944472,0.504214179474467,0.34605850272682204,0.4970252850768468,0.34134853743182947
LIBACT_UNCERTAINTY_SM,0.05280118988596926,0.11279127416955875,0.05404065443728309,0.059494298463063956,0.4786812097174021,0.5089241447694596,0.35448686167575605,0.3475458601883986,0.8264749628160635,0.8413485374318295,1.0,0.35027268220128904,0.34952900347050075,0.3911750123946455,0.34134853743182947,0.4040654437283094,0.3401090728805156,0.4496777392166584,0.3775409023301934,0.35399107585523054,0.39538919186911253,0.35374318294496776,0.38051561725334654,0.3646504709965295,0.35349529003470503,0.3696083292017848,0.44868616757560736,0.4593455627169063,0.4965294992563213,0.5027268220128904,0.3750619732275657,0.3517600396628656,0.3373822508676252,0.4712444224095191,0.35002478929102626,0.4630639563708478,0.3468021814576103
OPTIMAL_GREEDY_10,0.16534457114526524,0.06445215666831929,0.04933068914229053,0.34878532473971247,0.35002478929102626,0.35324739712444225,0.3401090728805156,0.3629152206246901,0.3557263262270699,0.3485374318294497,0.35027268220128904,1.0,0.7087258304412494,0.4985126425384234,0.3366385721368369,0.48388696083292015,0.4526524541398116,0.37258304412493803,0.5602379771938523,0.7012890431333664,0.40580069410014874,0.6132870599900843,0.3713435795736242,0.5416460089241447,0.7040158651462568,0.3624194348041646,0.3433316807139316,0.34506693108577097,0.3455627169062965,0.3490332176499752,0.38572136836886467,0.4697570649479425,0.4400099157164105,0.34655428854734754,0.4630639563708478,0.3480416460089241,0.6360932077342588
OPTIMAL_GREEDY_20,0.16460089241447695,0.06048587010411502,0.050322260783341594,0.35002478929102626,0.34729796727813583,0.35299950421417947,0.3453148239960337,0.3634110064452157,0.3512642538423401,0.34729796727813583,0.34952900347050075,0.7087258304412494,1.0,0.49058006941001486,0.33763014377788797,0.48413485374318294,0.4519087754090233,0.3710956866633614,0.5555280118988597,0.7052553296975707,0.4035696579077838,0.6194843827466534,0.3703520079325731,0.5379276152702033,0.7074863658899355,0.3621715418939018,0.34878532473971247,0.34581060981655926,0.34878532473971247,0.34705007436787305,0.3862171541893902,0.47967278135845315,0.43753098661378287,0.3430837878036688,0.4707486365889936,0.3448190381755082,0.6373326722855727
PLAYGROUND_BANDIT,0.10188398611799702,0.0850272682201289,0.054784333168071395,0.16732771442736738,0.4075359444719881,0.41621219633118495,0.3661378284581061,0.349281110560238,0.3854734754586019,0.3817550818046604,0.3911750123946455,0.4985126425384234,0.49058006941001486,1.0,0.34209221616261776,0.5847793753098661,0.3891918691125434,0.5495785820525533,0.6383242439266237,0.4985126425384234,0.48686167575607336,0.5128904313336639,0.3889439762022806,0.47595438770451165,0.48934060485870107,0.3958849776896381,0.3782845810609817,0.37952404561229547,0.38572136836886467,0.38423401090728804,0.4102627664848785,0.40480912245909767,0.37258304412493803,0.3735746157659891,0.409766980664353,0.37233515121467525,0.45463559742191373
PLAYGROUND_GRAPH_DENSITY,0.05280118988596926,0.07040158651462568,0.7126921170054537,0.049826474962816066,0.33763014377788797,0.33986117997025284,0.33192860684184433,0.3993554784333168,0.3371343579573624,0.3373822508676252,0.34134853743182947,0.3366385721368369,0.33763014377788797,0.34209221616261776,1.0,0.34209221616261776,0.3401090728805156,0.3403569657907784,0.3453148239960337,0.33564700049578583,0.3445711452652454,0.3373822508676252,0.34258800198314326,0.341844323252355,0.33465542885473476,0.35399107585523054,0.3366385721368369,0.3381259295984135,0.3415964303420922,0.3371343579573624,0.35324739712444225,0.34283589489340605,0.334407535944472,0.33564700049578583,0.3468021814576103,0.3363906792265741,0.3371343579573624
PLAYGROUND_INFORMATIVE_DIVERSE,0.10634605850272683,0.0805651958353991,0.054784333168071395,0.1648487853247397,0.4154685176003966,0.43009419930589987,0.3701041150223104,0.34705007436787305,0.38373822508676253,0.38324243926623697,0.4040654437283094,0.48388696083292015,0.48413485374318294,0.5847793753098661,0.34209221616261776,1.0,0.3936539414972732,0.5156172533465543,0.5820525532969757,0.47942488844819037,0.4593455627169063,0.4910758552305404,0.3777887952404561,0.46479920674268715,0.4732275656916212,0.37679722359940504,0.3839861179970253,0.3862171541893902,0.40059494298463066,0.40183440753594446,0.39538919186911253,0.4303420922161626,0.3785324739712444,0.38671294000991574,0.43381259295984137,0.3839861179970253,0.4521566683192861
PLAYGROUND_KCENTER_GREEDY,0.7126921170054537,0.1279127416955875,0.05280118988596926,0.14303420922161625,0.33886960832920177,0.3401090728805156,0.3331680713931582,0.44348041646008923,0.3408527516113039,0.3368864650470996,0.3401090728805156,0.4526524541398116,0.4519087754090233,0.3891918691125434,0.3401090728805156,0.3936539414972732,1.0,0.34357957362419433,0.42017848289538917,0.447942488844819,0.34729796727813583,0.4474467030242935,0.34878532473971247,0.3966286564204264,0.4551313832424393,0.35299950421417947,0.33614278631631134,0.3371343579573624,0.33986117997025284,0.3403569657907784,0.38745661874070403,0.45017352503718394,0.7337630143777888,0.33886960832920177,0.47892910262766486,0.33837382250867626,0.4303420922161626
PLAYGROUND_MARGIN,0.05627169062964799,0.12915220624690135,0.05304908279623203,0.07486365889935548,0.5448686167575607,0.585027268220129,0.394893406048587,0.3512642538423401,0.42117005453644024,0.4303420922161626,0.4496777392166584,0.37258304412493803,0.3710956866633614,0.5495785820525533,0.3403569657907784,0.5156172533465543,0.34357957362419433,1.0,0.4561229548834903,0.3738225086762519,0.4873574615765989,0.3884481903817551,0.42811105602379773,0.4209221616261775,0.3738225086762519,0.42042637580565195,0.43455627169062966,0.43901834407535945,0.45091720376797223,0.5195835399107586,0.4176995537927615,0.36787307882994547,0.33837382250867626,0.4784333168071393,0.3698562221120476,0.4705007436787308,0.3621715418939018
PLAYGROUND_MIXTURE,0.13287059990084282,0.07659890927119484,0.05800694100148736,0.22211204759543876,0.38299454635597424,0.4008428358948934,0.35002478929102626,0.3527516113039167,0.36440257808626675,0.3653941497273178,0.3775409023301934,0.5602379771938523,0.5555280118988597,0.6383242439266237,0.3453148239960337,0.5820525532969757,0.42017848289538917,0.4561229548834903,1.0,0.5602379771938523,0.4578582052553297,0.5461080813088746,0.3780366881507189,0.49008428358948936,0.5582548339117501,0.36936043629152204,0.36787307882994547,0.36812097174020825,0.3775409023301934,0.3765493306891423,0.3886960832920178,0.436291522062469,0.39464551313832424,0.3639067922657412,0.44620723847297966,0.3661378284581061,0.5094199305899851
PLAYGROUND_UNIFORM,0.16063460585027267,0.058750619732275654,0.04833911750123947,0.3624194348041646,0.3505205751115518,0.35622211204759546,0.3490332176499752,0.3631631135349529,0.35399107585523054,0.34705007436787305,0.35399107585523054,0.7012890431333664,0.7052553296975707,0.4985126425384234,0.33564700049578583,0.47942488844819037,0.447942488844819,0.3738225086762519,0.5602379771938523,1.0,0.39439762022806146,0.6184928111056024,0.38324243926623697,0.5361923648983639,0.7007932573128408,0.3658899355478433,0.3490332176499752,0.3480416460089241,0.349281110560238,0.34581060981655926,0.38745661874070403,0.47917699553792764,0.4340604858701041,0.34581060981655926,0.46108081308874566,0.34581060981655926,0.649727317798711
SKACTIVEML_COST_EMBEDDING,0.05999008428358949,0.11898859692612791,0.057263262270699056,0.10039662865642042,0.4221616261774913,0.4266236985622211,0.3934060485870104,0.3658899355478433,0.3929102627664849,0.3929102627664849,0.39538919186911253,0.40580069410014874,0.4035696579077838,0.48686167575607336,0.3445711452652454,0.4593455627169063,0.34729796727813583,0.4873574615765989,0.4578582052553297,0.39439762022806146,1.0,0.41968269707486366,0.41968269707486366,0.43852255825483394,0.4053049082796232,0.4484382746653446,0.38274665344571146,0.3877045116509668,0.39142290530490825,0.3899355478433317,0.44620723847297966,0.37630143777887953,0.35076846802181455,0.3896876549330689,0.3934060485870104,0.3877045116509668,0.3877045116509668
SKACTIVEML_DAL,0.16013882002974714,0.06841844323252355,0.05007436787307883,0.2744174516608825,0.3596926127912742,0.3639067922657412,0.35399107585523054,0.36886465047099654,0.35820525532969755,0.35101636093207733,0.35374318294496776,0.6132870599900843,0.6194843827466534,0.5128904313336639,0.3373822508676252,0.4910758552305404,0.4474467030242935,0.3884481903817551,0.5461080813088746,0.6184928111056024,0.41968269707486366,1.0,0.3705999008428359,0.5314823996033713,0.6172533465542885,0.3631631135349529,0.34729796727813583,0.34705007436787305,0.35027268220128904,0.3505205751115518,0.3966286564204264,0.4635597421913733,0.4410014873574616,0.34581060981655926,0.48314328210213187,0.34581060981655926,0.5617253346554288
SKACTIVEML_DWUS,0.06147744174516609,0.11105602379771938,0.05528011898859692,0.07213683688646505,0.40233019335647,0.40654437283093703,0.5121467526028756,0.36812097174020825,0.3802677243430838,0.3812592959841348,0.38051561725334654,0.3713435795736242,0.3703520079325731,0.3889439762022806,0.34258800198314326,0.3777887952404561,0.34878532473971247,0.42811105602379773,0.3780366881507189,0.38324243926623697,0.41968269707486366,0.3705999008428359,1.0,0.41298958849776896,0.37555775904809124,0.4266236985622211,0.3812592959841348,0.38423401090728804,0.38200297471492317,0.38274665344571146,0.43182944967773923,0.3671294000991572,0.3408527516113039,0.3782845810609817,0.33936539414972733,0.3824987605354487,0.3594447198810114
SKACTIVEML_QBC,0.10932077342588002,0.07907783837382251,0.05453644025780863,0.21343579573624194,0.3877045116509668,0.3882002974714923,0.39043133366385724,0.3591968269707486,0.3626673277144274,0.3634110064452157,0.3646504709965295,0.5416460089241447,0.5379276152702033,0.47595438770451165,0.341844323252355,0.46479920674268715,0.3966286564204264,0.4209221616261775,0.49008428358948936,0.5361923648983639,0.43852255825483394,0.5314823996033713,0.41298958849776896,1.0,0.5540406544372831,0.37952404561229547,0.3631631135349529,0.3621715418939018,0.3710956866633614,0.3549826474962816,0.40803173029251366,0.4439762022806148,0.3810114030738721,0.3557263262270699,0.4154685176003966,0.3554784333168071,0.5007436787307883
SKACTIVEML_QBC_VOTE_ENTROPY,0.16782350024789291,0.05999008428358949,0.0473475458601884,0.3549826474962816,0.3517600396628656,0.35746157659890926,0.3445711452652454,0.36365889935547846,0.35349529003470503,0.3480416460089241,0.35349529003470503,0.7040158651462568,0.7074863658899355,0.48934060485870107,0.33465542885473476,0.4732275656916212,0.4551313832424393,0.3738225086762519,0.5582548339117501,0.7007932573128408,0.4053049082796232,0.6172533465542885,0.37555775904809124,0.5540406544372831,1.0,0.36068418443232525,0.34705007436787305,0.3440753594447199,0.35101636093207733,0.35101636093207733,0.3886960832920178,0.4816559246405553,0.43554784333168073,0.34357957362419433,0.46058502726822015,0.34506693108577097,0.642290530490828
SKACTIVEML_QUIRE,0.06569162121963312,0.15642042637580567,0.06668319286068418,0.07164105106593951,0.3986117997025285,0.38745661874070403,0.421417947446703,0.4638076351016361,0.3849776896380763,0.3812592959841348,0.3696083292017848,0.3624194348041646,0.3621715418939018,0.3958849776896381,0.35399107585523054,0.37679722359940504,0.35299950421417947,0.42042637580565195,0.36936043629152204,0.3658899355478433,0.4484382746653446,0.3631631135349529,0.4266236985622211,0.37952404561229547,0.36068418443232525,1.0,0.37952404561229547,0.3802677243430838,0.3668815071888944,0.37208725830441247,0.522310361923649,0.3517600396628656,0.35622211204759546,0.38299454635597424,0.3661378284581061,0.3822508676251859,0.3589489340604859
SKACTIVEML_US_ENTROPY,0.048834903321764996,0.11700545364402579,0.04933068914229053,0.05081804660386713,0.49801685671789786,0.46132870599900844,0.3527516113039167,0.3564700049578582,0.49008428358948936,0.480912245909767,0.44868616757560736,0.3433316807139316,0.34878532473971247,0.3782845810609817,0.3366385721368369,0.3839861179970253,0.33614278631631134,0.43455627169062966,0.36787307882994547,0.3490332176499752,0.38274665344571146,0.34729796727813583,0.3812592959841348,0.3631631135349529,0.34705007436787305,0.37952404561229547,1.0,0.8827466534457115,0.83961328705999,0.43579573624194345,0.3807635101636093,0.3445711452652454,0.33515121467526027,0.46851760039662865,0.3475458601883986,0.4918195339613287,0.3381259295984135
SKACTIVEML_US_LC,0.049826474962816066,0.11527020327218641,0.05081804660386713,0.05057015369360436,0.5111551809618244,0.4625681705503223,0.35473475458601883,0.3554784333168071,0.47917699553792764,0.4965294992563213,0.4593455627169063,0.34506693108577097,0.34581060981655926,0.37952404561229547,0.3381259295984135,0.3862171541893902,0.3371343579573624,0.43901834407535945,0.36812097174020825,0.3480416460089241,0.3877045116509668,0.34705007436787305,0.38423401090728804,0.3621715418939018,0.3440753594447199,0.3802677243430838,0.8827466534457115,1.0,0.8507684680218146,0.43827466534457116,0.3822508676251859,0.34581060981655926,0.3368864650470996,0.48314328210213187,0.34705007436787305,0.47620228061477443,0.3378780366881507
SKACTIVEML_US_MARGIN,0.052553296975706494,0.10461080813088745,0.05428854734754586,0.054784333168071395,0.4727317798710957,0.5059494298463064,0.3527516113039167,0.349281110560238,0.4467030242935052,0.4583539910758552,0.4965294992563213,0.3455627169062965,0.34878532473971247,0.38572136836886467,0.3415964303420922,0.40059494298463066,0.33986117997025284,0.45091720376797223,0.3775409023301934,0.349281110560238,0.39142290530490825,0.35027268220128904,0.38200297471492317,0.3710956866633614,0.35101636093207733,0.3668815071888944,0.83961328705999,0.8507684680218146,1.0,0.47818542389687657,0.37679722359940504,0.35076846802181455,0.3373822508676252,0.4516608824987605,0.35027268220128904,0.4417451660882499,0.34209221616261776
SMALLTEXT_BREAKINGTIES,0.05304908279623203,0.10684184432325236,0.049826474962816066,0.05701536936043629,0.5161130391670798,0.5808130887456618,0.3552305404065444,0.3438274665344571,0.4521566683192861,0.4657907783837382,0.5027268220128904,0.3490332176499752,0.34705007436787305,0.38423401090728804,0.3371343579573624,0.40183440753594446,0.3403569657907784,0.5195835399107586,0.3765493306891423,0.34581060981655926,0.3899355478433317,0.3505205751115518,0.38274665344571146,0.3549826474962816,0.35101636093207733,0.37208725830441247,0.43579573624194345,0.43827466534457116,0.47818542389687657,1.0,0.36861675756073375,0.3468021814576103,0.33763014377788797,0.8490332176499752,0.3455627169062965,0.8388696083292018,0.3443232523549826
SMALLTEXT_CONTRASTIVEAL,0.10014873574615767,0.15096678235002478,0.06593951412989589,0.08626673277144274,0.39762022806147745,0.3924144769459593,0.4033217649975211,0.47967278135845315,0.3896876549330689,0.3787803668815072,0.3750619732275657,0.38572136836886467,0.3862171541893902,0.4102627664848785,0.35324739712444225,0.39538919186911253,0.38745661874070403,0.4176995537927615,0.3886960832920178,0.38745661874070403,0.44620723847297966,0.3966286564204264,0.43182944967773923,0.40803173029251366,0.3886960832920178,0.522310361923649,0.3807635101636093,0.3822508676251859,0.37679722359940504,0.36861675756073375,1.0,0.37307882994546354,0.37902825979176996,0.3748140803173029,0.39092711948438275,0.3743182944967774,0.3735746157659891
SMALLTEXT_EMBEDDINGKMEANS,0.1628656420426376,0.07535944471988101,0.05552801189885969,0.1789786812097174,0.34729796727813583,0.35374318294496776,0.3728309370352008,0.35770946950917204,0.34581060981655926,0.3468021814576103,0.3517600396628656,0.4697570649479425,0.47967278135845315,0.40480912245909767,0.34283589489340605,0.4303420922161626,0.45017352503718394,0.36787307882994547,0.436291522062469,0.47917699553792764,0.37630143777887953,0.4635597421913733,0.3671294000991572,0.4439762022806148,0.4816559246405553,0.3517600396628656,0.3445711452652454,0.34581060981655926,0.35076846802181455,0.3468021814576103,0.37307882994546354,1.0,0.4962816063460585,0.3396132870599901,0.6470004957858205,0.3411006445215667,0.46628656420426373
SMALLTEXT_GREEDYCORESET,0.44645513138324244,0.13510163609320774,0.04709965294992563,0.13435795736241943,0.3363906792265741,0.33837382250867626,0.3329201784828954,0.4481903817550818,0.3411006445215667,0.334407535944472,0.3373822508676252,0.4400099157164105,0.43753098661378287,0.37258304412493803,0.334407535944472,0.3785324739712444,0.7337630143777888,0.33837382250867626,0.39464551313832424,0.4340604858701041,0.35076846802181455,0.4410014873574616,0.3408527516113039,0.3810114030738721,0.43554784333168073,0.35622211204759546,0.33515121467526027,0.3368864650470996,0.3373822508676252,0.33763014377788797,0.37902825979176996,0.4962816063460585,1.0,0.3363906792265741,0.5299950421417947,0.33515121467526027,0.4216658403569658
SMALLTEXT_LEASTCONFIDENCE,0.05156172533465543,0.10907288051561725,0.04833911750123947,0.0532969757064948,0.5832920178482895,0.5168567178978681,0.3557263262270699,0.34630639563708476,0.48314328210213187,0.504214179474467,0.4712444224095191,0.34655428854734754,0.3430837878036688,0.3735746157659891,0.33564700049578583,0.38671294000991574,0.33886960832920177,0.4784333168071393,0.3639067922657412,0.34581060981655926,0.3896876549330689,0.34581060981655926,0.3782845810609817,0.3557263262270699,0.34357957362419433,0.38299454635597424,0.46851760039662865,0.48314328210213187,0.4516608824987605,0.8490332176499752,0.3748140803173029,0.3396132870599901,0.3363906792265741,1.0,0.34357957362419433,0.8795240456122955,0.3406048587010411
SMALLTEXT_LIGHTWEIGHTCORESET,0.19162121963311848,0.07858205255329698,0.059494298463063956,0.16559246405552802,0.3549826474962816,0.35696579077838375,0.33763014377788797,0.39786812097174024,0.349281110560238,0.34605850272682204,0.35002478929102626,0.4630639563708478,0.4707486365889936,0.409766980664353,0.3468021814576103,0.43381259295984137,0.47892910262766486,0.3698562221120476,0.44620723847297966,0.46108081308874566,0.3934060485870104,0.48314328210213187,0.33936539414972733,0.4154685176003966,0.46058502726822015,0.3661378284581061,0.3475458601883986,0.34705007436787305,0.35027268220128904,0.3455627169062965,0.39092711948438275,0.6470004957858205,0.5299950421417947,0.34357957362419433,1.0,0.3445711452652454,0.45290034705007437
SMALLTEXT_PREDICTIONENTROPY,0.051065939514129896,0.11031234506693109,0.04908279623202776,0.053792761527020325,0.5503222607833416,0.5079325731284086,0.35448686167575605,0.3480416460089241,0.5034705007436787,0.4970252850768468,0.4630639563708478,0.3480416460089241,0.3448190381755082,0.37233515121467525,0.3363906792265741,0.3839861179970253,0.33837382250867626,0.4705007436787308,0.3661378284581061,0.34581060981655926,0.3877045116509668,0.34581060981655926,0.3824987605354487,0.3554784333168071,0.34506693108577097,0.3822508676251859,0.4918195339613287,0.47620228061477443,0.4417451660882499,0.8388696083292018,0.3743182944967774,0.3411006445215667,0.33515121467526027,0.8795240456122955,0.3445711452652454,1.0,0.3411006445215667
SMALLTEXT_RANDOM,0.14303420922161625,0.05999008428358949,0.049826474962816066,0.7126921170054537,0.3448190381755082,0.3485374318294497,0.3443232523549826,0.3631631135349529,0.3448190381755082,0.34134853743182947,0.3468021814576103,0.6360932077342588,0.6373326722855727,0.45463559742191373,0.3371343579573624,0.4521566683192861,0.4303420922161626,0.3621715418939018,0.5094199305899851,0.649727317798711,0.3877045116509668,0.5617253346554288,0.3594447198810114,0.5007436787307883,0.642290530490828,0.3589489340604859,0.3381259295984135,0.3378780366881507,0.34209221616261776,0.3443232523549826,0.3735746157659891,0.46628656420426373,0.4216658403569658,0.3406048587010411,0.45290034705007437,0.3411006445215667,1.0
