,ALIPY_CORESET_GREEDY,ALIPY_DENSITY_WEIGHTED,ALIPY_GRAPH_DENSITY,ALIPY_RANDOM,ALIPY_UNCERTAINTY_LC,ALIPY_UNCERTAINTY_MM,LIBACT_DWUS,LIBACT_QUIRE,LIBACT_UNCERTAINTY_ENT,LIBACT_UNCERTAINTY_LC,LIBACT_UNCERTAINTY_SM,OPTIMAL_GREEDY_10,OPTIMAL_GREEDY_20,PLAYGROUND_BANDIT,PLAYGROUND_GRAPH_DENSITY,PLAYGROUND_INFORMATIVE_DIVERSE,PLAYGROUND_KCENTER_GREEDY,PLAYGROUND_MARGIN,PLAYGROUND_MIXTURE,PLAYGROUND_UNIFORM,SKACTIVEML_COST_EMBEDDING,SKACTIVEML_DAL,SKACTIVEML_DWUS,SKACTIVEML_QBC,SKACTIVEML_QBC_VOTE_ENTROPY,SKACTIVEML_QUIRE,SKACTIVEML_US_ENTROPY,SKACTIVEML_US_LC,SKACTIVEML_US_MARGIN,SMALLTEXT_BREAKINGTIES,SMALLTEXT_CONTRASTIVEAL,SMALLTEXT_EMBEDDINGKMEANS,SMALLTEXT_GREEDYCORESET,SMALLTEXT_LEASTCONFIDENCE,SMALLTEXT_LIGHTWEIGHTCORESET,SMALLTEXT_PREDICTIONENTROPY,SMALLTEXT_RANDOM
ALIPY_CORESET_GREEDY,1.0,0.6608824987605354,0.98834903321765,0.9913237481408032,0.8604362915220625,0.860932077342588,0.1353495290034705,0.19633118492811105,0.33242439266236984,0.33192860684184433,0.33093703520079326,0.0012394645513138325,0.0,0.664600892414477,0.9900842835894893,0.8525037183936539,0.9980168567178979,0.8529995042141795,0.6695587506197322,0.9913237481408032,0.020079325731284084,0.002726822012890431,0.19757064947942488,0.008676251859196828,0.00842835894893406,0.048834903321764996,0.1906296479920674,0.1923648983639068,0.19038175508180466,0.8128408527516113,0.33763014377788797,0.12766484878532475,0.6869112543381259,0.8562221120475955,0.8510163609320773,0.6122954883490332,0.9913237481408032
ALIPY_DENSITY_WEIGHTED,0.6608824987605354,1.0,0.6522062469013387,0.6690629647992068,0.7726822012890431,0.7749132374814081,0.14724838869608328,0.22136836886465047,0.229300941993059,0.22830937035200793,0.23029251363411007,0.03817550818046604,0.0032226078334159644,0.652949925632127,0.6541893901834408,0.7744174516608825,0.6626177491323748,0.7744174516608825,0.6209717402082301,0.6690629647992068,0.03594447198810114,0.051313832424392664,0.1774913237481408,0.04610808130887457,0.046355974219137334,0.06916212196331185,0.17178978681209717,0.17030242935052056,0.17104610808130888,0.7870599900842836,0.4866137828458106,0.21566683192860683,0.7364898363906792,0.7764005949429846,0.7771442736737729,0.8284581060981656,0.6690629647992068
ALIPY_GRAPH_DENSITY,0.98834903321765,0.6522062469013387,1.0,0.9823996033713436,0.8515121467526029,0.8520079325731285,0.13559742191373328,0.20079325731284084,0.32449181953396133,0.3247397124442241,0.32300446207238476,0.0012394645513138325,0.0,0.6551809618244918,0.9923153197818543,0.8435795736241943,0.98834903321765,0.8440753594447199,0.6641051065939514,0.9823996033713436,0.020079325731284084,0.002726822012890431,0.2077342588001983,0.008676251859196828,0.00842835894893406,0.048834903321764996,0.20104115022310362,0.20277640059494298,0.20054536440257809,0.8039167079821518,0.34581060981655926,0.12766484878532475,0.6948438274665345,0.8472979672781359,0.8413485374318295,0.6063460585027268,0.9823996033713436
ALIPY_RANDOM,0.9913237481408032,0.6690629647992068,0.9823996033713436,1.0,0.8691125433812593,0.8696083292017849,0.1353495290034705,0.19360436291522062,0.3321764997521071,0.3321764997521071,0.330193356470005,0.0012394645513138325,0.0,0.6658403569657908,0.9836390679226574,0.8611799702528508,0.9930589985126426,0.8616757560733763,0.6732771442736738,1.0,0.020079325731284084,0.002726822012890431,0.1923648983639068,0.008676251859196828,0.00842835894893406,0.048834903321764996,0.18591968269707487,0.18740704015865145,0.18517600396628656,0.8210213187902826,0.33242439266236984,0.12766484878532475,0.6792265741199802,0.8648983639067923,0.856717897868121,0.6117997025285077,1.0
ALIPY_UNCERTAINTY_LC,0.8604362915220625,0.7726822012890431,0.8515121467526029,0.8691125433812593,1.0,0.9811601388200297,0.1628656420426376,0.22161626177491323,0.33391175012394647,0.3336638572136837,0.33168071393158155,0.0012394645513138325,0.0,0.7699553792761527,0.8527516113039167,0.973475458601884,0.8621715418939019,0.973475458601884,0.7793753098661378,0.8691125433812593,0.020079325731284084,0.002726822012890431,0.1931085770946951,0.008924144769459593,0.008180466038671294,0.06866633614278632,0.1864154685176004,0.18790282597917699,0.18591968269707487,0.9357957362419435,0.4157164105106594,0.1554288547347546,0.7959841348537432,0.9757064947942489,0.969261279127417,0.7201289043133366,0.8691125433812593
ALIPY_UNCERTAINTY_MM,0.860932077342588,0.7749132374814081,0.8520079325731285,0.8696083292017849,0.9811601388200297,1.0,0.16435299950421417,0.22012890431333665,0.33465542885473476,0.334407535944472,0.33242439266236984,0.0012394645513138325,0.0,0.7711948438274665,0.8532473971244422,0.9762022806147744,0.8626673277144273,0.9769459593455627,0.7813584531482399,0.8696083292017849,0.020079325731284084,0.002726822012890431,0.19360436291522062,0.008924144769459593,0.008180466038671294,0.06965790778383739,0.1871591472483887,0.18839861179970252,0.18666336142786316,0.9375309866137829,0.4164600892414477,0.15518096182449181,0.7987109568666336,0.9796727813584531,0.9722359940505702,0.7228557263262271,0.8696083292017849
LIBACT_DWUS,0.1353495290034705,0.14724838869608328,0.13559742191373328,0.1353495290034705,0.1628656420426376,0.16435299950421417,1.0,0.036440257808626676,0.02949925632126921,0.02949925632126921,0.02949925632126921,0.0022310361923648984,0.0,0.17873078829945463,0.13584531482399603,0.16732771442736738,0.1353495290034705,0.16683192860684184,0.17922657411998016,0.1353495290034705,0.01908775409023302,0.0012394645513138325,0.030490827962320277,0.005701536936043629,0.005949429846306396,0.0458601883986118,0.030738720872583045,0.030490827962320277,0.030490827962320277,0.16782350024789291,0.1412989588497769,0.12444224095190877,0.1864154685176004,0.16385721368368864,0.1648487853247397,0.1752602875557759,0.1353495290034705
LIBACT_QUIRE,0.19633118492811105,0.22136836886465047,0.20079325731284084,0.19360436291522062,0.22161626177491323,0.22012890431333665,0.036440257808626676,1.0,0.015865146256817054,0.015369360436291522,0.014873574615765989,0.0012394645513138325,0.0,0.20228061477441744,0.1998016856717898,0.22161626177491323,0.19633118492811105,0.221864154685176,0.1931085770946951,0.19360436291522062,0.01983143282102132,0.010163609320773426,0.03718393653941497,0.009419930589985127,0.011155180961824492,0.058254833911750126,0.03495290034705007,0.03445711452652454,0.03520079325731284,0.22211204759543876,0.22806147744174515,0.09196826970748637,0.23698562221120476,0.22062469013386218,0.22310361923648983,0.22459097669806644,0.19360436291522062
LIBACT_UNCERTAINTY_ENT,0.33242439266236984,0.229300941993059,0.32449181953396133,0.3321764997521071,0.33391175012394647,0.33465542885473476,0.02949925632126921,0.015865146256817054,1.0,0.8882002974714923,0.8899355478433317,0.0017352503718393653,0.0,0.42364898363906794,0.3257312840852752,0.3363906792265741,0.33242439266236984,0.33614278631631134,0.39092711948438275,0.3321764997521071,0.18889439762022806,0.09965294992563213,0.6462568170550322,0.012394645513138325,0.008180466038671294,0.00991571641051066,0.6487357461576599,0.6462568170550322,0.6489836390679227,0.3267228557263262,0.09593455627169063,0.04561229548834903,0.3294496777392167,0.33465542885473476,0.3371343579573624,0.22979672781358454,0.3321764997521071
LIBACT_UNCERTAINTY_LC,0.33192860684184433,0.22830937035200793,0.3247397124442241,0.3321764997521071,0.3336638572136837,0.334407535944472,0.02949925632126921,0.015369360436291522,0.8882002974714923,1.0,0.8941497273177987,0.0017352503718393653,0.0,0.4226574119980169,0.3254833911750124,0.3371343579573624,0.3321764997521071,0.3363906792265741,0.3891918691125434,0.3321764997521071,0.18368864650470995,0.09866137828458106,0.6477441745166088,0.01264253842340109,0.008924144769459593,0.010659395141298959,0.6450173525037184,0.6482399603371344,0.6470004957858205,0.326970748636589,0.0924640555280119,0.045364402578086264,0.32746653445711454,0.33490332176499754,0.3378780366881507,0.2285572632622707,0.3321764997521071
LIBACT_UNCERTAINTY_SM,0.33093703520079326,0.23029251363411007,0.32300446207238476,0.330193356470005,0.33168071393158155,0.33242439266236984,0.02949925632126921,0.014873574615765989,0.8899355478433317,0.8941497273177987,1.0,0.0012394645513138325,0.0,0.4231531978185424,0.3247397124442241,0.33564700049578583,0.33093703520079326,0.334407535944472,0.3882002974714923,0.330193356470005,0.18443232523549827,0.09742191373326722,0.649727317798711,0.01264253842340109,0.008676251859196828,0.010659395141298959,0.6519583539910758,0.6512146752602875,0.6536936043629152,0.32870599900842834,0.09295984134853744,0.0458601883986118,0.32721864154685176,0.3334159643034209,0.3373822508676252,0.2278135845314824,0.330193356470005
OPTIMAL_GREEDY_10,0.0012394645513138325,0.03817550818046604,0.0012394645513138325,0.0012394645513138325,0.0012394645513138325,0.0012394645513138325,0.0022310361923648984,0.0012394645513138325,0.0017352503718393653,0.0017352503718393653,0.0012394645513138325,1.0,0.00495785820525533,0.0017352503718393653,0.0012394645513138325,0.0012394645513138325,0.0012394645513138325,0.0012394645513138325,0.0017352503718393653,0.0012394645513138325,0.0,0.010411502231036193,0.0017352503718393653,0.11031234506693109,0.10783341596430342,0.0,0.0012394645513138325,0.001487357461576599,0.001487357461576599,0.0019831432821021317,0.012146752602875557,0.002478929102627665,0.015865146256817054,0.0012394645513138325,0.001487357461576599,0.05577590480912246,0.0012394645513138325
OPTIMAL_GREEDY_20,0.0,0.0032226078334159644,0.0,0.0,0.0,0.0,0.0,0.0,0.0,0.0,0.0,0.00495785820525533,1.0,0.0,0.0,0.0,0.0,0.0,0.0,0.0,0.0,0.0,0.0,0.0,0.0,0.0,0.0,0.0,0.0,0.0,0.02900347050074368,0.004709965294992563,0.0004957858205255329,0.0,0.0,0.0007436787307882995,0.0
PLAYGROUND_BANDIT,0.664600892414477,0.652949925632127,0.6551809618244918,0.6658403569657908,0.7699553792761527,0.7711948438274665,0.17873078829945463,0.20228061477441744,0.42364898363906794,0.4226574119980169,0.4231531978185424,0.0017352503718393653,0.0,1.0,0.6564204263758057,0.7751611303916708,0.665592464055528,0.7768963807635102,0.820525532969757,0.6658403569657908,0.02602875557759048,0.006445215666831929,0.28284581060981656,0.00991571641051066,0.00917203767972236,0.07635101636093208,0.27689638076351014,0.27937530986613784,0.2776400594942985,0.7607833415964304,0.4293505205751115,0.2553296975706495,0.7657411998016856,0.7719385225582548,0.7756569162121963,0.6941001487357461,0.6658403569657908
PLAYGROUND_GRAPH_DENSITY,0.9900842835894893,0.6541893901834408,0.9923153197818543,0.9836390679226574,0.8527516113039167,0.8532473971244422,0.13584531482399603,0.1998016856717898,0.3257312840852752,0.3254833911750124,0.3247397124442241,0.0012394645513138325,0.0,0.6564204263758057,1.0,0.8448190381755082,0.9895884977689638,0.8453148239960337,0.6653445711452652,0.9836390679226574,0.020079325731284084,0.002726822012890431,0.20649479424888448,0.008676251859196828,0.00842835894893406,0.048834903321764996,0.1998016856717898,0.20153693604362916,0.19930589985126426,0.8061477441745166,0.3440753594447199,0.12766484878532475,0.6948438274665345,0.8485374318294496,0.8425880019831433,0.6070897372335151,0.9836390679226574
PLAYGROUND_INFORMATIVE_DIVERSE,0.8525037183936539,0.7744174516608825,0.8435795736241943,0.8611799702528508,0.973475458601884,0.9762022806147744,0.16732771442736738,0.22161626177491323,0.3363906792265741,0.3371343579573624,0.33564700049578583,0.0012394645513138325,0.0,0.7751611303916708,0.8448190381755082,1.0,0.8542389687654933,0.9752107089737233,0.7860684184432325,0.8611799702528508,0.020079325731284084,0.002726822012890431,0.19583539910758552,0.00842835894893406,0.008180466038671294,0.06990580069410014,0.1901338621715419,0.19112543381259295,0.18889439762022806,0.9385225582548339,0.42117005453644024,0.15989092711948438,0.8029251363411006,0.9779375309866137,0.9707486365889936,0.7275656916212196,0.8611799702528508
PLAYGROUND_KCENTER_GREEDY,0.9980168567178979,0.6626177491323748,0.98834903321765,0.9930589985126426,0.8621715418939019,0.8626673277144273,0.1353495290034705,0.19633118492811105,0.33242439266236984,0.3321764997521071,0.33093703520079326,0.0012394645513138325,0.0,0.665592464055528,0.9895884977689638,0.8542389687654933,1.0,0.8547347545860189,0.6710461080813088,0.9930589985126426,0.020079325731284084,0.002726822012890431,0.19633118492811105,0.008676251859196828,0.00842835894893406,0.048834903321764996,0.18963807635101637,0.19137332672285573,0.18914229053049084,0.8145761031234506,0.3363906792265741,0.12766484878532475,0.6859196826970748,0.8579573624194348,0.8527516113039167,0.6122954883490332,0.9930589985126426
PLAYGROUND_MARGIN,0.8529995042141795,0.7744174516608825,0.8440753594447199,0.8616757560733763,0.973475458601884,0.9769459593455627,0.16683192860684184,0.221864154685176,0.33614278631631134,0.3363906792265741,0.334407535944472,0.0012394645513138325,0.0,0.7768963807635102,0.8453148239960337,0.9752107089737233,0.8547347545860189,1.0,0.7848289538919186,0.8616757560733763,0.020079325731284084,0.002726822012890431,0.19533961328705998,0.008676251859196828,0.00842835894893406,0.06965790778383739,0.18889439762022806,0.1901338621715419,0.18790282597917699,0.9375309866137829,0.42191373326722853,0.15840356965790778,0.8009419930589985,0.9779375309866137,0.9695091720376797,0.7268220128904314,0.8616757560733763
PLAYGROUND_MIXTURE,0.6695587506197322,0.6209717402082301,0.6641051065939514,0.6732771442736738,0.7793753098661378,0.7813584531482399,0.17922657411998016,0.1931085770946951,0.39092711948438275,0.3891918691125434,0.3882002974714923,0.0017352503718393653,0.0,0.820525532969757,0.6653445711452652,0.7860684184432325,0.6710461080813088,0.7848289538919186,1.0,0.6732771442736738,0.027268220128904314,0.005205751115518097,0.2545860188398612,0.0066931085770946955,0.0066931085770946955,0.07139315815567675,0.24938026772434307,0.25111551809618243,0.24962816063460586,0.7513634110064452,0.38299454635597424,0.2107089737233515,0.7555775904809122,0.782350024789291,0.7793753098661378,0.6472483886960833,0.6732771442736738
PLAYGROUND_UNIFORM,0.9913237481408032,0.6690629647992068,0.9823996033713436,1.0,0.8691125433812593,0.8696083292017849,0.1353495290034705,0.19360436291522062,0.3321764997521071,0.3321764997521071,0.330193356470005,0.0012394645513138325,0.0,0.6658403569657908,0.9836390679226574,0.8611799702528508,0.9930589985126426,0.8616757560733763,0.6732771442736738,1.0,0.020079325731284084,0.002726822012890431,0.1923648983639068,0.008676251859196828,0.00842835894893406,0.048834903321764996,0.18591968269707487,0.18740704015865145,0.18517600396628656,0.8210213187902826,0.33242439266236984,0.12766484878532475,0.6792265741199802,0.8648983639067923,0.856717897868121,0.6117997025285077,1.0
SKACTIVEML_COST_EMBEDDING,0.020079325731284084,0.03594447198810114,0.020079325731284084,0.020079325731284084,0.020079325731284084,0.020079325731284084,0.01908775409023302,0.01983143282102132,0.18889439762022806,0.18368864650470995,0.18443232523549827,0.0,0.0,0.02602875557759048,0.020079325731284084,0.020079325731284084,0.020079325731284084,0.020079325731284084,0.027268220128904314,0.020079325731284084,1.0,0.06643529995042141,0.21417947446703026,0.0,0.00024789291026276647,0.03743182944967774,0.2114526524541398,0.21120475954387705,0.21269211700545365,0.02032721864154685,0.08701041150223103,0.11750123946455131,0.023797719385225583,0.020079325731284084,0.020079325731284084,0.02181457610312345,0.020079325731284084
SKACTIVEML_DAL,0.002726822012890431,0.051313832424392664,0.002726822012890431,0.002726822012890431,0.002726822012890431,0.002726822012890431,0.0012394645513138325,0.010163609320773426,0.09965294992563213,0.09866137828458106,0.09742191373326722,0.010411502231036193,0.0,0.006445215666831929,0.002726822012890431,0.002726822012890431,0.002726822012890431,0.002726822012890431,0.005205751115518097,0.002726822012890431,0.06643529995042141,1.0,0.19484382746653445,0.05850272682201289,0.05899851264253842,0.0074367873078829945,0.2020327218641547,0.20054536440257809,0.20104115022310362,0.00842835894893406,0.0495785820525533,0.011155180961824492,0.005701536936043629,0.002726822012890431,0.002726822012890431,0.07188894397620228,0.002726822012890431
SKACTIVEML_DWUS,0.19757064947942488,0.1774913237481408,0.2077342588001983,0.1923648983639068,0.1931085770946951,0.19360436291522062,0.030490827962320277,0.03718393653941497,0.6462568170550322,0.6477441745166088,0.649727317798711,0.0017352503718393653,0.0,0.28284581060981656,0.20649479424888448,0.19583539910758552,0.19633118492811105,0.19533961328705998,0.2545860188398612,0.1923648983639068,0.21417947446703026,0.19484382746653445,1.0,0.011403073872087258,0.010163609320773426,0.011403073872087258,0.8510163609320773,0.8497768963807635,0.8537431829449678,0.22607833415964304,0.17501239464551313,0.04858701041150223,0.27590480912245907,0.1938522558254834,0.19707486365889937,0.22583044124938026,0.1923648983639068
SKACTIVEML_QBC,0.008676251859196828,0.04610808130887457,0.008676251859196828,0.008676251859196828,0.008924144769459593,0.008924144769459593,0.005701536936043629,0.009419930589985127,0.012394645513138325,0.01264253842340109,0.01264253842340109,0.11031234506693109,0.0,0.00991571641051066,0.008676251859196828,0.00842835894893406,0.008676251859196828,0.008676251859196828,0.0066931085770946955,0.008676251859196828,0.0,0.05850272682201289,0.011403073872087258,1.0,0.6898859692612791,0.00024789291026276647,0.012394645513138325,0.013882002974714923,0.015121467526028755,0.010907288051561725,0.018096182449181954,0.0039662865642042635,0.027268220128904314,0.008676251859196828,0.009667823500247892,0.07263262270699058,0.008676251859196828
SKACTIVEML_QBC_VOTE_ENTROPY,0.00842835894893406,0.046355974219137334,0.00842835894893406,0.00842835894893406,0.008180466038671294,0.008180466038671294,0.005949429846306396,0.011155180961824492,0.008180466038671294,0.008924144769459593,0.008676251859196828,0.10783341596430342,0.0,0.00917203767972236,0.00842835894893406,0.008180466038671294,0.00842835894893406,0.00842835894893406,0.0066931085770946955,0.00842835894893406,0.00024789291026276647,0.05899851264253842,0.010163609320773426,0.6898859692612791,1.0,0.00024789291026276647,0.008676251859196828,0.00991571641051066,0.00991571641051066,0.010163609320773426,0.01908775409023302,0.0009915716410510659,0.026772434308378782,0.00842835894893406,0.008924144769459593,0.07213683688646505,0.00842835894893406
SKACTIVEML_QUIRE,0.048834903321764996,0.06916212196331185,0.048834903321764996,0.048834903321764996,0.06866633614278632,0.06965790778383739,0.0458601883986118,0.058254833911750126,0.00991571641051066,0.010659395141298959,0.010659395141298959,0.0,0.0,0.07635101636093208,0.048834903321764996,0.06990580069410014,0.048834903321764996,0.06965790778383739,0.07139315815567675,0.048834903321764996,0.03743182944967774,0.0074367873078829945,0.011403073872087258,0.00024789291026276647,0.00024789291026276647,1.0,0.009667823500247892,0.00917203767972236,0.00917203767972236,0.06941001487357462,0.10461080813088745,0.18517600396628656,0.07064947942488845,0.06817055032226078,0.06941001487357462,0.06965790778383739,0.048834903321764996
SKACTIVEML_US_ENTROPY,0.1906296479920674,0.17178978681209717,0.20104115022310362,0.18591968269707487,0.1864154685176004,0.1871591472483887,0.030738720872583045,0.03495290034705007,0.6487357461576599,0.6450173525037184,0.6519583539910758,0.0012394645513138325,0.0,0.27689638076351014,0.1998016856717898,0.1901338621715419,0.18963807635101637,0.18889439762022806,0.24938026772434307,0.18591968269707487,0.2114526524541398,0.2020327218641547,0.8510163609320773,0.012394645513138325,0.008676251859196828,0.009667823500247892,1.0,0.9018344075359445,0.8976202280614775,0.22062469013386218,0.1685671789786812,0.0428854734754586,0.2667327714427367,0.18790282597917699,0.19112543381259295,0.21864154685176004,0.18591968269707487
SKACTIVEML_US_LC,0.1923648983639068,0.17030242935052056,0.20277640059494298,0.18740704015865145,0.18790282597917699,0.18839861179970252,0.030490827962320277,0.03445711452652454,0.6462568170550322,0.6482399603371344,0.6512146752602875,0.001487357461576599,0.0,0.27937530986613784,0.20153693604362916,0.19112543381259295,0.19137332672285573,0.1901338621715419,0.25111551809618243,0.18740704015865145,0.21120475954387705,0.20054536440257809,0.8497768963807635,0.013882002974714923,0.00991571641051066,0.00917203767972236,0.9018344075359445,1.0,0.8956370847793753,0.2203767972235994,0.16831928606841845,0.04238968765493307,0.2692117005453644,0.18963807635101637,0.1923648983639068,0.2188894397620228,0.18740704015865145
SKACTIVEML_US_MARGIN,0.19038175508180466,0.17104610808130888,0.20054536440257809,0.18517600396628656,0.18591968269707487,0.18666336142786316,0.030490827962320277,0.03520079325731284,0.6489836390679227,0.6470004957858205,0.6536936043629152,0.001487357461576599,0.0,0.2776400594942985,0.19930589985126426,0.18889439762022806,0.18914229053049084,0.18790282597917699,0.24962816063460586,0.18517600396628656,0.21269211700545365,0.20104115022310362,0.8537431829449678,0.015121467526028755,0.00991571641051066,0.00917203767972236,0.8976202280614775,0.8956370847793753,1.0,0.22012890431333665,0.16831928606841845,0.04338125929598413,0.26896380763510164,0.18691125433812594,0.1901338621715419,0.21938522558254833,0.18517600396628656
SMALLTEXT_BREAKINGTIES,0.8128408527516113,0.7870599900842836,0.8039167079821518,0.8210213187902826,0.9357957362419435,0.9375309866137829,0.16782350024789291,0.22211204759543876,0.3267228557263262,0.326970748636589,0.32870599900842834,0.0019831432821021317,0.0,0.7607833415964304,0.8061477441745166,0.9385225582548339,0.8145761031234506,0.9375309866137829,0.7513634110064452,0.8210213187902826,0.02032721864154685,0.00842835894893406,0.22607833415964304,0.010907288051561725,0.010163609320773426,0.06941001487357462,0.22062469013386218,0.2203767972235994,0.22012890431333665,1.0,0.42488844819038174,0.16038671294000992,0.8187902825979178,0.9397620228061477,0.9432325235498265,0.7389687654933069,0.8210213187902826
SMALLTEXT_CONTRASTIVEAL,0.33763014377788797,0.4866137828458106,0.34581060981655926,0.33242439266236984,0.4157164105106594,0.4164600892414477,0.1412989588497769,0.22806147744174515,0.09593455627169063,0.0924640555280119,0.09295984134853744,0.012146752602875557,0.02900347050074368,0.4293505205751115,0.3440753594447199,0.42117005453644024,0.3363906792265741,0.42191373326722853,0.38299454635597424,0.33242439266236984,0.08701041150223103,0.0495785820525533,0.17501239464551313,0.018096182449181954,0.01908775409023302,0.10461080813088745,0.1685671789786812,0.16831928606841845,0.16831928606841845,0.42488844819038174,1.0,0.4328210213187903,0.4947942488844819,0.4184432325235498,0.4224095190877541,0.5178482895389191,0.33242439266236984
SMALLTEXT_EMBEDDINGKMEANS,0.12766484878532475,0.21566683192860683,0.12766484878532475,0.12766484878532475,0.1554288547347546,0.15518096182449181,0.12444224095190877,0.09196826970748637,0.04561229548834903,0.045364402578086264,0.0458601883986118,0.002478929102627665,0.004709965294992563,0.2553296975706495,0.12766484878532475,0.15989092711948438,0.12766484878532475,0.15840356965790778,0.2107089737233515,0.12766484878532475,0.11750123946455131,0.011155180961824492,0.04858701041150223,0.0039662865642042635,0.0009915716410510659,0.18517600396628656,0.0428854734754586,0.04238968765493307,0.04338125929598413,0.16038671294000992,0.4328210213187903,1.0,0.20277640059494298,0.1574119980168567,0.1576598909271195,0.21046108081308876,0.12766484878532475
SMALLTEXT_GREEDYCORESET,0.6869112543381259,0.7364898363906792,0.6948438274665345,0.6792265741199802,0.7959841348537432,0.7987109568666336,0.1864154685176004,0.23698562221120476,0.3294496777392167,0.32746653445711454,0.32721864154685176,0.015865146256817054,0.0004957858205255329,0.7657411998016856,0.6948438274665345,0.8029251363411006,0.6859196826970748,0.8009419930589985,0.7555775904809122,0.6792265741199802,0.023797719385225583,0.005701536936043629,0.27590480912245907,0.027268220128904314,0.026772434308378782,0.07064947942488845,0.2667327714427367,0.2692117005453644,0.26896380763510164,0.8187902825979178,0.4947942488844819,0.20277640059494298,1.0,0.8006941001487358,0.8076351016360932,0.7699553792761527,0.6792265741199802
SMALLTEXT_LEASTCONFIDENCE,0.8562221120475955,0.7764005949429846,0.8472979672781359,0.8648983639067923,0.9757064947942489,0.9796727813584531,0.16385721368368864,0.22062469013386218,0.33465542885473476,0.33490332176499754,0.3334159643034209,0.0012394645513138325,0.0,0.7719385225582548,0.8485374318294496,0.9779375309866137,0.8579573624194348,0.9779375309866137,0.782350024789291,0.8648983639067923,0.020079325731284084,0.002726822012890431,0.1938522558254834,0.008676251859196828,0.00842835894893406,0.06817055032226078,0.18790282597917699,0.18963807635101637,0.18691125433812594,0.9397620228061477,0.4184432325235498,0.1574119980168567,0.8006941001487358,1.0,0.9729796727813584,0.7245909766980664,0.8648983639067923
SMALLTEXT_LIGHTWEIGHTCORESET,0.8510163609320773,0.7771442736737729,0.8413485374318295,0.856717897868121,0.969261279127417,0.9722359940505702,0.1648487853247397,0.22310361923648983,0.3371343579573624,0.3378780366881507,0.3373822508676252,0.001487357461576599,0.0,0.7756569162121963,0.8425880019831433,0.9707486365889936,0.8527516113039167,0.9695091720376797,0.7793753098661378,0.856717897868121,0.020079325731284084,0.002726822012890431,0.19707486365889937,0.009667823500247892,0.008924144769459593,0.06941001487357462,0.19112543381259295,0.1923648983639068,0.1901338621715419,0.9432325235498265,0.4224095190877541,0.1576598909271195,0.8076351016360932,0.9729796727813584,1.0,0.7305404065443728,0.856717897868121
SMALLTEXT_PREDICTIONENTROPY,0.6122954883490332,0.8284581060981656,0.6063460585027268,0.6117997025285077,0.7201289043133366,0.7228557263262271,0.1752602875557759,0.22459097669806644,0.22979672781358454,0.2285572632622707,0.2278135845314824,0.05577590480912246,0.0007436787307882995,0.6941001487357461,0.6070897372335151,0.7275656916212196,0.6122954883490332,0.7268220128904314,0.6472483886960833,0.6117997025285077,0.02181457610312345,0.07188894397620228,0.22583044124938026,0.07263262270699058,0.07213683688646505,0.06965790778383739,0.21864154685176004,0.2188894397620228,0.21938522558254833,0.7389687654933069,0.5178482895389191,0.21046108081308876,0.7699553792761527,0.7245909766980664,0.7305404065443728,1.0,0.6117997025285077
SMALLTEXT_RANDOM,0.9913237481408032,0.6690629647992068,0.9823996033713436,1.0,0.8691125433812593,0.8696083292017849,0.1353495290034705,0.19360436291522062,0.3321764997521071,0.3321764997521071,0.330193356470005,0.0012394645513138325,0.0,0.6658403569657908,0.9836390679226574,0.8611799702528508,0.9930589985126426,0.8616757560733763,0.6732771442736738,1.0,0.020079325731284084,0.002726822012890431,0.1923648983639068,0.008676251859196828,0.00842835894893406,0.048834903321764996,0.18591968269707487,0.18740704015865145,0.18517600396628656,0.8210213187902826,0.33242439266236984,0.12766484878532475,0.6792265741199802,0.8648983639067923,0.856717897868121,0.6117997025285077,1.0
