,ALIPY_CORESET_GREEDY,ALIPY_DENSITY_WEIGHTED,ALIPY_GRAPH_DENSITY,ALIPY_RANDOM,ALIPY_UNCERTAINTY_LC,ALIPY_UNCERTAINTY_MM,LIBACT_DWUS,LIBACT_QUIRE,LIBACT_UNCERTAINTY_ENT,LIBACT_UNCERTAINTY_LC,LIBACT_UNCERTAINTY_SM,OPTIMAL_GREEDY_10,OPTIMAL_GREEDY_20,PLAYGROUND_BANDIT,PLAYGROUND_GRAPH_DENSITY,PLAYGROUND_INFORMATIVE_DIVERSE,PLAYGROUND_KCENTER_GREEDY,PLAYGROUND_MARGIN,PLAYGROUND_MIXTURE,PLAYGROUND_UNIFORM,SKACTIVEML_COST_EMBEDDING,SKACTIVEML_DAL,SKACTIVEML_DWUS,SKACTIVEML_QBC,SKACTIVEML_QBC_VOTE_ENTROPY,SKACTIVEML_QUIRE,SKACTIVEML_US_ENTROPY,SKACTIVEML_US_LC,SKACTIVEML_US_MARGIN,SMALLTEXT_BREAKINGTIES,SMALLTEXT_CONTRASTIVEAL,SMALLTEXT_EMBEDDINGKMEANS,SMALLTEXT_GREEDYCORESET,SMALLTEXT_LEASTCONFIDENCE,SMALLTEXT_LIGHTWEIGHTCORESET,SMALLTEXT_PREDICTIONENTROPY,SMALLTEXT_RANDOM
ALIPY_CORESET_GREEDY,4034,371,446,430,289,261,310,415,284,269,274,460,463,336,446,332,3982,288,375,531,411,504,391,391,531,372,295,294,270,276,444,438,662,277,500,282,431
ALIPY_DENSITY_WEIGHTED,371,4034,318,308,609,614,326,374,574,598,586,362,369,608,317,612,372,631,564,380,573,368,484,298,403,494,605,609,605,586,410,325,442,585,348,600,308
ALIPY_GRAPH_DENSITY,446,318,4034,437,255,279,360,357,273,256,268,475,480,339,4032,306,462,283,359,558,385,520,395,447,518,319,266,239,267,251,375,460,451,251,515,269,437
ALIPY_RANDOM,430,308,437,4034,264,276,400,335,286,266,288,558,526,372,438,336,445,325,359,542,356,540,406,438,528,349,233,245,250,273,386,469,524,279,545,286,4025
ALIPY_UNCERTAINTY_LC,289,609,255,264,4034,3002,259,276,670,728,652,313,320,672,255,659,304,825,640,325,572,357,426,281,329,481,683,703,650,841,369,277,347,1141,306,863,261
ALIPY_UNCERTAINTY_MM,261,614,279,276,3002,4034,278,251,602,675,712,312,322,704,280,676,276,924,696,313,603,372,425,276,332,489,619,654,714,1142,366,265,344,852,313,800,274
LIBACT_DWUS,310,326,360,400,259,278,4034,471,249,225,244,383,399,314,360,299,315,309,295,442,369,396,454,430,428,388,258,254,258,240,455,532,434,229,433,255,398
LIBACT_QUIRE,415,374,357,335,276,251,471,4034,275,246,261,410,397,308,357,295,415,265,314,420,363,418,386,444,432,401,300,273,280,249,487,409,415,250,422,254,334
LIBACT_UNCERTAINTY_ENT,284,574,273,286,670,602,249,275,4034,3010,2969,336,318,562,273,604,299,579,496,371,597,373,408,268,353,417,620,576,549,623,402,275,361,657,336,717,284
LIBACT_UNCERTAINTY_LC,269,598,256,266,728,675,225,246,3010,4034,3028,332,322,603,256,640,281,599,498,355,612,354,406,254,328,414,600,641,599,677,388,289,346,714,323,689,262
LIBACT_UNCERTAINTY_SM,274,586,268,288,652,712,244,261,2969,3028,4034,324,320,627,268,639,287,619,539,364,607,373,423,251,326,412,574,618,643,715,370,285,340,676,310,644,286
OPTIMAL_GREEDY_10,460,362,475,558,313,312,383,410,336,332,324,4034,857,409,475,380,476,336,419,626,396,583,441,522,593,367,317,317,318,312,386,495,508,304,576,310,557
OPTIMAL_GREEDY_20,463,369,480,526,320,322,399,397,318,322,320,857,4034,381,480,412,486,335,420,608,424,573,429,493,564,367,329,328,336,325,356,509,525,321,533,333,522
PLAYGROUND_BANDIT,336,608,339,372,672,704,314,308,562,603,627,409,381,4034,339,1320,349,1437,1253,462,760,437,431,305,421,573,565,606,594,639,381,335,391,631,352,618,370
PLAYGROUND_GRAPH_DENSITY,446,317,4032,438,255,280,360,357,273,256,268,475,480,339,4034,306,462,283,359,559,385,520,395,448,519,320,266,240,268,252,376,460,452,251,515,269,436
PLAYGROUND_INFORMATIVE_DIVERSE,332,612,306,336,659,676,299,295,604,640,639,380,412,1320,306,4034,346,1297,1181,419,692,413,436,296,409,517,617,647,630,662,384,353,383,647,369,644,334
PLAYGROUND_KCENTER_GREEDY,3982,372,462,445,304,276,315,415,299,281,287,476,486,349,462,346,4034,305,393,547,425,520,409,405,543,376,306,307,283,292,448,453,669,289,506,298,444
PLAYGROUND_MARGIN,288,631,283,325,825,924,309,265,579,599,619,336,335,1437,283,1297,305,4034,1804,358,701,366,432,282,368,514,599,610,614,934,388,286,371,835,346,802,323
PLAYGROUND_MIXTURE,375,564,359,359,640,696,295,314,496,498,539,419,420,1253,359,1181,393,1804,4034,456,695,437,451,301,438,511,534,541,561,673,427,356,393,596,394,600,358
PLAYGROUND_UNIFORM,531,380,558,542,325,313,442,420,371,355,364,626,608,462,559,419,547,358,456,4034,431,590,434,490,690,393,340,332,343,325,443,559,595,331,650,338,539
SKACTIVEML_COST_EMBEDDING,411,573,385,356,572,603,369,363,597,612,607,396,424,760,385,692,425,701,695,431,4034,486,411,380,495,567,592,570,583,581,460,385,460,571,423,569,355
SKACTIVEML_DAL,504,368,520,540,357,372,396,418,373,354,373,583,573,437,520,413,520,366,437,590,486,4034,482,465,588,424,360,351,359,372,431,512,561,354,571,353,537
SKACTIVEML_DWUS,391,484,395,406,426,425,454,386,408,406,423,441,429,431,395,436,409,432,451,434,411,482,4034,421,459,462,413,441,427,411,390,452,461,397,475,406,403
SKACTIVEML_QBC,391,298,447,438,281,276,430,444,268,254,251,522,493,305,448,296,405,282,301,490,380,465,421,4034,503,394,264,276,275,259,476,521,508,263,513,272,437
SKACTIVEML_QBC_VOTE_ENTROPY,531,403,518,528,329,332,428,432,353,328,326,593,564,421,519,409,543,368,438,690,495,588,459,503,4034,404,317,330,328,332,425,531,585,325,644,335,524
SKACTIVEML_QUIRE,372,494,319,349,481,489,388,401,417,414,412,367,367,573,320,517,376,514,511,393,567,424,462,394,404,4034,444,438,436,444,502,368,435,436,407,449,348
SKACTIVEML_US_ENTROPY,295,605,266,233,683,619,258,300,620,600,574,317,329,565,266,617,306,599,534,340,592,360,413,264,317,444,4034,3021,2994,597,353,296,340,628,318,676,232
SKACTIVEML_US_LC,294,609,239,245,703,654,254,273,576,641,618,317,328,606,240,647,307,610,541,332,570,351,441,276,330,438,3021,4034,3003,629,379,311,352,689,328,598,241
SKACTIVEML_US_MARGIN,270,605,267,250,650,714,258,280,549,599,643,318,336,594,268,630,283,614,561,343,583,359,427,275,328,436,2994,3003,4034,660,365,316,340,590,333,579,249
SMALLTEXT_BREAKINGTIES,276,586,251,273,841,1142,240,249,623,677,715,312,325,639,252,662,292,934,673,325,581,372,411,259,332,444,597,629,660,4034,343,290,320,2989,326,2964,271
SMALLTEXT_CONTRASTIVEAL,444,410,375,386,369,366,455,487,402,388,370,386,356,381,376,384,448,388,427,443,460,431,390,476,425,502,353,379,365,343,4034,410,506,350,452,352,384
SMALLTEXT_EMBEDDINGKMEANS,438,325,460,469,277,265,532,409,275,289,285,495,509,335,460,353,453,286,356,559,385,512,452,521,531,368,296,311,316,290,410,4034,485,260,562,268,467
SMALLTEXT_GREEDYCORESET,662,442,451,524,347,344,434,415,361,346,340,508,525,391,452,383,669,371,393,595,460,561,461,508,585,435,340,352,340,320,506,485,4034,341,536,336,520
SMALLTEXT_LEASTCONFIDENCE,277,585,251,279,1141,852,229,250,657,714,676,304,321,631,251,647,289,835,596,331,571,354,397,263,325,436,628,689,590,2989,350,260,341,4034,326,3022,282
SMALLTEXT_LIGHTWEIGHTCORESET,500,348,515,545,306,313,433,422,336,323,310,576,533,352,515,369,506,346,394,650,423,571,475,513,644,407,318,328,333,326,452,562,536,326,4034,303,548
SMALLTEXT_PREDICTIONENTROPY,282,600,269,286,863,800,255,254,717,689,644,310,333,618,269,644,298,802,600,338,569,353,406,272,335,449,676,598,579,2964,352,268,336,3022,303,4034,289
SMALLTEXT_RANDOM,431,308,437,4025,261,274,398,334,284,262,286,557,522,370,436,334,444,323,358,539,355,537,403,437,524,348,232,241,249,271,384,467,520,282,548,289,4034
