,ALIPY_CORESET_GREEDY,ALIPY_DENSITY_WEIGHTED,ALIPY_GRAPH_DENSITY,ALIPY_RANDOM,ALIPY_UNCERTAINTY_LC,ALIPY_UNCERTAINTY_MM,LIBACT_DWUS,LIBACT_QUIRE,LIBACT_UNCERTAINTY_ENT,LIBACT_UNCERTAINTY_LC,LIBACT_UNCERTAINTY_SM,OPTIMAL_GREEDY_10,OPTIMAL_GREEDY_20,PLAYGROUND_BANDIT,PLAYGROUND_GRAPH_DENSITY,PLAYGROUND_INFORMATIVE_DIVERSE,PLAYGROUND_KCENTER_GREEDY,PLAYGROUND_MARGIN,PLAYGROUND_MIXTURE,PLAYGROUND_UNIFORM,SKACTIVEML_COST_EMBEDDING,SKACTIVEML_DAL,SKACTIVEML_DWUS,SKACTIVEML_QBC,SKACTIVEML_QBC_VOTE_ENTROPY,SKACTIVEML_QUIRE,SKACTIVEML_US_ENTROPY,SKACTIVEML_US_LC,SKACTIVEML_US_MARGIN,SMALLTEXT_BREAKINGTIES,SMALLTEXT_CONTRASTIVEAL,SMALLTEXT_EMBEDDINGKMEANS,SMALLTEXT_GREEDYCORESET,SMALLTEXT_LEASTCONFIDENCE,SMALLTEXT_LIGHTWEIGHTCORESET,SMALLTEXT_PREDICTIONENTROPY,SMALLTEXT_RANDOM
ALIPY_CORESET_GREEDY,1.0,0.0880019831432821,0.04313336638572137,0.16584035696579078,0.05280118988596926,0.051313832424392664,0.13063956370847793,0.12989588497768964,0.04313336638572137,0.03396132870599901,0.03495290034705007,0.20376797223599405,0.20451165096678234,0.12692117005453643,0.04313336638572137,0.12295488349033218,0.9801685671789787,0.05899851264253842,0.14253842340109074,0.19211700545364402,0.09395141298958849,0.20128904313336637,0.07288051561725335,0.14402578086266732,0.20277640059494298,0.06817055032226078,0.035696579077838374,0.03495290034705007,0.03470500743678731,0.03346554288547347,0.12072384729796728,0.2057511155180962,0.29771938522558256,0.036440257808626676,0.19509172037679723,0.03445711452652454,0.16584035696579078
ALIPY_DENSITY_WEIGHTED,0.0880019831432821,1.0,0.07015369360436291,0.06023797719385226,0.180466038671294,0.17104610808130888,0.14600892414476946,0.21269211700545365,0.12469013386217154,0.13435795736241943,0.1264253842340109,0.10262766484878533,0.11006445215666832,0.13510163609320774,0.07015369360436291,0.14898363906792267,0.0880019831432821,0.15493306891422906,0.0872583044124938,0.10114030738720872,0.19211700545364402,0.11626177491323748,0.19162121963311848,0.13411006445215667,0.10014873574615767,0.19955379276152702,0.12345066931085771,0.12245909766980664,0.11973227565691621,0.11502231036192365,0.18740704015865145,0.09643034209221617,0.13336638572136836,0.12196331184928111,0.12097174020823004,0.1264253842340109,0.06023797719385226
ALIPY_GRAPH_DENSITY,0.04313336638572137,0.07015369360436291,1.0,0.05751115518096182,0.04685176003966286,0.0458601883986118,0.06990580069410014,0.0880019831432821,0.03173029251363411,0.03173029251363411,0.03272186415468518,0.06395637084779375,0.05651958353991076,0.0473475458601884,0.9801685671789787,0.051065939514129896,0.04313336638572137,0.04189390183440753,0.0436291522062469,0.05899851264253842,0.06519583539910759,0.06246901338621715,0.09122459097669806,0.06346058502726822,0.06048587010411502,0.06891422905304909,0.032969757064947945,0.03371343579573624,0.033217649975210706,0.031234506693108576,0.07957362419434805,0.06717897868120971,0.05552801189885969,0.030738720872583045,0.06693108577094695,0.03222607833415964,0.05751115518096182
ALIPY_RANDOM,0.16584035696579078,0.06023797719385226,0.05751115518096182,1.0,0.07263262270699058,0.07213683688646505,0.15567674764501735,0.08750619732275657,0.06122954883490332,0.053792761527020325,0.058750619732275654,0.29474467030242935,0.29796727813584534,0.15691621219633117,0.07734258800198314,0.1502231036192365,0.1856717897868121,0.08006941001487357,0.19905800694100148,0.30540406544372833,0.11105602379771938,0.24863658899355479,0.10758552305404065,0.1841844323252355,0.3041646008924145,0.08329201784828955,0.0532969757064948,0.053544868616757564,0.05528011898859692,0.053544868616757564,0.10014873574615767,0.24392662369856222,0.21467526028755576,0.03272186415468518,0.23326722855726326,0.03272186415468518,0.9801685671789787
ALIPY_UNCERTAINTY_LC,0.05280118988596926,0.180466038671294,0.04685176003966286,0.07263262270699058,1.0,0.7751611303916708,0.10386712940009915,0.09766980664352999,0.16435299950421417,0.180466038671294,0.15790778383738224,0.07907783837382251,0.08279623202776401,0.1212196331184928,0.06668319286068418,0.11626177491323748,0.07263262270699058,0.20699058006941,0.10014873574615767,0.0768468021814576,0.13634110064452157,0.08006941001487357,0.1308874566187407,0.10485870104115022,0.08403569657907783,0.12295488349033218,0.16931085770946952,0.18096182449181952,0.16559246405552802,0.20426375805651958,0.11874070401586515,0.07882994546355974,0.09122459097669806,0.273921665840357,0.06965790778383739,0.20302429350520576,0.05280118988596926
ALIPY_UNCERTAINTY_MM,0.051313832424392664,0.17104610808130888,0.0458601883986118,0.07213683688646505,0.7751611303916708,1.0,0.10461080813088745,0.09742191373326722,0.13882002974714924,0.1626177491323748,0.18220128904313337,0.08329201784828955,0.08180466038671294,0.12022806147744175,0.06569162121963312,0.11403073872087258,0.07114526524541398,0.2545860188398612,0.11799702528507684,0.08031730292513634,0.13931581556767478,0.08477937530986614,0.1405552801189886,0.10560237977193852,0.0835399107585523,0.10907288051561725,0.14303420922161625,0.1554288547347546,0.1760039662865642,0.29028259791769956,0.11353495290034706,0.07932573128408528,0.08651462568170551,0.18220128904313337,0.07015369360436291,0.18096182449181952,0.05230540406544373
LIBACT_DWUS,0.13063956370847793,0.14600892414476946,0.06990580069410014,0.15567674764501735,0.10386712940009915,0.10461080813088745,1.0,0.14700049578582053,0.0887456618740704,0.09295984134853744,0.09791769955379276,0.21789786812097173,0.22533465542885472,0.1871591472483887,0.08973723351512147,0.18244918195339613,0.15047099652949925,0.13187902825979178,0.18170550322260784,0.20500743678730787,0.17649975210708974,0.2188894397620228,0.278135845314824,0.21591472483886961,0.21616261774913237,0.18468021814576102,0.090233019335647,0.09568666336142786,0.09791769955379276,0.08849776896380764,0.18096182449181952,0.2478929102627665,0.2166584035696579,0.06569162121963312,0.22211204759543876,0.07114526524541398,0.13584531482399603
LIBACT_QUIRE,0.12989588497768964,0.21269211700545365,0.0880019831432821,0.08750619732275657,0.09766980664352999,0.09742191373326722,0.14700049578582053,1.0,0.07511155180961825,0.07139315815567675,0.07238472979672782,0.1360932077342588,0.14352999504214178,0.11626177491323748,0.10783341596430342,0.12171541893901834,0.14972731779871096,0.09791769955379276,0.09494298463063956,0.13113534952900346,0.16063460585027267,0.15270203272186417,0.14600892414476946,0.1331184928111056,0.13584531482399603,0.20798215171046108,0.07164105106593951,0.07362419434804164,0.07362419434804164,0.06321269211700545,0.28433316807139314,0.13634110064452157,0.15344571145265246,0.04858701041150223,0.124194348041646,0.05230540406544373,0.06767476450173525
LIBACT_UNCERTAINTY_ENT,0.04313336638572137,0.12469013386217154,0.03173029251363411,0.06122954883490332,0.16435299950421417,0.13882002974714924,0.0887456618740704,0.07511155180961825,1.0,0.8021814576103123,0.7709469509172038,0.07535944471988101,0.07659890927119484,0.09791769955379276,0.05156172533465543,0.08552305404065444,0.06296479920674268,0.1036192364898364,0.07238472979672782,0.07139315815567675,0.09345562716906297,0.0768468021814576,0.09965294992563213,0.08106098165592464,0.07139315815567675,0.08998512642538424,0.17129400099157163,0.1554288547347546,0.14303420922161625,0.13733267228557264,0.09593455627169063,0.07164105106593951,0.0850272682201289,0.14154685176003967,0.05627169062964799,0.1591472483886961,0.041398116013882005
LIBACT_UNCERTAINTY_LC,0.03396132870599901,0.13435795736241943,0.03173029251363411,0.053792761527020325,0.180466038671294,0.1626177491323748,0.09295984134853744,0.07139315815567675,0.8021814576103123,1.0,0.7865642042637581,0.06544372830937036,0.06593951412989589,0.09147248388696083,0.05156172533465543,0.08899355478433317,0.053792761527020325,0.11130391670798215,0.07188894397620228,0.06519583539910759,0.09271194843827467,0.06445215666831929,0.10411502231036192,0.07659890927119484,0.06395637084779375,0.08750619732275657,0.16460089241447695,0.17501239464551313,0.1574119980168567,0.16088249876053545,0.08924144769459594,0.06420426375805652,0.07734258800198314,0.15592464055528013,0.0451165096678235,0.16212196331184928,0.03396132870599901
LIBACT_UNCERTAINTY_SM,0.03495290034705007,0.1264253842340109,0.03272186415468518,0.058750619732275654,0.15790778383738224,0.18220128904313337,0.09791769955379276,0.07238472979672782,0.7709469509172038,0.7865642042637581,1.0,0.06866633614278632,0.06841844323252355,0.09717402082300446,0.052553296975706494,0.09419930589985126,0.054784333168071395,0.11998016856717898,0.07164105106593951,0.06841844323252355,0.09940505701536936,0.06618740704015866,0.10981655924640556,0.0805651958353991,0.06544372830937036,0.07833415964303421,0.1427863163113535,0.15270203272186417,0.17922657411998016,0.18071393158155677,0.08750619732275657,0.06519583539910759,0.07833415964303421,0.14179474467030243,0.053544868616757564,0.13981160138820029,0.03891918691125434
OPTIMAL_GREEDY_10,0.20376797223599405,0.10262766484878533,0.06395637084779375,0.29474467030242935,0.07907783837382251,0.08329201784828955,0.21789786812097173,0.1360932077342588,0.07535944471988101,0.06544372830937036,0.06866633614278632,1.0,0.4283589489340605,0.21541893901834408,0.08378780366881507,0.20004957858205255,0.22359940505701537,0.09667823500247893,0.24169558750619732,0.38943976202280617,0.1670798215171046,0.3334159643034209,0.16608824987605356,0.23772930094199307,0.39167079821517103,0.12469013386217154,0.06767476450173525,0.07015369360436291,0.06965790778383739,0.06271690629647993,0.15071888943976203,0.33564700049578583,0.2860684184432325,0.03891918691125434,0.33837382250867626,0.04858701041150223,0.27491323748140806
OPTIMAL_GREEDY_20,0.20451165096678234,0.11006445215666832,0.05651958353991076,0.29796727813584534,0.08279623202776401,0.08180466038671294,0.22533465542885472,0.14352999504214178,0.07659890927119484,0.06593951412989589,0.06841844323252355,0.4283589489340605,1.0,0.2181457610312345,0.07635101636093208,0.1968269707486366,0.22434308378780368,0.09295984134853744,0.2404561229548835,0.3859692612791274,0.16534457114526524,0.3403569657907784,0.14774417451660882,0.24343083787803668,0.39439762022806146,0.12816063460585028,0.06544372830937036,0.06618740704015866,0.06916212196331185,0.058254833911750126,0.13782845810609817,0.3368864650470996,0.2840852751611304,0.04115022310361924,0.32424392662369855,0.042637580565195836,0.278135845314824
PLAYGROUND_BANDIT,0.12692117005453643,0.13510163609320774,0.0473475458601884,0.15691621219633117,0.1212196331184928,0.12022806147744175,0.1871591472483887,0.11626177491323748,0.09791769955379276,0.09147248388696083,0.09717402082300446,0.21541893901834408,0.2181457610312345,1.0,0.06717897868120971,0.4102627664848785,0.14675260287555775,0.37977193852255825,0.4263758056519584,0.20104115022310362,0.19211700545364402,0.24566187407040158,0.14898363906792267,0.18616757560733763,0.2092216162617749,0.14030738720872582,0.0835399107585523,0.0850272682201289,0.0887456618740704,0.08750619732275657,0.15468517600396628,0.1968269707486366,0.20004957858205255,0.06346058502726822,0.20104115022310362,0.06767476450173525,0.13708477937530986
PLAYGROUND_GRAPH_DENSITY,0.04313336638572137,0.07015369360436291,0.9801685671789787,0.07734258800198314,0.06668319286068418,0.06569162121963312,0.08973723351512147,0.10783341596430342,0.05156172533465543,0.05156172533465543,0.052553296975706494,0.08378780366881507,0.07635101636093208,0.06717897868120971,1.0,0.07089737233515121,0.06296479920674268,0.06172533465542886,0.06346058502726822,0.07882994546355974,0.0850272682201289,0.08230044620723848,0.11105602379771938,0.08329201784828955,0.08031730292513634,0.0887456618740704,0.05280118988596926,0.053544868616757564,0.05304908279623203,0.051065939514129896,0.09940505701536936,0.08701041150223103,0.07535944471988101,0.030738720872583045,0.06693108577094695,0.03222607833415964,0.05751115518096182
PLAYGROUND_INFORMATIVE_DIVERSE,0.12295488349033218,0.14898363906792267,0.051065939514129896,0.1502231036192365,0.11626177491323748,0.11403073872087258,0.18244918195339613,0.12171541893901834,0.08552305404065444,0.08899355478433317,0.09419930589985126,0.20004957858205255,0.1968269707486366,0.4102627664848785,0.07089737233515121,1.0,0.1427863163113535,0.31928606841844326,0.36861675756073375,0.17873078829945463,0.1826970748636589,0.21046108081308876,0.1412989588497769,0.16782350024789291,0.1943480416460089,0.1502231036192365,0.08205255329697571,0.08552305404065444,0.0946950917203768,0.0805651958353991,0.15195835399107585,0.20624690133862172,0.18443232523549827,0.06023797719385226,0.19558750619732276,0.062221120475954385,0.13039167079821518
PLAYGROUND_KCENTER_GREEDY,0.9801685671789787,0.0880019831432821,0.04313336638572137,0.1856717897868121,0.07263262270699058,0.07114526524541398,0.15047099652949925,0.14972731779871096,0.06296479920674268,0.053792761527020325,0.054784333168071395,0.22359940505701537,0.22434308378780368,0.14675260287555775,0.06296479920674268,0.1427863163113535,1.0,0.07882994546355974,0.16236985622211206,0.21194843827466534,0.11378284581060982,0.2211204759543877,0.09271194843827467,0.16385721368368864,0.2226078334159643,0.0880019831432821,0.05552801189885969,0.054784333168071395,0.05453644025780863,0.0532969757064948,0.1405552801189886,0.2255825483391175,0.31755081804660384,0.036440257808626676,0.19509172037679723,0.03445711452652454,0.16584035696579078
PLAYGROUND_MARGIN,0.05899851264253842,0.15493306891422906,0.04189390183440753,0.08006941001487357,0.20699058006941,0.2545860188398612,0.13187902825979178,0.09791769955379276,0.1036192364898364,0.11130391670798215,0.11998016856717898,0.09667823500247893,0.09295984134853744,0.37977193852255825,0.06172533465542886,0.31928606841844326,0.07882994546355974,1.0,0.43852255825483394,0.09295984134853744,0.1663361427863163,0.12840852751611304,0.14774417451660882,0.14625681705503224,0.0954387704511651,0.14452156668319285,0.10808130887456618,0.11006445215666832,0.11204759543877045,0.19881011403073873,0.14154685176003967,0.09295984134853744,0.1028755577590481,0.13212692117005453,0.08701041150223103,0.13262270699058007,0.06023797719385226
PLAYGROUND_MIXTURE,0.14253842340109074,0.0872583044124938,0.0436291522062469,0.19905800694100148,0.10014873574615767,0.11799702528507684,0.18170550322260784,0.09494298463063956,0.07238472979672782,0.07188894397620228,0.07164105106593951,0.24169558750619732,0.2404561229548835,0.4263758056519584,0.06346058502726822,0.36861675756073375,0.16236985622211206,0.43852255825483394,1.0,0.2263262270699058,0.14253842340109074,0.2337630143777888,0.11799702528507684,0.17402082300446206,0.244174516608825,0.10485870104115022,0.06891422905304909,0.07164105106593951,0.07263262270699058,0.09494298463063956,0.11948438274665345,0.2094695091720377,0.19707486365889937,0.05627169062964799,0.21417947446703026,0.05924640555280119,0.17922657411998016
PLAYGROUND_UNIFORM,0.19211700545364402,0.10114030738720872,0.05899851264253842,0.30540406544372833,0.0768468021814576,0.08031730292513634,0.20500743678730787,0.13113534952900346,0.07139315815567675,0.06519583539910759,0.06841844323252355,0.38943976202280617,0.3859692612791274,0.20104115022310362,0.07882994546355974,0.17873078829945463,0.21194843827466534,0.09295984134853744,0.2263262270699058,1.0,0.1588993554784333,0.33192860684184433,0.18368864650470995,0.24219137332672286,0.40233019335647,0.13336638572136836,0.05924640555280119,0.06246901338621715,0.06593951412989589,0.05999008428358949,0.12816063460585028,0.33143282102131877,0.29028259791769956,0.03619236489836391,0.32126921170054534,0.04164600892414477,0.285572632622707
SKACTIVEML_COST_EMBEDDING,0.09395141298958849,0.19211700545364402,0.06519583539910759,0.11105602379771938,0.13634110064452157,0.13931581556767478,0.17649975210708974,0.16063460585027267,0.09345562716906297,0.09271194843827467,0.09940505701536936,0.1670798215171046,0.16534457114526524,0.19211700545364402,0.0850272682201289,0.1826970748636589,0.11378284581060982,0.1663361427863163,0.14253842340109074,0.1588993554784333,1.0,0.18393653941497273,0.1943480416460089,0.19707486365889937,0.15443728309370353,0.2337630143777888,0.09866137828458106,0.09271194843827467,0.10039662865642042,0.08899355478433317,0.20748636588993555,0.139067922657412,0.1722855726326227,0.06841844323252355,0.16063460585027267,0.07040158651462568,0.09122459097669806
SKACTIVEML_DAL,0.20128904313336637,0.11626177491323748,0.06246901338621715,0.24863658899355479,0.08006941001487357,0.08477937530986614,0.2188894397620228,0.15270203272186417,0.0768468021814576,0.06445215666831929,0.06618740704015866,0.3334159643034209,0.3403569657907784,0.24566187407040158,0.08230044620723848,0.21046108081308876,0.2211204759543877,0.12840852751611304,0.2337630143777888,0.33192860684184433,0.18393653941497273,1.0,0.16980664352999505,0.25037183936539414,0.3341596430342092,0.14030738720872582,0.07040158651462568,0.06965790778383739,0.07139315815567675,0.06147744174516609,0.16212196331184928,0.31284085275161133,0.2625185919682697,0.0406544372830937,0.3150718889439762,0.04462072384729797,0.22880515617253347
SKACTIVEML_DWUS,0.07288051561725335,0.19162121963311848,0.09122459097669806,0.10758552305404065,0.1308874566187407,0.1405552801189886,0.278135845314824,0.14600892414476946,0.09965294992563213,0.10411502231036192,0.10981655924640556,0.16608824987605356,0.14774417451660882,0.14898363906792267,0.11105602379771938,0.1412989588497769,0.09271194843827467,0.14774417451660882,0.11799702528507684,0.18368864650470995,0.1943480416460089,0.16980664352999505,1.0,0.21095686663361427,0.1628656420426376,0.1715418939018344,0.10337134357957363,0.09965294992563213,0.09791769955379276,0.10114030738720872,0.1650966782350025,0.1812097174020823,0.14377788795240456,0.07610312345066932,0.1457610312345067,0.07882994546355974,0.08775409023301933
SKACTIVEML_QBC,0.14402578086266732,0.13411006445215667,0.06346058502726822,0.1841844323252355,0.10485870104115022,0.10560237977193852,0.21591472483886961,0.1331184928111056,0.08106098165592464,0.07659890927119484,0.0805651958353991,0.23772930094199307,0.24343083787803668,0.18616757560733763,0.08329201784828955,0.16782350024789291,0.16385721368368864,0.14625681705503224,0.17402082300446206,0.24219137332672286,0.19707486365889937,0.25037183936539414,0.21095686663361427,1.0,0.24913237481408032,0.1715418939018344,0.08031730292513634,0.07982151710461081,0.08081308874566187,0.07461576598909271,0.17798710956866634,0.20996529499256322,0.20847793753098662,0.053792761527020325,0.21120475954387705,0.056023797719385225,0.16435299950421417
SKACTIVEML_QBC_VOTE_ENTROPY,0.20277640059494298,0.10014873574615767,0.06048587010411502,0.3041646008924145,0.08403569657907783,0.0835399107585523,0.21616261774913237,0.13584531482399603,0.07139315815567675,0.06395637084779375,0.06544372830937036,0.39167079821517103,0.39439762022806146,0.2092216162617749,0.08031730292513634,0.1943480416460089,0.2226078334159643,0.0954387704511651,0.244174516608825,0.40233019335647,0.15443728309370353,0.3341596430342092,0.1628656420426376,0.24913237481408032,1.0,0.12369856222112048,0.06395637084779375,0.06767476450173525,0.06841844323252355,0.05800694100148736,0.14600892414476946,0.3222607833415964,0.29697570649479427,0.03743182944967774,0.3408527516113039,0.0406544372830937,0.28433316807139314
SKACTIVEML_QUIRE,0.06817055032226078,0.19955379276152702,0.06891422905304909,0.08329201784828955,0.12295488349033218,0.10907288051561725,0.18468021814576102,0.20798215171046108,0.08998512642538424,0.08750619732275657,0.07833415964303421,0.12469013386217154,0.12816063460585028,0.14030738720872582,0.0887456618740704,0.1502231036192365,0.0880019831432821,0.14452156668319285,0.10485870104115022,0.13336638572136836,0.2337630143777888,0.14030738720872582,0.1715418939018344,0.1715418939018344,0.12369856222112048,1.0,0.09048091224590976,0.0894893406048587,0.08552305404065444,0.07709469509172037,0.22731779871095686,0.10609816559246406,0.15865146256817056,0.06470004957858205,0.11502231036192365,0.07188894397620228,0.06346058502726822
SKACTIVEML_US_ENTROPY,0.035696579077838374,0.12345066931085771,0.032969757064947945,0.0532969757064948,0.16931085770946952,0.14303420922161625,0.090233019335647,0.07164105106593951,0.17129400099157163,0.16460089241447695,0.1427863163113535,0.06767476450173525,0.06544372830937036,0.0835399107585523,0.05280118988596926,0.08205255329697571,0.05552801189885969,0.10808130887456618,0.06891422905304909,0.05924640555280119,0.09866137828458106,0.07040158651462568,0.10337134357957363,0.08031730292513634,0.06395637084779375,0.09048091224590976,1.0,0.8061477441745166,0.7821021318790282,0.12692117005453643,0.08527516113039167,0.06172533465542886,0.07560733763014378,0.12890431333663857,0.0466038671294001,0.14551313832424392,0.03346554288547347
SKACTIVEML_US_LC,0.03495290034705007,0.12245909766980664,0.03371343579573624,0.053544868616757564,0.18096182449181952,0.1554288547347546,0.09568666336142786,0.07362419434804164,0.1554288547347546,0.17501239464551313,0.15270203272186417,0.07015369360436291,0.06618740704015866,0.0850272682201289,0.053544868616757564,0.08552305404065444,0.054784333168071395,0.11006445215666832,0.07164105106593951,0.06246901338621715,0.09271194843827467,0.06965790778383739,0.09965294992563213,0.07982151710461081,0.06767476450173525,0.0894893406048587,0.8061477441745166,1.0,0.7882994546355975,0.14030738720872582,0.08205255329697571,0.06122954883490332,0.07337630143777887,0.14005949429846307,0.05081804660386713,0.14105106593951414,0.03371343579573624
SKACTIVEML_US_MARGIN,0.03470500743678731,0.11973227565691621,0.033217649975210706,0.05528011898859692,0.16559246405552802,0.1760039662865642,0.09791769955379276,0.07362419434804164,0.14303420922161625,0.1574119980168567,0.17922657411998016,0.06965790778383739,0.06916212196331185,0.0887456618740704,0.05304908279623203,0.0946950917203768,0.05453644025780863,0.11204759543877045,0.07263262270699058,0.06593951412989589,0.10039662865642042,0.07139315815567675,0.09791769955379276,0.08081308874566187,0.06841844323252355,0.08552305404065444,0.7821021318790282,0.7882994546355975,1.0,0.15592464055528013,0.08701041150223103,0.06618740704015866,0.07560733763014378,0.12816063460585028,0.053792761527020325,0.12345066931085771,0.035448686167575606
SMALLTEXT_BREAKINGTIES,0.03346554288547347,0.11502231036192365,0.031234506693108576,0.053544868616757564,0.20426375805651958,0.29028259791769956,0.08849776896380764,0.06321269211700545,0.13733267228557264,0.16088249876053545,0.18071393158155677,0.06271690629647993,0.058254833911750126,0.08750619732275657,0.051065939514129896,0.0805651958353991,0.0532969757064948,0.19881011403073873,0.09494298463063956,0.05999008428358949,0.08899355478433317,0.06147744174516609,0.10114030738720872,0.07461576598909271,0.05800694100148736,0.07709469509172037,0.12692117005453643,0.14030738720872582,0.15592464055528013,1.0,0.08081308874566187,0.05999008428358949,0.07015369360436291,0.7538423401090729,0.04313336638572137,0.7478929102627665,0.03371343579573624
SMALLTEXT_CONTRASTIVEAL,0.12072384729796728,0.18740704015865145,0.07957362419434805,0.10014873574615767,0.11874070401586515,0.11353495290034706,0.18096182449181952,0.28433316807139314,0.09593455627169063,0.08924144769459594,0.08750619732275657,0.15071888943976203,0.13782845810609817,0.15468517600396628,0.09940505701536936,0.15195835399107585,0.1405552801189886,0.14154685176003967,0.11948438274665345,0.12816063460585028,0.20748636588993555,0.16212196331184928,0.1650966782350025,0.17798710956866634,0.14600892414476946,0.22731779871095686,0.08527516113039167,0.08205255329697571,0.08701041150223103,0.08081308874566187,1.0,0.15047099652949925,0.20500743678730787,0.06395637084779375,0.12444224095190877,0.06916212196331185,0.08031730292513634
SMALLTEXT_EMBEDDINGKMEANS,0.2057511155180962,0.09643034209221617,0.06717897868120971,0.24392662369856222,0.07882994546355974,0.07932573128408528,0.2478929102627665,0.13634110064452157,0.07164105106593951,0.06420426375805652,0.06519583539910759,0.33564700049578583,0.3368864650470996,0.1968269707486366,0.08701041150223103,0.20624690133862172,0.2255825483391175,0.09295984134853744,0.2094695091720377,0.33143282102131877,0.139067922657412,0.31284085275161133,0.1812097174020823,0.20996529499256322,0.3222607833415964,0.10609816559246406,0.06172533465542886,0.06122954883490332,0.06618740704015866,0.05999008428358949,0.15047099652949925,1.0,0.29102627664848785,0.037927615270203274,0.32424392662369855,0.04090233019335647,0.2240951908775409
SMALLTEXT_GREEDYCORESET,0.29771938522558256,0.13336638572136836,0.05552801189885969,0.21467526028755576,0.09122459097669806,0.08651462568170551,0.2166584035696579,0.15344571145265246,0.0850272682201289,0.07734258800198314,0.07833415964303421,0.2860684184432325,0.2840852751611304,0.20004957858205255,0.07535944471988101,0.18443232523549827,0.31755081804660384,0.1028755577590481,0.19707486365889937,0.29028259791769956,0.1722855726326227,0.2625185919682697,0.14377788795240456,0.20847793753098662,0.29697570649479427,0.15865146256817056,0.07560733763014378,0.07337630143777887,0.07560733763014378,0.07015369360436291,0.20500743678730787,0.29102627664848785,1.0,0.049826474962816066,0.26103123450669313,0.053792761527020325,0.19484382746653445
SMALLTEXT_LEASTCONFIDENCE,0.036440257808626676,0.12196331184928111,0.030738720872583045,0.03272186415468518,0.273921665840357,0.18220128904313337,0.06569162121963312,0.04858701041150223,0.14154685176003967,0.15592464055528013,0.14179474467030243,0.03891918691125434,0.04115022310361924,0.06346058502726822,0.030738720872583045,0.06023797719385226,0.036440257808626676,0.13212692117005453,0.05627169062964799,0.03619236489836391,0.06841844323252355,0.0406544372830937,0.07610312345066932,0.053792761527020325,0.03743182944967774,0.06470004957858205,0.12890431333663857,0.14005949429846307,0.12816063460585028,0.7538423401090729,0.06395637084779375,0.037927615270203274,0.049826474962816066,1.0,0.0428854734754586,0.7704511650966782,0.03272186415468518
SMALLTEXT_LIGHTWEIGHTCORESET,0.19509172037679723,0.12097174020823004,0.06693108577094695,0.23326722855726326,0.06965790778383739,0.07015369360436291,0.22211204759543876,0.124194348041646,0.05627169062964799,0.0451165096678235,0.053544868616757564,0.33837382250867626,0.32424392662369855,0.20104115022310362,0.06693108577094695,0.19558750619732276,0.19509172037679723,0.08701041150223103,0.21417947446703026,0.32126921170054534,0.16063460585027267,0.3150718889439762,0.1457610312345067,0.21120475954387705,0.3408527516113039,0.11502231036192365,0.0466038671294001,0.05081804660386713,0.053792761527020325,0.04313336638572137,0.12444224095190877,0.32424392662369855,0.26103123450669313,0.0428854734754586,1.0,0.04561229548834903,0.23326722855726326
SMALLTEXT_PREDICTIONENTROPY,0.03445711452652454,0.1264253842340109,0.03222607833415964,0.03272186415468518,0.20302429350520576,0.18096182449181952,0.07114526524541398,0.05230540406544373,0.1591472483886961,0.16212196331184928,0.13981160138820029,0.04858701041150223,0.042637580565195836,0.06767476450173525,0.03222607833415964,0.062221120475954385,0.03445711452652454,0.13262270699058007,0.05924640555280119,0.04164600892414477,0.07040158651462568,0.04462072384729797,0.07882994546355974,0.056023797719385225,0.0406544372830937,0.07188894397620228,0.14551313832424392,0.14105106593951414,0.12345066931085771,0.7478929102627665,0.06916212196331185,0.04090233019335647,0.053792761527020325,0.7704511650966782,0.04561229548834903,1.0,0.03272186415468518
SMALLTEXT_RANDOM,0.16584035696579078,0.06023797719385226,0.05751115518096182,0.9801685671789787,0.05280118988596926,0.05230540406544373,0.13584531482399603,0.06767476450173525,0.041398116013882005,0.03396132870599901,0.03891918691125434,0.27491323748140806,0.278135845314824,0.13708477937530986,0.05751115518096182,0.13039167079821518,0.16584035696579078,0.06023797719385226,0.17922657411998016,0.285572632622707,0.09122459097669806,0.22880515617253347,0.08775409023301933,0.16435299950421417,0.28433316807139314,0.06346058502726822,0.03346554288547347,0.03371343579573624,0.035448686167575606,0.03371343579573624,0.08031730292513634,0.2240951908775409,0.19484382746653445,0.03272186415468518,0.23326722855726326,0.03272186415468518,1.0
