,ALIPY_CORESET_GREEDY,ALIPY_DENSITY_WEIGHTED,ALIPY_GRAPH_DENSITY,ALIPY_RANDOM,ALIPY_UNCERTAINTY_LC,ALIPY_UNCERTAINTY_MM,LIBACT_DWUS,LIBACT_QUIRE,LIBACT_UNCERTAINTY_ENT,LIBACT_UNCERTAINTY_LC,LIBACT_UNCERTAINTY_SM,OPTIMAL_GREEDY_10,OPTIMAL_GREEDY_20,PLAYGROUND_BANDIT,PLAYGROUND_GRAPH_DENSITY,PLAYGROUND_INFORMATIVE_DIVERSE,PLAYGROUND_KCENTER_GREEDY,PLAYGROUND_MARGIN,PLAYGROUND_MIXTURE,PLAYGROUND_UNIFORM,SKACTIVEML_COST_EMBEDDING,SKACTIVEML_DAL,SKACTIVEML_DWUS,SKACTIVEML_QBC,SKACTIVEML_QBC_VOTE_ENTROPY,SKACTIVEML_QUIRE,SKACTIVEML_US_ENTROPY,SKACTIVEML_US_LC,SKACTIVEML_US_MARGIN,SMALLTEXT_BREAKINGTIES,SMALLTEXT_CONTRASTIVEAL,SMALLTEXT_EMBEDDINGKMEANS,SMALLTEXT_GREEDYCORESET,SMALLTEXT_LEASTCONFIDENCE,SMALLTEXT_LIGHTWEIGHTCORESET,SMALLTEXT_PREDICTIONENTROPY,SMALLTEXT_RANDOM
ALIPY_CORESET_GREEDY,1.0,0.14898363906792267,0.0932077342588002,0.10882498760535449,0.08329201784828955,0.08527516113039167,0.031978185423896875,0.11626177491323748,0.07015369360436291,0.06717897868120971,0.06817055032226078,0.1648487853247397,0.15790778383738224,0.10510659395141299,0.0932077342588002,0.11626177491323748,1.0,0.0932077342588002,0.13212692117005453,0.14105106593951414,0.10907288051561725,0.1271690629647992,0.06246901338621715,0.10114030738720872,0.1368368864650471,0.10262766484878533,0.07387208725830441,0.08155676747645017,0.0768468021814576,0.07511155180961825,0.09643034209221617,0.11254338125929599,0.2667327714427367,0.0768468021814576,0.131631135349529,0.07312840852751612,0.10882498760535449
ALIPY_DENSITY_WEIGHTED,0.14898363906792267,1.0,0.07610312345066932,0.09766980664352999,0.11898859692612791,0.11923648983639068,0.03024293505205751,0.1212196331184928,0.10064452156668319,0.09643034209221617,0.09791769955379276,0.12518591968269707,0.12320277640059495,0.10213187902825979,0.07610312345066932,0.11204759543877045,0.14898363906792267,0.10411502231036192,0.11080813088745661,0.10733763014377788,0.11056023797719385,0.11229548834903322,0.07957362419434805,0.06767476450173525,0.11378284581060982,0.13187902825979178,0.10907288051561725,0.11601388200297472,0.11080813088745661,0.11279127416955875,0.07982151710461081,0.08453148239960337,0.11378284581060982,0.11427863163113534,0.12369856222112048,0.10832920178482895,0.09766980664352999
ALIPY_GRAPH_DENSITY,0.0932077342588002,0.07610312345066932,1.0,0.1611303916707982,0.0842835894893406,0.09345562716906297,0.06073376301437779,0.03024293505205751,0.07188894397620228,0.06990580069410014,0.07982151710461081,0.17699553792761527,0.17922657411998016,0.11403073872087258,1.0,0.12097174020823004,0.0932077342588002,0.0946950917203768,0.1308874566187407,0.18145761031234506,0.0768468021814576,0.15666831928606842,0.11204759543877045,0.12667327714427368,0.1945959345562717,0.05751115518096182,0.07461576598909271,0.07535944471988101,0.08006941001487357,0.08031730292513634,0.05552801189885969,0.15493306891422906,0.1301437778879524,0.07188894397620228,0.17129400099157163,0.06866633614278632,0.1611303916707982
ALIPY_RANDOM,0.10882498760535449,0.09766980664352999,0.1611303916707982,1.0,0.10510659395141299,0.11254338125929599,0.06172533465542886,0.06296479920674268,0.0909766980664353,0.08924144769459594,0.10089241447694595,0.23772930094199307,0.2322756569162122,0.13435795736241943,0.1611303916707982,0.15567674764501735,0.10882498760535449,0.11874070401586515,0.18591968269707487,0.24095190877540903,0.11328705999008429,0.20624690133862172,0.0969261279127417,0.14352999504214178,0.23797719385225583,0.09072880515617253,0.10163609320773426,0.10188398611799702,0.11774913237481408,0.10758552305404065,0.08155676747645017,0.1923648983639068,0.139067922657412,0.09816559246405553,0.2151710461080813,0.0946950917203768,1.0
ALIPY_UNCERTAINTY_LC,0.08329201784828955,0.11898859692612791,0.0842835894893406,0.10510659395141299,1.0,0.7630143777887952,0.0495785820525533,0.042637580565195836,0.19410014873574616,0.2424392662369856,0.17848289538919188,0.18542389687654934,0.1797223599405057,0.23549826474962815,0.0842835894893406,0.1856717897868121,0.08329201784828955,0.26747645017352506,0.2129400099157164,0.13510163609320774,0.16732771442736738,0.12865642042637582,0.09667823500247893,0.0932077342588002,0.1279127416955875,0.10337134357957363,0.2285572632622707,0.2776400594942985,0.21764997521070897,0.29920674268715913,0.06445215666831929,0.09965294992563213,0.08973723351512147,0.4410014873574616,0.11750123946455131,0.3334159643034209,0.10510659395141299
ALIPY_UNCERTAINTY_MM,0.08527516113039167,0.11923648983639068,0.09345562716906297,0.11254338125929599,0.7630143777887952,1.0,0.05081804660386713,0.045364402578086264,0.16534457114526524,0.1812097174020823,0.23351512146752604,0.1943480416460089,0.1931085770946951,0.27565691621219635,0.09345562716906297,0.1923648983639068,0.08527516113039167,0.3336638572136837,0.24541398116013882,0.14848785324739713,0.16584035696579078,0.1412989588497769,0.0969261279127417,0.09643034209221617,0.1375805651958354,0.10337134357957363,0.19781854238968766,0.21269211700545365,0.2702032721864155,0.4293505205751115,0.06792265741199802,0.10461080813088745,0.0924640555280119,0.2922657411998017,0.13435795736241943,0.27169062964799207,0.11254338125929599
LIBACT_DWUS,0.031978185423896875,0.03024293505205751,0.06073376301437779,0.06172533465542886,0.0495785820525533,0.05081804660386713,1.0,0.026772434308378782,0.0406544372830937,0.039167079821517105,0.044868616757560736,0.06321269211700545,0.06346058502726822,0.054784333168071395,0.06073376301437779,0.049826474962816066,0.031978185423896875,0.046355974219137334,0.05999008428358949,0.07213683688646505,0.05280118988596926,0.06767476450173525,0.10213187902825979,0.062221120475954385,0.07337630143777887,0.025037183936539417,0.04189390183440753,0.04338125929598413,0.05081804660386713,0.0451165096678235,0.037927615270203274,0.11427863163113534,0.04858701041150223,0.041398116013882005,0.06147744174516609,0.040406544372830935,0.06172533465542886
LIBACT_QUIRE,0.11626177491323748,0.1212196331184928,0.03024293505205751,0.06296479920674268,0.042637580565195836,0.045364402578086264,0.026772434308378782,1.0,0.03767972235994051,0.041398116013882005,0.036440257808626676,0.06445215666831929,0.06866633614278632,0.05280118988596926,0.03024293505205751,0.05577590480912246,0.11626177491323748,0.04784333168071393,0.06172533465542886,0.06817055032226078,0.05751115518096182,0.06693108577094695,0.030490827962320277,0.05651958353991076,0.07288051561725335,0.06965790778383739,0.04189390183440753,0.04338125929598413,0.04238968765493307,0.03767972235994051,0.07312840852751612,0.05428854734754586,0.0924640555280119,0.03867129400099157,0.07585523054040655,0.03941497273177987,0.06296479920674268
LIBACT_UNCERTAINTY_ENT,0.07015369360436291,0.10064452156668319,0.07188894397620228,0.0909766980664353,0.19410014873574616,0.16534457114526524,0.0406544372830937,0.03767972235994051,1.0,0.7917699553792762,0.7397124442240952,0.15518096182449181,0.15642042637580567,0.14253842340109074,0.07188894397620228,0.17253346554288548,0.07015369360436291,0.14675260287555775,0.14105106593951414,0.12816063460585028,0.14700049578582053,0.11031234506693109,0.08651462568170551,0.08205255329697571,0.12320277640059495,0.08824987605354487,0.2478929102627665,0.19856222112047595,0.161378284581061,0.24590976698066436,0.07114526524541398,0.09271194843827467,0.07337630143777887,0.28284581060981656,0.12047595438770452,0.33539910758552305,0.0909766980664353
LIBACT_UNCERTAINTY_LC,0.06717897868120971,0.09643034209221617,0.06990580069410014,0.08924144769459594,0.2424392662369856,0.1812097174020823,0.039167079821517105,0.041398116013882005,0.7917699553792762,1.0,0.7749132374814081,0.17178978681209717,0.16534457114526524,0.15666831928606842,0.06990580069410014,0.18220128904313337,0.06717897868120971,0.15865146256817056,0.15121467526028756,0.12915220624690135,0.15121467526028756,0.11502231036192365,0.08750619732275657,0.08031730292513634,0.12617749132374814,0.08775409023301933,0.20451165096678234,0.24020823004462072,0.18145761031234506,0.26797223599405057,0.05850272682201289,0.09072880515617253,0.07362419434804164,0.3366385721368369,0.11204759543877045,0.2850768468021815,0.08924144769459594
LIBACT_UNCERTAINTY_SM,0.06817055032226078,0.09791769955379276,0.07982151710461081,0.10089241447694595,0.17848289538919188,0.23351512146752604,0.044868616757560736,0.036440257808626676,0.7397124442240952,0.7749132374814081,1.0,0.17402082300446206,0.17278135845314824,0.16608824987605356,0.07982151710461081,0.18468021814576102,0.06817055032226078,0.16782350024789291,0.16236985622211206,0.13187902825979178,0.15790778383738224,0.11774913237481408,0.09072880515617253,0.08378780366881507,0.1271690629647992,0.08924144769459594,0.16460089241447695,0.18591968269707487,0.23822508676251858,0.3220128904313337,0.05800694100148736,0.09519087754090233,0.07411998016856718,0.25855230540406543,0.1212196331184928,0.248388696083292,0.10089241447694595
OPTIMAL_GREEDY_10,0.1648487853247397,0.12518591968269707,0.17699553792761527,0.23772930094199307,0.18542389687654934,0.1943480416460089,0.06321269211700545,0.06445215666831929,0.15518096182449181,0.17178978681209717,0.17402082300446206,1.0,0.7131879028259792,0.24020823004462072,0.17699553792761527,0.29028259791769956,0.1648487853247397,0.21988101140307387,0.3061477441745166,0.2959841348537432,0.21170054536440258,0.24714923153197818,0.09717402082300446,0.16212196331184928,0.29300941993059,0.13212692117005453,0.16732771442736738,0.17699553792761527,0.18517600396628656,0.18393653941497273,0.09048091224590976,0.2528507684680218,0.146504709965295,0.1707982151710461,0.2508676251859197,0.15989092711948438,0.23772930094199307
OPTIMAL_GREEDY_20,0.15790778383738224,0.12320277640059495,0.17922657411998016,0.2322756569162122,0.1797223599405057,0.1931085770946951,0.06346058502726822,0.06866633614278632,0.15642042637580567,0.16534457114526524,0.17278135845314824,0.7131879028259792,1.0,0.2387208725830441,0.17922657411998016,0.2964799206742687,0.15790778383738224,0.21715418939018344,0.3106098165592464,0.29474467030242935,0.21368368864650472,0.2518591968269707,0.0999008428358949,0.1663361427863163,0.29053049082796234,0.13584531482399603,0.1648487853247397,0.17476450173525038,0.1856717897868121,0.18740704015865145,0.0932077342588002,0.2530986613782846,0.15691621219633117,0.17030242935052056,0.25384234010907286,0.1588993554784333,0.2322756569162122
PLAYGROUND_BANDIT,0.10510659395141299,0.10213187902825979,0.11403073872087258,0.13435795736241943,0.23549826474962815,0.27565691621219635,0.054784333168071395,0.05280118988596926,0.14253842340109074,0.15666831928606842,0.16608824987605356,0.24020823004462072,0.2387208725830441,1.0,0.11403073872087258,0.4035696579077838,0.10510659395141299,0.6812097174020822,0.48190381755081807,0.20277640059494298,0.27540902330193356,0.15790778383738224,0.08279623202776401,0.11849281110560238,0.16410510659395142,0.14154685176003967,0.1633614278631631,0.16881507188894398,0.1834407535944472,0.25359444719881014,0.07089737233515121,0.12444224095190877,0.09370352007932573,0.2166584035696579,0.16088249876053545,0.20674268715914726,0.13435795736241943
PLAYGROUND_GRAPH_DENSITY,0.0932077342588002,0.07610312345066932,1.0,0.1611303916707982,0.0842835894893406,0.09345562716906297,0.06073376301437779,0.03024293505205751,0.07188894397620228,0.06990580069410014,0.07982151710461081,0.17699553792761527,0.17922657411998016,0.11403073872087258,1.0,0.12097174020823004,0.0932077342588002,0.0946950917203768,0.1308874566187407,0.18145761031234506,0.0768468021814576,0.15666831928606842,0.11204759543877045,0.12667327714427368,0.1945959345562717,0.05751115518096182,0.07461576598909271,0.07535944471988101,0.08006941001487357,0.08031730292513634,0.05552801189885969,0.15493306891422906,0.1301437778879524,0.07188894397620228,0.17129400099157163,0.06866633614278632,0.1611303916707982
PLAYGROUND_INFORMATIVE_DIVERSE,0.11626177491323748,0.11204759543877045,0.12097174020823004,0.15567674764501735,0.1856717897868121,0.1923648983639068,0.049826474962816066,0.05577590480912246,0.17253346554288548,0.18220128904313337,0.18468021814576102,0.29028259791769956,0.2964799206742687,0.4035696579077838,0.12097174020823004,1.0,0.11626177491323748,0.40208230044620724,0.3849776896380763,0.19484382746653445,0.2506197322756569,0.17327714427367377,0.09866137828458106,0.1308874566187407,0.18468021814576102,0.1360932077342588,0.1633614278631631,0.17699553792761527,0.1871591472483887,0.17798710956866634,0.07312840852751612,0.15691621219633117,0.11279127416955875,0.1715418939018344,0.1685671789786812,0.1665840356965791,0.15567674764501735
PLAYGROUND_KCENTER_GREEDY,1.0,0.14898363906792267,0.0932077342588002,0.10882498760535449,0.08329201784828955,0.08527516113039167,0.031978185423896875,0.11626177491323748,0.07015369360436291,0.06717897868120971,0.06817055032226078,0.1648487853247397,0.15790778383738224,0.10510659395141299,0.0932077342588002,0.11626177491323748,1.0,0.0932077342588002,0.13212692117005453,0.14105106593951414,0.10907288051561725,0.1271690629647992,0.06246901338621715,0.10114030738720872,0.1368368864650471,0.10262766484878533,0.07387208725830441,0.08155676747645017,0.0768468021814576,0.07511155180961825,0.09643034209221617,0.11254338125929599,0.2667327714427367,0.0768468021814576,0.131631135349529,0.07312840852751612,0.10882498760535449
PLAYGROUND_MARGIN,0.0932077342588002,0.10411502231036192,0.0946950917203768,0.11874070401586515,0.26747645017352506,0.3336638572136837,0.046355974219137334,0.04784333168071393,0.14675260287555775,0.15865146256817056,0.16782350024789291,0.21988101140307387,0.21715418939018344,0.6812097174020822,0.0946950917203768,0.40208230044620724,0.0932077342588002,1.0,0.5176003966286564,0.1554288547347546,0.2773921665840357,0.13113534952900346,0.08601883986117997,0.11378284581060982,0.14526524541398117,0.14774417451660882,0.16435299950421417,0.17203767972235995,0.18294496777392166,0.32796232027764005,0.06792265741199802,0.11601388200297472,0.08601883986117997,0.25260287555775907,0.1420426375805652,0.23425880019831433,0.11874070401586515
PLAYGROUND_MIXTURE,0.13212692117005453,0.11080813088745661,0.1308874566187407,0.18591968269707487,0.2129400099157164,0.24541398116013882,0.05999008428358949,0.06172533465542886,0.14105106593951414,0.15121467526028756,0.16236985622211206,0.3061477441745166,0.3106098165592464,0.48190381755081807,0.1308874566187407,0.3849776896380763,0.13212692117005453,0.5176003966286564,1.0,0.2811105602379772,0.23202776400594943,0.18765493306891423,0.0991571641051066,0.13782845810609817,0.2057511155180962,0.1450173525037184,0.15518096182449181,0.16063460585027267,0.1685671789786812,0.21938522558254833,0.08230044620723848,0.1797223599405057,0.12171541893901834,0.1893901834407536,0.1923648983639068,0.17848289538919188,0.18591968269707487
PLAYGROUND_UNIFORM,0.14105106593951414,0.10733763014377788,0.18145761031234506,0.24095190877540903,0.13510163609320774,0.14848785324739713,0.07213683688646505,0.06817055032226078,0.12816063460585028,0.12915220624690135,0.13187902825979178,0.2959841348537432,0.29474467030242935,0.20277640059494298,0.18145761031234506,0.19484382746653445,0.14105106593951414,0.1554288547347546,0.2811105602379772,1.0,0.15443728309370353,0.22533465542885472,0.10262766484878533,0.15418939018344074,0.2521070897372335,0.10089241447694595,0.11328705999008429,0.11998016856717898,0.1346058502726822,0.13807635101636093,0.0924640555280119,0.20624690133862172,0.1405552801189886,0.12766484878532475,0.2285572632622707,0.12270699058006941,0.24095190877540903
SKACTIVEML_COST_EMBEDDING,0.10907288051561725,0.11056023797719385,0.0768468021814576,0.11328705999008429,0.16732771442736738,0.16584035696579078,0.05280118988596926,0.05751115518096182,0.14700049578582053,0.15121467526028756,0.15790778383738224,0.21170054536440258,0.21368368864650472,0.27540902330193356,0.0768468021814576,0.2506197322756569,0.10907288051561725,0.2773921665840357,0.23202776400594943,0.15443728309370353,1.0,0.14030738720872582,0.08701041150223103,0.10956866633614279,0.1494794248884482,0.17352503718393653,0.15220624690133863,0.15666831928606842,0.16187407040158652,0.16063460585027267,0.07089737233515121,0.11700545364402579,0.09890927119484383,0.15790778383738224,0.13882002974714924,0.15567674764501735,0.11328705999008429
SKACTIVEML_DAL,0.1271690629647992,0.11229548834903322,0.15666831928606842,0.20624690133862172,0.12865642042637582,0.1412989588497769,0.06767476450173525,0.06693108577094695,0.11031234506693109,0.11502231036192365,0.11774913237481408,0.24714923153197818,0.2518591968269707,0.15790778383738224,0.15666831928606842,0.17327714427367377,0.1271690629647992,0.13113534952900346,0.18765493306891423,0.22533465542885472,0.14030738720872582,1.0,0.10237977193852256,0.14823996033713435,0.23723351512146754,0.0984134853743183,0.12667327714427368,0.13039167079821518,0.14005949429846307,0.1338621715418939,0.09965294992563213,0.18021814576103123,0.14352999504214178,0.1212196331184928,0.2181457610312345,0.11750123946455131,0.20624690133862172
SKACTIVEML_DWUS,0.06246901338621715,0.07957362419434805,0.11204759543877045,0.0969261279127417,0.09667823500247893,0.0969261279127417,0.10213187902825979,0.030490827962320277,0.08651462568170551,0.08750619732275657,0.09072880515617253,0.09717402082300446,0.0999008428358949,0.08279623202776401,0.11204759543877045,0.09866137828458106,0.06246901338621715,0.08601883986117997,0.0991571641051066,0.10262766484878533,0.08701041150223103,0.10237977193852256,1.0,0.0946950917203768,0.11279127416955875,0.07709469509172037,0.08453148239960337,0.08701041150223103,0.09667823500247893,0.08453148239960337,0.05156172533465543,0.10857709469509172,0.07089737233515121,0.08254833911750124,0.10337134357957363,0.08081308874566187,0.0969261279127417
SKACTIVEML_QBC,0.10114030738720872,0.06767476450173525,0.12667327714427368,0.14352999504214178,0.0932077342588002,0.09643034209221617,0.062221120475954385,0.05651958353991076,0.08205255329697571,0.08031730292513634,0.08378780366881507,0.16212196331184928,0.1663361427863163,0.11849281110560238,0.12667327714427368,0.1308874566187407,0.10114030738720872,0.11378284581060982,0.13782845810609817,0.15418939018344074,0.10956866633614279,0.14823996033713435,0.0946950917203768,1.0,0.1700545364402578,0.09766980664352999,0.07734258800198314,0.07783837382250867,0.08230044620723848,0.0857709469509172,0.07734258800198314,0.14724838869608328,0.10213187902825979,0.08006941001487357,0.14377788795240456,0.07982151710461081,0.14352999504214178
SKACTIVEML_QBC_VOTE_ENTROPY,0.1368368864650471,0.11378284581060982,0.1945959345562717,0.23797719385225583,0.1279127416955875,0.1375805651958354,0.07337630143777887,0.07288051561725335,0.12320277640059495,0.12617749132374814,0.1271690629647992,0.29300941993059,0.29053049082796234,0.16410510659395142,0.1945959345562717,0.18468021814576102,0.1368368864650471,0.14526524541398117,0.2057511155180962,0.2521070897372335,0.1494794248884482,0.23723351512146754,0.11279127416955875,0.1700545364402578,1.0,0.10535448686167576,0.12592959841348536,0.1308874566187407,0.13981160138820029,0.13931581556767478,0.08403569657907783,0.19930589985126426,0.16732771442736738,0.12915220624690135,0.24169558750619732,0.1249380267724343,0.23797719385225583
SKACTIVEML_QUIRE,0.10262766484878533,0.13187902825979178,0.05751115518096182,0.09072880515617253,0.10337134357957363,0.10337134357957363,0.025037183936539417,0.06965790778383739,0.08824987605354487,0.08775409023301933,0.08924144769459594,0.13212692117005453,0.13584531482399603,0.14154685176003967,0.05751115518096182,0.1360932077342588,0.10262766484878533,0.14774417451660882,0.1450173525037184,0.10089241447694595,0.17352503718393653,0.0984134853743183,0.07709469509172037,0.09766980664352999,0.10535448686167576,1.0,0.10163609320773426,0.09816559246405553,0.10213187902825979,0.09519087754090233,0.08254833911750124,0.07535944471988101,0.10089241447694595,0.09766980664352999,0.10808130887456618,0.09444719881011403,0.09072880515617253
SKACTIVEML_US_ENTROPY,0.07387208725830441,0.10907288051561725,0.07461576598909271,0.10163609320773426,0.2285572632622707,0.19781854238968766,0.04189390183440753,0.04189390183440753,0.2478929102627665,0.20451165096678234,0.16460089241447695,0.16732771442736738,0.1648487853247397,0.1633614278631631,0.07461576598909271,0.1633614278631631,0.07387208725830441,0.16435299950421417,0.15518096182449181,0.11328705999008429,0.15220624690133863,0.12667327714427368,0.08453148239960337,0.07734258800198314,0.12592959841348536,0.10163609320773426,1.0,0.8143282102131879,0.7451660882498761,0.16881507188894398,0.06593951412989589,0.09221616261774913,0.0842835894893406,0.2072384729796728,0.12022806147744175,0.2597917699553793,0.10163609320773426
SKACTIVEML_US_LC,0.08155676747645017,0.11601388200297472,0.07535944471988101,0.10188398611799702,0.2776400594942985,0.21269211700545365,0.04338125929598413,0.04338125929598413,0.19856222112047595,0.24020823004462072,0.18591968269707487,0.17699553792761527,0.17476450173525038,0.16881507188894398,0.07535944471988101,0.17699553792761527,0.08155676747645017,0.17203767972235995,0.16063460585027267,0.11998016856717898,0.15666831928606842,0.13039167079821518,0.08701041150223103,0.07783837382250867,0.1308874566187407,0.09816559246405553,0.8143282102131879,1.0,0.7694595934556272,0.1849281110560238,0.061973227565691624,0.09940505701536936,0.08601883986117997,0.24541398116013882,0.12097174020823004,0.20674268715914726,0.10188398611799702
SKACTIVEML_US_MARGIN,0.0768468021814576,0.11080813088745661,0.08006941001487357,0.11774913237481408,0.21764997521070897,0.2702032721864155,0.05081804660386713,0.04238968765493307,0.161378284581061,0.18145761031234506,0.23822508676251858,0.18517600396628656,0.1856717897868121,0.1834407535944472,0.08006941001487357,0.1871591472483887,0.0768468021814576,0.18294496777392166,0.1685671789786812,0.1346058502726822,0.16187407040158652,0.14005949429846307,0.09667823500247893,0.08230044620723848,0.13981160138820029,0.10213187902825979,0.7451660882498761,0.7694595934556272,1.0,0.24566187407040158,0.06321269211700545,0.10014873574615767,0.08626673277144274,0.18914229053049084,0.12915220624690135,0.17724343083787802,0.11774913237481408
SMALLTEXT_BREAKINGTIES,0.07511155180961825,0.11279127416955875,0.08031730292513634,0.10758552305404065,0.29920674268715913,0.4293505205751115,0.0451165096678235,0.03767972235994051,0.24590976698066436,0.26797223599405057,0.3220128904313337,0.18393653941497273,0.18740704015865145,0.25359444719881014,0.08031730292513634,0.17798710956866634,0.07511155180961825,0.32796232027764005,0.21938522558254833,0.13807635101636093,0.16063460585027267,0.1338621715418939,0.08453148239960337,0.0857709469509172,0.13931581556767478,0.09519087754090233,0.16881507188894398,0.1849281110560238,0.24566187407040158,1.0,0.05850272682201289,0.10485870104115022,0.0857709469509172,0.763262270699058,0.11998016856717898,0.7402082300446208,0.10758552305404065
SMALLTEXT_CONTRASTIVEAL,0.09643034209221617,0.07982151710461081,0.05552801189885969,0.08155676747645017,0.06445215666831929,0.06792265741199802,0.037927615270203274,0.07312840852751612,0.07114526524541398,0.05850272682201289,0.05800694100148736,0.09048091224590976,0.0932077342588002,0.07089737233515121,0.05552801189885969,0.07312840852751612,0.09643034209221617,0.06792265741199802,0.08230044620723848,0.0924640555280119,0.07089737233515121,0.09965294992563213,0.05156172533465543,0.07734258800198314,0.08403569657907783,0.08254833911750124,0.06593951412989589,0.061973227565691624,0.06321269211700545,0.05850272682201289,1.0,0.07957362419434805,0.12295488349033218,0.05577590480912246,0.09122459097669806,0.05775904809122459,0.08155676747645017
SMALLTEXT_EMBEDDINGKMEANS,0.11254338125929599,0.08453148239960337,0.15493306891422906,0.1923648983639068,0.09965294992563213,0.10461080813088745,0.11427863163113534,0.05428854734754586,0.09271194843827467,0.09072880515617253,0.09519087754090233,0.2528507684680218,0.2530986613782846,0.12444224095190877,0.15493306891422906,0.15691621219633117,0.11254338125929599,0.11601388200297472,0.1797223599405057,0.20624690133862172,0.11700545364402579,0.18021814576103123,0.10857709469509172,0.14724838869608328,0.19930589985126426,0.07535944471988101,0.09221616261774913,0.09940505701536936,0.10014873574615767,0.10485870104115022,0.07957362419434805,1.0,0.1256817055032226,0.10138820029747149,0.20252850768468023,0.0932077342588002,0.1923648983639068
SMALLTEXT_GREEDYCORESET,0.2667327714427367,0.11378284581060982,0.1301437778879524,0.139067922657412,0.08973723351512147,0.0924640555280119,0.04858701041150223,0.0924640555280119,0.07337630143777887,0.07362419434804164,0.07411998016856718,0.146504709965295,0.15691621219633117,0.09370352007932573,0.1301437778879524,0.11279127416955875,0.2667327714427367,0.08601883986117997,0.12171541893901834,0.1405552801189886,0.09890927119484383,0.14352999504214178,0.07089737233515121,0.10213187902825979,0.16732771442736738,0.10089241447694595,0.0842835894893406,0.08601883986117997,0.08626673277144274,0.0857709469509172,0.12295488349033218,0.1256817055032226,1.0,0.08403569657907783,0.15468517600396628,0.08304412493802678,0.139067922657412
SMALLTEXT_LEASTCONFIDENCE,0.0768468021814576,0.11427863163113534,0.07188894397620228,0.09816559246405553,0.4410014873574616,0.2922657411998017,0.041398116013882005,0.03867129400099157,0.28284581060981656,0.3366385721368369,0.25855230540406543,0.1707982151710461,0.17030242935052056,0.2166584035696579,0.07188894397620228,0.1715418939018344,0.0768468021814576,0.25260287555775907,0.1893901834407536,0.12766484878532475,0.15790778383738224,0.1212196331184928,0.08254833911750124,0.08006941001487357,0.12915220624690135,0.09766980664352999,0.2072384729796728,0.24541398116013882,0.18914229053049084,0.763262270699058,0.05577590480912246,0.10138820029747149,0.08403569657907783,1.0,0.11155180961824492,0.8058998512642539,0.09816559246405553
SMALLTEXT_LIGHTWEIGHTCORESET,0.131631135349529,0.12369856222112048,0.17129400099157163,0.2151710461080813,0.11750123946455131,0.13435795736241943,0.06147744174516609,0.07585523054040655,0.12047595438770452,0.11204759543877045,0.1212196331184928,0.2508676251859197,0.25384234010907286,0.16088249876053545,0.17129400099157163,0.1685671789786812,0.131631135349529,0.1420426375805652,0.1923648983639068,0.2285572632622707,0.13882002974714924,0.2181457610312345,0.10337134357957363,0.14377788795240456,0.24169558750619732,0.10808130887456618,0.12022806147744175,0.12097174020823004,0.12915220624690135,0.11998016856717898,0.09122459097669806,0.20252850768468023,0.15468517600396628,0.11155180961824492,1.0,0.10932077342588002,0.2151710461080813
SMALLTEXT_PREDICTIONENTROPY,0.07312840852751612,0.10832920178482895,0.06866633614278632,0.0946950917203768,0.3334159643034209,0.27169062964799207,0.040406544372830935,0.03941497273177987,0.33539910758552305,0.2850768468021815,0.248388696083292,0.15989092711948438,0.1588993554784333,0.20674268715914726,0.06866633614278632,0.1665840356965791,0.07312840852751612,0.23425880019831433,0.17848289538919188,0.12270699058006941,0.15567674764501735,0.11750123946455131,0.08081308874566187,0.07982151710461081,0.1249380267724343,0.09444719881011403,0.2597917699553793,0.20674268715914726,0.17724343083787802,0.7402082300446208,0.05775904809122459,0.0932077342588002,0.08304412493802678,0.8058998512642539,0.10932077342588002,1.0,0.0946950917203768
SMALLTEXT_RANDOM,0.10882498760535449,0.09766980664352999,0.1611303916707982,1.0,0.10510659395141299,0.11254338125929599,0.06172533465542886,0.06296479920674268,0.0909766980664353,0.08924144769459594,0.10089241447694595,0.23772930094199307,0.2322756569162122,0.13435795736241943,0.1611303916707982,0.15567674764501735,0.10882498760535449,0.11874070401586515,0.18591968269707487,0.24095190877540903,0.11328705999008429,0.20624690133862172,0.0969261279127417,0.14352999504214178,0.23797719385225583,0.09072880515617253,0.10163609320773426,0.10188398611799702,0.11774913237481408,0.10758552305404065,0.08155676747645017,0.1923648983639068,0.139067922657412,0.09816559246405553,0.2151710461080813,0.0946950917203768,1.0
