,ALIPY_CORESET_GREEDY,ALIPY_DENSITY_WEIGHTED,ALIPY_GRAPH_DENSITY,ALIPY_RANDOM,ALIPY_UNCERTAINTY_LC,ALIPY_UNCERTAINTY_MM,LIBACT_DWUS,LIBACT_QUIRE,LIBACT_UNCERTAINTY_ENT,LIBACT_UNCERTAINTY_LC,LIBACT_UNCERTAINTY_SM,OPTIMAL_GREEDY_10,OPTIMAL_GREEDY_20,PLAYGROUND_BANDIT,PLAYGROUND_GRAPH_DENSITY,PLAYGROUND_INFORMATIVE_DIVERSE,PLAYGROUND_KCENTER_GREEDY,PLAYGROUND_MARGIN,PLAYGROUND_MIXTURE,PLAYGROUND_UNIFORM,SKACTIVEML_COST_EMBEDDING,SKACTIVEML_DAL,SKACTIVEML_DWUS,SKACTIVEML_QBC,SKACTIVEML_QBC_VOTE_ENTROPY,SKACTIVEML_QUIRE,SKACTIVEML_US_ENTROPY,SKACTIVEML_US_LC,SKACTIVEML_US_MARGIN,SMALLTEXT_BREAKINGTIES,SMALLTEXT_CONTRASTIVEAL,SMALLTEXT_EMBEDDINGKMEANS,SMALLTEXT_GREEDYCORESET,SMALLTEXT_LEASTCONFIDENCE,SMALLTEXT_LIGHTWEIGHTCORESET,SMALLTEXT_PREDICTIONENTROPY,SMALLTEXT_RANDOM
ALIPY_CORESET_GREEDY,4034,516,213,577,208,213,185,630,216,200,213,667,664,411,213,429,2875,227,536,648,242,646,248,441,677,265,197,201,212,214,404,657,1801,208,773,206,577
ALIPY_DENSITY_WEIGHTED,516,4034,284,242,521,496,277,966,450,472,455,260,244,343,284,325,516,521,309,237,480,276,448,319,242,631,472,465,422,431,609,304,545,440,317,445,242
ALIPY_GRAPH_DENSITY,213,284,4034,201,203,212,180,452,201,202,218,199,203,221,2875,221,213,214,234,195,231,202,223,220,191,269,199,205,219,201,266,224,190,195,240,198,201
ALIPY_RANDOM,577,242,201,4034,232,247,230,306,232,218,240,1407,1412,675,201,665,577,302,896,1462,405,1107,291,861,1432,289,205,204,221,230,348,722,542,215,668,217,2875
ALIPY_UNCERTAINTY_LC,208,521,203,232,4034,3410,1492,1433,2003,2054,1931,1412,1401,1644,1362,1676,1367,2198,1545,1414,1703,1451,1623,1564,1419,1608,2009,2062,1907,2082,1604,1401,1357,2353,1432,2220,1391
ALIPY_UNCERTAINTY_MM,213,496,212,247,3410,4034,1492,1414,1846,1895,2053,1425,1424,1679,1371,1735,1372,2360,1617,1437,1721,1468,1640,1566,1442,1563,1861,1866,2041,2343,1583,1427,1365,2085,1440,2049,1406
LIBACT_DWUS,185,277,180,230,1492,1492,4034,1443,1437,1440,1430,1372,1393,1477,1339,1493,1344,1593,1412,1408,1587,1428,2066,1575,1390,1700,1423,1431,1423,1433,1627,1504,1343,1435,1362,1430,1389
LIBACT_QUIRE,630,966,452,306,1433,1414,1443,4034,1435,1419,1402,1464,1466,1409,1611,1400,1789,1417,1423,1465,1476,1488,1485,1449,1467,1871,1438,1434,1409,1387,1935,1443,1808,1397,1605,1404,1465
LIBACT_UNCERTAINTY_ENT,216,450,201,232,2003,1846,1437,1435,4034,3480,3334,1435,1417,1555,1360,1548,1375,1699,1470,1428,1585,1445,1534,1463,1426,1553,1977,1933,1802,1824,1572,1395,1376,1949,1409,2031,1391
LIBACT_UNCERTAINTY_LC,200,472,202,218,2054,1895,1440,1419,3480,4034,3394,1406,1401,1540,1361,1546,1359,1736,1474,1400,1585,1416,1538,1466,1404,1538,1940,2003,1849,1879,1528,1399,1349,2034,1396,2005,1377
LIBACT_UNCERTAINTY_SM,213,455,218,240,1931,2053,1430,1402,3334,3394,4034,1413,1410,1578,1377,1630,1372,1814,1523,1428,1595,1427,1535,1471,1426,1491,1810,1853,2003,2028,1513,1419,1361,1901,1412,1868,1399
OPTIMAL_GREEDY_10,667,260,199,1407,1412,1425,1372,1464,1435,1406,1413,4034,2859,2011,1358,1952,1826,1503,2260,2829,1637,2474,1498,2185,2840,1462,1385,1392,1394,1408,1556,1895,1775,1398,1868,1404,2566
OPTIMAL_GREEDY_20,664,244,203,1412,1401,1424,1393,1466,1417,1401,1410,2859,4034,1979,1362,1953,1823,1497,2241,2845,1628,2499,1494,2170,2854,1461,1407,1395,1407,1400,1558,1935,1765,1384,1899,1391,2571
PLAYGROUND_BANDIT,411,343,221,675,1644,1679,1477,1409,1555,1540,1578,2011,1979,4034,1380,2359,1570,2217,2575,2011,1964,2069,1569,1920,1974,1597,1526,1531,1556,1550,1655,1633,1503,1507,1653,1502,1834
PLAYGROUND_GRAPH_DENSITY,213,284,2875,201,1362,1371,1339,1611,1360,1361,1377,1358,1362,1380,4034,1380,1372,1373,1393,1354,1390,1361,1382,1379,1350,1428,1358,1364,1378,1360,1425,1383,1349,1354,1399,1357,1360
PLAYGROUND_INFORMATIVE_DIVERSE,429,325,221,665,1676,1735,1493,1400,1548,1546,1630,1952,1953,2359,1380,4034,1588,2080,2348,1934,1853,1981,1524,1875,1909,1520,1549,1558,1616,1621,1595,1736,1527,1560,1750,1549,1824
PLAYGROUND_KCENTER_GREEDY,2875,516,213,577,1367,1372,1344,1789,1375,1359,1372,1826,1823,1570,1372,1588,4034,1386,1695,1807,1401,1805,1407,1600,1836,1424,1356,1360,1371,1373,1563,1816,2960,1367,1932,1365,1736
PLAYGROUND_MARGIN,227,521,214,302,2198,2360,1593,1417,1699,1736,1814,1503,1497,2217,1373,2080,1386,4034,1840,1508,1966,1567,1727,1698,1508,1696,1753,1771,1819,2096,1685,1484,1365,1930,1492,1898,1461
PLAYGROUND_MIXTURE,536,309,234,896,1545,1617,1412,1423,1470,1474,1523,2260,2241,2575,1393,2348,1695,1840,4034,2260,1847,2203,1525,1977,2252,1490,1484,1485,1523,1519,1568,1760,1592,1468,1800,1477,2055
PLAYGROUND_UNIFORM,648,237,195,1462,1414,1437,1408,1465,1428,1400,1428,2829,2845,2011,1354,1934,1807,1508,2260,4034,1591,2495,1546,2163,2827,1476,1408,1404,1409,1395,1563,1933,1751,1395,1860,1395,2621
SKACTIVEML_COST_EMBEDDING,242,480,231,405,1703,1721,1587,1476,1585,1585,1595,1637,1628,1964,1390,1853,1401,1966,1847,1591,4034,1693,1693,1769,1635,1809,1544,1564,1579,1573,1800,1518,1415,1572,1587,1564,1564
SKACTIVEML_DAL,646,276,202,1107,1451,1468,1428,1488,1445,1416,1427,2474,2499,2069,1361,1981,1805,1567,2203,2495,1693,4034,1495,2144,2490,1465,1401,1400,1413,1414,1600,1870,1779,1395,1949,1395,2266
SKACTIVEML_DWUS,248,448,223,291,1623,1640,2066,1485,1534,1538,1535,1498,1494,1569,1382,1524,1407,1727,1525,1546,1693,1495,4034,1666,1515,1721,1538,1550,1541,1544,1742,1481,1375,1526,1369,1543,1450
SKACTIVEML_QBC,441,319,220,861,1564,1566,1575,1449,1463,1466,1471,2185,2170,1920,1379,1875,1600,1698,1977,2163,1769,2144,1666,4034,2235,1531,1465,1461,1497,1432,1646,1791,1537,1435,1676,1434,2020
SKACTIVEML_QBC_VOTE_ENTROPY,677,242,191,1432,1419,1442,1390,1467,1426,1404,1426,2840,2854,1974,1350,1909,1836,1508,2252,2827,1635,2490,1515,2235,4034,1455,1400,1388,1416,1416,1568,1943,1757,1386,1858,1392,2591
SKACTIVEML_QUIRE,265,631,269,289,1608,1563,1700,1871,1553,1538,1491,1462,1461,1597,1428,1520,1424,1696,1490,1476,1809,1465,1721,1531,1455,4034,1531,1534,1480,1501,2107,1419,1437,1545,1477,1542,1448
SKACTIVEML_US_ENTROPY,197,472,199,205,2009,1861,1423,1438,1977,1940,1810,1385,1407,1526,1358,1549,1356,1753,1484,1408,1544,1401,1538,1465,1400,1531,4034,3561,3387,1758,1536,1390,1352,1890,1402,1984,1364
SKACTIVEML_US_LC,201,465,205,204,2062,1866,1431,1434,1933,2003,1853,1392,1395,1531,1364,1558,1360,1771,1485,1404,1564,1400,1550,1461,1388,1534,3561,4034,3432,1768,1542,1395,1359,1949,1400,1921,1363
SKACTIVEML_US_MARGIN,212,422,219,221,1907,2041,1423,1409,1802,1849,2003,1394,1407,1556,1378,1616,1371,1819,1523,1409,1579,1413,1541,1497,1416,1480,3387,3432,4034,1929,1520,1415,1361,1822,1413,1782,1380
SMALLTEXT_BREAKINGTIES,214,431,201,230,2082,2343,1433,1387,1824,1879,2028,1408,1400,1550,1360,1621,1373,2096,1519,1395,1573,1414,1544,1432,1416,1501,1758,1768,1929,4034,1487,1399,1362,3425,1394,3384,1389
SMALLTEXT_CONTRASTIVEAL,404,609,266,348,1604,1583,1627,1935,1572,1528,1513,1556,1558,1655,1425,1595,1563,1685,1568,1563,1800,1600,1742,1646,1568,2107,1536,1542,1520,1487,4034,1505,1529,1512,1577,1510,1507
SMALLTEXT_EMBEDDINGKMEANS,657,304,224,722,1401,1427,1504,1443,1395,1399,1419,1895,1935,1633,1383,1736,1816,1484,1760,1933,1518,1870,1481,1791,1943,1419,1390,1395,1415,1399,1505,4034,2002,1370,2610,1376,1881
SMALLTEXT_GREEDYCORESET,1801,545,190,542,1357,1365,1343,1808,1376,1349,1361,1775,1765,1503,1349,1527,2960,1365,1592,1751,1415,1779,1375,1537,1757,1437,1352,1359,1361,1362,1529,2002,4034,1357,2138,1352,1701
SMALLTEXT_LEASTCONFIDENCE,208,440,195,215,2353,2085,1435,1397,1949,2034,1901,1398,1384,1507,1354,1560,1367,1930,1468,1395,1572,1395,1526,1435,1386,1545,1890,1949,1822,3425,1512,1370,1357,4034,1386,3548,1374
SMALLTEXT_LIGHTWEIGHTCORESET,773,317,240,668,1432,1440,1362,1605,1409,1396,1412,1868,1899,1653,1399,1750,1932,1492,1800,1860,1587,1949,1369,1676,1858,1477,1402,1400,1413,1394,1577,2610,2138,1386,4034,1390,1827
SMALLTEXT_PREDICTIONENTROPY,206,445,198,217,2220,2049,1430,1404,2031,2005,1868,1404,1391,1502,1357,1549,1365,1898,1477,1395,1564,1395,1543,1434,1392,1542,1984,1921,1782,3384,1510,1376,1352,3548,1390,4034,1376
SMALLTEXT_RANDOM,577,242,201,2875,1391,1406,1389,1465,1391,1377,1399,2566,2571,1834,1360,1824,1736,1461,2055,2621,1564,2266,1450,2020,2591,1448,1364,1363,1380,1389,1507,1881,1701,1374,1827,1376,4034
