,ALIPY_CORESET_GREEDY,ALIPY_DENSITY_WEIGHTED,ALIPY_GRAPH_DENSITY,ALIPY_RANDOM,ALIPY_UNCERTAINTY_LC,ALIPY_UNCERTAINTY_MM,LIBACT_DWUS,LIBACT_QUIRE,LIBACT_UNCERTAINTY_ENT,LIBACT_UNCERTAINTY_LC,LIBACT_UNCERTAINTY_SM,OPTIMAL_GREEDY_10,OPTIMAL_GREEDY_20,PLAYGROUND_BANDIT,PLAYGROUND_GRAPH_DENSITY,PLAYGROUND_INFORMATIVE_DIVERSE,PLAYGROUND_KCENTER_GREEDY,PLAYGROUND_MARGIN,PLAYGROUND_MIXTURE,PLAYGROUND_UNIFORM,SKACTIVEML_COST_EMBEDDING,SKACTIVEML_DAL,SKACTIVEML_DWUS,SKACTIVEML_QBC,SKACTIVEML_QBC_VOTE_ENTROPY,SKACTIVEML_QUIRE,SKACTIVEML_US_ENTROPY,SKACTIVEML_US_LC,SKACTIVEML_US_MARGIN,SMALLTEXT_BREAKINGTIES,SMALLTEXT_CONTRASTIVEAL,SMALLTEXT_EMBEDDINGKMEANS,SMALLTEXT_GREEDYCORESET,SMALLTEXT_LEASTCONFIDENCE,SMALLTEXT_LIGHTWEIGHTCORESET,SMALLTEXT_PREDICTIONENTROPY,SMALLTEXT_RANDOM
ALIPY_CORESET_GREEDY,1.0,0.5731284085275161,0.9871095686663361,0.9848785324739713,0.6797223599405057,0.6819533961328706,0.04015865146256817,0.14030738720872582,0.1256817055032226,0.1264253842340109,0.12865642042637582,0.0,0.0,0.2927615270203272,0.9905800694100149,0.6100644521566683,0.9962816063460586,0.6070897372335151,0.421417947446703,0.9848785324739713,0.008180466038671294,0.0,0.050322260783341594,0.0,0.0,0.019335647000495785,0.04784333168071393,0.048834903321764996,0.047595438770451165,0.5706494794248884,0.2055032226078334,0.13956370847793753,0.3663857213683689,0.6296479920674268,0.645513138324244,0.334407535944472,0.9848785324739713
ALIPY_DENSITY_WEIGHTED,0.5731284085275161,1.0,0.5634605850272683,0.5852751611303917,0.8373822508676252,0.8391175012394646,0.1707982151710461,0.19286068418443233,0.1633614278631631,0.16460089241447695,0.16732771442736738,0.0007436787307882995,0.0,0.5290034705007437,0.5666831928606841,0.8381259295984135,0.5738720872583044,0.8373822508676252,0.6001487357461577,0.5852751611303917,0.02255825483391175,0.0,0.0991571641051066,0.01264253842340109,0.006445215666831929,0.05850272682201289,0.10014873574615767,0.09965294992563213,0.10039662865642042,0.8671294000991572,0.4476945959345563,0.39018344075359446,0.6137828458106098,0.8393653941497273,0.8334159643034209,0.6812097174020822,0.5852751611303917
ALIPY_GRAPH_DENSITY,0.9871095686663361,0.5634605850272683,1.0,0.9754586018839861,0.6703024293505205,0.6725334655428855,0.0406544372830937,0.14452156668319285,0.12022806147744175,0.11998016856717898,0.12097174020823004,0.0,0.0,0.2848289538919187,0.992563212692117,0.6006445215666832,0.9873574615765989,0.59766980664353,0.41298958849776896,0.9754586018839861,0.008180466038671294,0.0,0.060981655924640554,0.0,0.0,0.019335647000495785,0.05850272682201289,0.059494298463063956,0.05775904809122459,0.5612295488349033,0.21417947446703026,0.13956370847793753,0.37580565195835397,0.6202280614774417,0.6360932077342588,0.3289538919186911,0.9754586018839861
ALIPY_RANDOM,0.9848785324739713,0.5852751611303917,0.9754586018839861,1.0,0.6948438274665345,0.6970748636588994,0.04015865146256817,0.13559742191373328,0.12345066931085771,0.12320277640059495,0.12667327714427368,0.0,0.0,0.29053049082796234,0.9794248884481904,0.6236985622211205,0.9861179970252851,0.6207238472979673,0.42860684184432324,1.0,0.008180466038671294,0.0,0.0428854734754586,0.0,0.0,0.019335647000495785,0.040406544372830935,0.04115022310361924,0.03991075855230541,0.5832920178482895,0.19583539910758552,0.13956370847793753,0.35374318294496776,0.643282102131879,0.6576598909271195,0.330193356470005,1.0
ALIPY_UNCERTAINTY_LC,0.6797223599405057,0.8373822508676252,0.6703024293505205,0.6948438274665345,1.0,0.9747149231531979,0.12816063460585028,0.19410014873574616,0.15121467526028756,0.1517104610808131,0.1554288547347546,0.0,0.0,0.44868616757560736,0.6742687159147248,0.9100148735746157,0.6809618244918195,0.9090233019335647,0.66038671294001,0.6948438274665345,0.011650966782350025,0.0,0.06767476450173525,0.0,0.0,0.05751115518096182,0.06048587010411502,0.060981655924640554,0.059742191373326724,0.8644025780862667,0.4040654437283094,0.33143282102131877,0.6281606346058503,0.9258800198314329,0.9241447694595935,0.5780862667327714,0.6948438274665345
ALIPY_UNCERTAINTY_MM,0.6819533961328706,0.8391175012394646,0.6725334655428855,0.6970748636588994,0.9747149231531979,1.0,0.12865642042637582,0.1945959345562717,0.1502231036192365,0.15071888943976203,0.15443728309370353,0.0,0.0,0.4474467030242935,0.6764997521070898,0.9095190877540902,0.6831928606841844,0.9085275161130392,0.6616261774913238,0.6970748636588994,0.012146752602875557,0.0,0.06668319286068418,0.0,0.0,0.058254833911750126,0.059494298463063956,0.059742191373326724,0.05850272682201289,0.8663857213683689,0.40480912245909767,0.330193356470005,0.6313832424392662,0.927863163113535,0.92563212692117,0.5803173029251364,0.6970748636588994
LIBACT_DWUS,0.04015865146256817,0.1707982151710461,0.0406544372830937,0.04015865146256817,0.12816063460585028,0.12865642042637582,1.0,0.02454139811601388,0.05552801189885969,0.05428854734754586,0.05528011898859692,0.0074367873078829945,0.00024789291026276647,0.2248388696083292,0.04015865146256817,0.16187407040158652,0.040406544372830935,0.1626177491323748,0.21764997521070897,0.04015865146256817,0.06891422905304909,0.00495785820525533,0.058254833911750126,0.03495290034705007,0.02478929102627665,0.04462072384729797,0.05924640555280119,0.05850272682201289,0.059494298463063956,0.1670798215171046,0.21492315319781854,0.2744174516608825,0.20451165096678234,0.15344571145265246,0.14377788795240456,0.22830937035200793,0.04015865146256817
LIBACT_QUIRE,0.14030738720872582,0.19286068418443233,0.14452156668319285,0.13559742191373328,0.19410014873574616,0.1945959345562717,0.02454139811601388,1.0,0.009419930589985127,0.009419930589985127,0.008924144769459593,0.0,0.0,0.1420426375805652,0.14328210213187903,0.19509172037679723,0.13981160138820029,0.19410014873574616,0.16360932077342588,0.13559742191373328,0.013138324243926624,0.004709965294992563,0.0436291522062469,0.0,0.0,0.03594447198810114,0.0443728309370352,0.0443728309370352,0.04462072384729797,0.19583539910758552,0.24814080317302925,0.14452156668319285,0.21913733267228558,0.19583539910758552,0.19533961328705998,0.19905800694100148,0.13559742191373328
LIBACT_UNCERTAINTY_ENT,0.1256817055032226,0.1633614278631631,0.12022806147744175,0.12345066931085771,0.15121467526028756,0.1502231036192365,0.05552801189885969,0.009419930589985127,1.0,0.910758552305404,0.9154685176003966,0.0,0.0,0.3877045116509668,0.11973227565691621,0.17104610808130888,0.12518591968269707,0.17327714427367377,0.30912245909766983,0.12345066931085771,0.08106098165592464,0.07783837382250867,0.7652454139811602,0.002726822012890431,0.0,0.00024789291026276647,0.7806147744174516,0.7764005949429846,0.7818542389687655,0.20104115022310362,0.1906296479920674,0.18740704015865145,0.2997025285076847,0.16236985622211206,0.15716410510659395,0.3036688150718889,0.12345066931085771
LIBACT_UNCERTAINTY_LC,0.1264253842340109,0.16460089241447695,0.11998016856717898,0.12320277640059495,0.1517104610808131,0.15071888943976203,0.05428854734754586,0.009419930589985127,0.910758552305404,1.0,0.9189390183440753,0.0,0.0,0.38671294000991574,0.12196331184928111,0.17178978681209717,0.12592959841348536,0.1737729300941993,0.3098661378284581,0.12320277640059495,0.0813088745661874,0.07734258800198314,0.7704511650966782,0.002974714923153198,0.0,0.00024789291026276647,0.7811105602379772,0.7801189885969261,0.7833415964303421,0.19905800694100148,0.19112543381259295,0.1893901834407536,0.2997025285076847,0.16236985622211206,0.15716410510659395,0.30540406544372833,0.12320277640059495
LIBACT_UNCERTAINTY_SM,0.12865642042637582,0.16732771442736738,0.12097174020823004,0.12667327714427368,0.1554288547347546,0.15443728309370353,0.05528011898859692,0.008924144769459593,0.9154685176003966,0.9189390183440753,1.0,0.0,0.0,0.38795240456122954,0.12221120475954388,0.17699553792761527,0.12816063460585028,0.17724343083787802,0.31259295984134855,0.12667327714427368,0.08081308874566187,0.07560733763014378,0.7687159147248389,0.002974714923153198,0.0,0.00024789291026276647,0.7818542389687655,0.7796232027764006,0.7796232027764006,0.20426375805651958,0.18765493306891423,0.18790282597917699,0.2997025285076847,0.16683192860684184,0.161378284581061,0.3061477441745166,0.12667327714427368
OPTIMAL_GREEDY_10,0.0,0.0007436787307882995,0.0,0.0,0.0,0.0,0.0074367873078829945,0.0,0.0,0.0,0.0,1.0,0.00495785820525533,0.0,0.0,0.0,0.0,0.0,0.0,0.0,0.0,0.017104610808130888,0.0,0.03520079325731284,0.04561229548834903,0.0,0.0,0.0,0.0,0.0,0.013634110064452157,0.0,0.0,0.0,0.0,0.001487357461576599,0.0
OPTIMAL_GREEDY_20,0.0,0.0,0.0,0.0,0.0,0.0,0.00024789291026276647,0.0,0.0,0.0,0.0,0.00495785820525533,1.0,0.0,0.0,0.0,0.0,0.0,0.0,0.0,0.0037183936539414973,0.004462072384729797,0.0,0.00024789291026276647,0.0,0.0,0.0,0.0,0.0,0.0,0.00024789291026276647,0.0,0.0,0.0,0.0,0.00024789291026276647,0.0
PLAYGROUND_BANDIT,0.2927615270203272,0.5290034705007437,0.2848289538919187,0.29053049082796234,0.44868616757560736,0.4474467030242935,0.2248388696083292,0.1420426375805652,0.3877045116509668,0.38671294000991574,0.38795240456122954,0.0,0.0,1.0,0.2863163113534953,0.4732275656916212,0.29176995537927614,0.4771938522558255,0.7315319781854239,0.29053049082796234,0.07833415964303421,0.0034705007436787306,0.3001983143282102,0.010163609320773426,0.0019831432821021317,0.09370352007932573,0.3061477441745166,0.30639563708477935,0.30540406544372833,0.5176003966286564,0.5664352999504214,0.5617253346554288,0.6341100644521567,0.4608329201784829,0.4633118492811106,0.7010411502231036,0.29053049082796234
PLAYGROUND_GRAPH_DENSITY,0.9905800694100149,0.5666831928606841,0.992563212692117,0.9794248884481904,0.6742687159147248,0.6764997521070898,0.04015865146256817,0.14328210213187903,0.11973227565691621,0.12196331184928111,0.12221120475954388,0.0,0.0,0.2863163113534953,1.0,0.6036192364898364,0.9903321764997521,0.6006445215666832,0.4157164105106594,0.9794248884481904,0.008180466038671294,0.0,0.05701536936043629,0.0,0.0,0.019335647000495785,0.05453644025780863,0.05552801189885969,0.05428854734754586,0.5642042637580565,0.21120475954387705,0.13956370847793753,0.37258304412493803,0.623202776400595,0.639067922657412,0.3289538919186911,0.9794248884481904
PLAYGROUND_INFORMATIVE_DIVERSE,0.6100644521566683,0.8381259295984135,0.6006445215666832,0.6236985622211205,0.9100148735746157,0.9095190877540902,0.16187407040158652,0.19509172037679723,0.17104610808130888,0.17178978681209717,0.17699553792761527,0.0,0.0,0.4732275656916212,0.6036192364898364,1.0,0.6108081308874567,0.9566187407040159,0.6931085770946951,0.6236985622211205,0.01264253842340109,0.0,0.08775409023301933,0.0004957858205255329,0.0,0.05552801189885969,0.07907783837382251,0.07907783837382251,0.07783837382250867,0.922409519087754,0.4481903817550818,0.37927615270203274,0.68368864650471,0.9538919186911254,0.9295984134853743,0.6373326722855727,0.6236985622211205
PLAYGROUND_KCENTER_GREEDY,0.9962816063460586,0.5738720872583044,0.9873574615765989,0.9861179970252851,0.6809618244918195,0.6831928606841844,0.040406544372830935,0.13981160138820029,0.12518591968269707,0.12592959841348536,0.12816063460585028,0.0,0.0,0.29176995537927614,0.9903321764997521,0.6108081308874567,1.0,0.6078334159643034,0.4224095190877541,0.9861179970252851,0.008180466038671294,0.0,0.049826474962816066,0.0,0.0,0.019335647000495785,0.0473475458601884,0.04833911750123947,0.04709965294992563,0.5708973723351513,0.20525532969757065,0.13956370847793753,0.3658899355478433,0.6303916707982151,0.6462568170550322,0.3331680713931582,0.9861179970252851
PLAYGROUND_MARGIN,0.6070897372335151,0.8373822508676252,0.59766980664353,0.6207238472979673,0.9090233019335647,0.9085275161130392,0.1626177491323748,0.19410014873574616,0.17327714427367377,0.1737729300941993,0.17724343083787802,0.0,0.0,0.4771938522558255,0.6006445215666832,0.9566187407040159,0.6078334159643034,1.0,0.6945959345562717,0.6207238472979673,0.013138324243926624,0.0,0.08750619732275657,0.0007436787307882995,0.0,0.057263262270699056,0.07932573128408528,0.07907783837382251,0.07808626673277144,0.9196826970748636,0.451165096678235,0.3810114030738721,0.6817055032226078,0.9509172037679723,0.9268715914724839,0.6373326722855727,0.6207238472979673
PLAYGROUND_MIXTURE,0.421417947446703,0.6001487357461577,0.41298958849776896,0.42860684184432324,0.66038671294001,0.6616261774913238,0.21764997521070897,0.16360932077342588,0.30912245909766983,0.3098661378284581,0.31259295984134855,0.0,0.0,0.7315319781854239,0.4157164105106594,0.6931085770946951,0.4224095190877541,0.6945959345562717,1.0,0.42860684184432324,0.04338125929598413,0.0,0.21988101140307387,0.008924144769459593,0.0009915716410510659,0.07461576598909271,0.214427367377293,0.2151710461080813,0.2131879028259792,0.6606346058502727,0.5575111551809618,0.5359444719881011,0.7543381259295984,0.6769955379276152,0.6705503222607834,0.673029251363411,0.42860684184432324
PLAYGROUND_UNIFORM,0.9848785324739713,0.5852751611303917,0.9754586018839861,1.0,0.6948438274665345,0.6970748636588994,0.04015865146256817,0.13559742191373328,0.12345066931085771,0.12320277640059495,0.12667327714427368,0.0,0.0,0.29053049082796234,0.9794248884481904,0.6236985622211205,0.9861179970252851,0.6207238472979673,0.42860684184432324,1.0,0.008180466038671294,0.0,0.0428854734754586,0.0,0.0,0.019335647000495785,0.040406544372830935,0.04115022310361924,0.03991075855230541,0.5832920178482895,0.19583539910758552,0.13956370847793753,0.35374318294496776,0.643282102131879,0.6576598909271195,0.330193356470005,1.0
SKACTIVEML_COST_EMBEDDING,0.008180466038671294,0.02255825483391175,0.008180466038671294,0.008180466038671294,0.011650966782350025,0.012146752602875557,0.06891422905304909,0.013138324243926624,0.08106098165592464,0.0813088745661874,0.08081308874566187,0.0,0.0037183936539414973,0.07833415964303421,0.008180466038671294,0.01264253842340109,0.008180466038671294,0.013138324243926624,0.04338125929598413,0.008180466038671294,1.0,0.0034705007436787306,0.08254833911750124,0.012890431333663858,0.009419930589985127,0.020823004462072386,0.08304412493802678,0.0842835894893406,0.08329201784828955,0.015369360436291522,0.0842835894893406,0.05651958353991076,0.037927615270203274,0.011403073872087258,0.01264253842340109,0.02825979176995538,0.008180466038671294
SKACTIVEML_DAL,0.0,0.0,0.0,0.0,0.0,0.0,0.00495785820525533,0.004709965294992563,0.07783837382250867,0.07734258800198314,0.07560733763014378,0.017104610808130888,0.004462072384729797,0.0034705007436787306,0.0,0.0,0.0,0.0,0.0,0.0,0.0034705007436787306,1.0,0.11923648983639068,0.01611303916707982,0.013634110064452157,0.0,0.12196331184928111,0.11973227565691621,0.11849281110560238,0.0,0.03173029251363411,0.02330193356470005,0.0,0.0,0.0,0.005949429846306396,0.0
SKACTIVEML_DWUS,0.050322260783341594,0.0991571641051066,0.060981655924640554,0.0428854734754586,0.06767476450173525,0.06668319286068418,0.058254833911750126,0.0436291522062469,0.7652454139811602,0.7704511650966782,0.7687159147248389,0.0,0.0,0.3001983143282102,0.05701536936043629,0.08775409023301933,0.049826474962816066,0.08750619732275657,0.21988101140307387,0.0428854734754586,0.08254833911750124,0.11923648983639068,1.0,0.0032226078334159644,0.0,0.0004957858205255329,0.8886960832920179,0.887456618740704,0.8896876549330689,0.11725334655428855,0.2704511650966782,0.23202776400594943,0.28309370352007934,0.07858205255329698,0.06965790778383739,0.24343083787803668,0.0428854734754586
SKACTIVEML_QBC,0.0,0.01264253842340109,0.0,0.0,0.0,0.0,0.03495290034705007,0.0,0.002726822012890431,0.002974714923153198,0.002974714923153198,0.03520079325731284,0.00024789291026276647,0.010163609320773426,0.0,0.0004957858205255329,0.0,0.0007436787307882995,0.008924144769459593,0.0,0.012890431333663858,0.01611303916707982,0.0032226078334159644,1.0,0.7119484382746654,0.0,0.0032226078334159644,0.0034705007436787306,0.0039662865642042635,0.0004957858205255329,0.04189390183440753,0.011898859692612791,0.0017352503718393653,0.0004957858205255329,0.0,0.01685671789786812,0.0
SKACTIVEML_QBC_VOTE_ENTROPY,0.0,0.006445215666831929,0.0,0.0,0.0,0.0,0.02478929102627665,0.0,0.0,0.0,0.0,0.04561229548834903,0.0,0.0019831432821021317,0.0,0.0,0.0,0.0,0.0009915716410510659,0.0,0.009419930589985127,0.013634110064452157,0.0,0.7119484382746654,1.0,0.0,0.0,0.0,0.0,0.0,0.03594447198810114,0.009419930589985127,0.00024789291026276647,0.0,0.0,0.00842835894893406,0.0
SKACTIVEML_QUIRE,0.019335647000495785,0.05850272682201289,0.019335647000495785,0.019335647000495785,0.05751115518096182,0.058254833911750126,0.04462072384729797,0.03594447198810114,0.00024789291026276647,0.00024789291026276647,0.00024789291026276647,0.0,0.0,0.09370352007932573,0.019335647000495785,0.05552801189885969,0.019335647000495785,0.057263262270699056,0.07461576598909271,0.019335647000495785,0.020823004462072386,0.0,0.0004957858205255329,0.0,0.0,1.0,0.00024789291026276647,0.00024789291026276647,0.00024789291026276647,0.05651958353991076,0.06420426375805652,0.13212692117005453,0.05800694100148736,0.05701536936043629,0.05676747645017353,0.057263262270699056,0.019335647000495785
SKACTIVEML_US_ENTROPY,0.04784333168071393,0.10014873574615767,0.05850272682201289,0.040406544372830935,0.06048587010411502,0.059494298463063956,0.05924640555280119,0.0443728309370352,0.7806147744174516,0.7811105602379772,0.7818542389687655,0.0,0.0,0.3061477441745166,0.05453644025780863,0.07907783837382251,0.0473475458601884,0.07932573128408528,0.214427367377293,0.040406544372830935,0.08304412493802678,0.12196331184928111,0.8886960832920179,0.0032226078334159644,0.0,0.00024789291026276647,1.0,0.9196826970748636,0.9174516608824987,0.11179970252850768,0.2729300941993059,0.22905304908279622,0.27491323748140806,0.07015369360436291,0.06420426375805652,0.24566187407040158,0.040406544372830935
SKACTIVEML_US_LC,0.048834903321764996,0.09965294992563213,0.059494298463063956,0.04115022310361924,0.060981655924640554,0.059742191373326724,0.05850272682201289,0.0443728309370352,0.7764005949429846,0.7801189885969261,0.7796232027764006,0.0,0.0,0.30639563708477935,0.05552801189885969,0.07907783837382251,0.04833911750123947,0.07907783837382251,0.2151710461080813,0.04115022310361924,0.0842835894893406,0.11973227565691621,0.887456618740704,0.0034705007436787306,0.0,0.00024789291026276647,0.9196826970748636,1.0,0.9157164105106594,0.11155180961824492,0.2744174516608825,0.2322756569162122,0.27540902330193356,0.07015369360436291,0.06420426375805652,0.24590976698066436,0.04115022310361924
SKACTIVEML_US_MARGIN,0.047595438770451165,0.10039662865642042,0.05775904809122459,0.03991075855230541,0.059742191373326724,0.05850272682201289,0.059494298463063956,0.04462072384729797,0.7818542389687655,0.7833415964303421,0.7796232027764006,0.0,0.0,0.30540406544372833,0.05428854734754586,0.07783837382250867,0.04709965294992563,0.07808626673277144,0.2131879028259792,0.03991075855230541,0.08329201784828955,0.11849281110560238,0.8896876549330689,0.0039662865642042635,0.0,0.00024789291026276647,0.9174516608824987,0.9157164105106594,1.0,0.11105602379771938,0.27169062964799207,0.2330193356470005,0.27540902330193356,0.06941001487357462,0.06321269211700545,0.24590976698066436,0.03991075855230541
SMALLTEXT_BREAKINGTIES,0.5706494794248884,0.8671294000991572,0.5612295488349033,0.5832920178482895,0.8644025780862667,0.8663857213683689,0.1670798215171046,0.19583539910758552,0.20104115022310362,0.19905800694100148,0.20426375805651958,0.0,0.0,0.5176003966286564,0.5642042637580565,0.922409519087754,0.5708973723351513,0.9196826970748636,0.6606346058502727,0.5832920178482895,0.015369360436291522,0.0,0.11725334655428855,0.0004957858205255329,0.0,0.05651958353991076,0.11179970252850768,0.11155180961824492,0.11105602379771938,1.0,0.45463559742191373,0.4127416955875062,0.6822012890431334,0.9102627664848786,0.8943976202280615,0.6633614278631631,0.5832920178482895
SMALLTEXT_CONTRASTIVEAL,0.2055032226078334,0.4476945959345563,0.21417947446703026,0.19583539910758552,0.4040654437283094,0.40480912245909767,0.21492315319781854,0.24814080317302925,0.1906296479920674,0.19112543381259295,0.18765493306891423,0.013634110064452157,0.00024789291026276647,0.5664352999504214,0.21120475954387705,0.4481903817550818,0.20525532969757065,0.451165096678235,0.5575111551809618,0.19583539910758552,0.0842835894893406,0.03173029251363411,0.2704511650966782,0.04189390183440753,0.03594447198810114,0.06420426375805652,0.2729300941993059,0.2744174516608825,0.27169062964799207,0.45463559742191373,1.0,0.5500743678730788,0.6551809618244918,0.436291522062469,0.43009419930589987,0.6650966782350025,0.19583539910758552
SMALLTEXT_EMBEDDINGKMEANS,0.13956370847793753,0.39018344075359446,0.13956370847793753,0.13956370847793753,0.33143282102131877,0.330193356470005,0.2744174516608825,0.14452156668319285,0.18740704015865145,0.1893901834407536,0.18790282597917699,0.0,0.0,0.5617253346554288,0.13956370847793753,0.37927615270203274,0.13956370847793753,0.3810114030738721,0.5359444719881011,0.13956370847793753,0.05651958353991076,0.02330193356470005,0.23202776400594943,0.011898859692612791,0.009419930589985127,0.13212692117005453,0.22905304908279622,0.2322756569162122,0.2330193356470005,0.4127416955875062,0.5500743678730788,1.0,0.5431333663857214,0.3629152206246901,0.3512642538423401,0.5473475458601884,0.13956370847793753
SMALLTEXT_GREEDYCORESET,0.3663857213683689,0.6137828458106098,0.37580565195835397,0.35374318294496776,0.6281606346058503,0.6313832424392662,0.20451165096678234,0.21913733267228558,0.2997025285076847,0.2997025285076847,0.2997025285076847,0.0,0.0,0.6341100644521567,0.37258304412493803,0.68368864650471,0.3658899355478433,0.6817055032226078,0.7543381259295984,0.35374318294496776,0.037927615270203274,0.0,0.28309370352007934,0.0017352503718393653,0.00024789291026276647,0.05800694100148736,0.27491323748140806,0.27540902330193356,0.27540902330193356,0.6822012890431334,0.6551809618244918,0.5431333663857214,1.0,0.6616261774913238,0.658155676747645,0.7402082300446208,0.35374318294496776
SMALLTEXT_LEASTCONFIDENCE,0.6296479920674268,0.8393653941497273,0.6202280614774417,0.643282102131879,0.9258800198314329,0.927863163113535,0.15344571145265246,0.19583539910758552,0.16236985622211206,0.16236985622211206,0.16683192860684184,0.0,0.0,0.4608329201784829,0.623202776400595,0.9538919186911254,0.6303916707982151,0.9509172037679723,0.6769955379276152,0.643282102131879,0.011403073872087258,0.0,0.07858205255329698,0.0004957858205255329,0.0,0.05701536936043629,0.07015369360436291,0.07015369360436291,0.06941001487357462,0.9102627664848786,0.436291522062469,0.3629152206246901,0.6616261774913238,1.0,0.9410014873574616,0.6227069905800694,0.643282102131879
SMALLTEXT_LIGHTWEIGHTCORESET,0.645513138324244,0.8334159643034209,0.6360932077342588,0.6576598909271195,0.9241447694595935,0.92563212692117,0.14377788795240456,0.19533961328705998,0.15716410510659395,0.15716410510659395,0.161378284581061,0.0,0.0,0.4633118492811106,0.639067922657412,0.9295984134853743,0.6462568170550322,0.9268715914724839,0.6705503222607834,0.6576598909271195,0.01264253842340109,0.0,0.06965790778383739,0.0,0.0,0.05676747645017353,0.06420426375805652,0.06420426375805652,0.06321269211700545,0.8943976202280615,0.43009419930589987,0.3512642538423401,0.658155676747645,0.9410014873574616,1.0,0.619980168567179,0.6576598909271195
SMALLTEXT_PREDICTIONENTROPY,0.334407535944472,0.6812097174020822,0.3289538919186911,0.330193356470005,0.5780862667327714,0.5803173029251364,0.22830937035200793,0.19905800694100148,0.3036688150718889,0.30540406544372833,0.3061477441745166,0.001487357461576599,0.00024789291026276647,0.7010411502231036,0.3289538919186911,0.6373326722855727,0.3331680713931582,0.6373326722855727,0.673029251363411,0.330193356470005,0.02825979176995538,0.005949429846306396,0.24343083787803668,0.01685671789786812,0.00842835894893406,0.057263262270699056,0.24566187407040158,0.24590976698066436,0.24590976698066436,0.6633614278631631,0.6650966782350025,0.5473475458601884,0.7402082300446208,0.6227069905800694,0.619980168567179,1.0,0.330193356470005
SMALLTEXT_RANDOM,0.9848785324739713,0.5852751611303917,0.9754586018839861,1.0,0.6948438274665345,0.6970748636588994,0.04015865146256817,0.13559742191373328,0.12345066931085771,0.12320277640059495,0.12667327714427368,0.0,0.0,0.29053049082796234,0.9794248884481904,0.6236985622211205,0.9861179970252851,0.6207238472979673,0.42860684184432324,1.0,0.008180466038671294,0.0,0.0428854734754586,0.0,0.0,0.019335647000495785,0.040406544372830935,0.04115022310361924,0.03991075855230541,0.5832920178482895,0.19583539910758552,0.13956370847793753,0.35374318294496776,0.643282102131879,0.6576598909271195,0.330193356470005,1.0
