,ALIPY_CORESET_GREEDY,ALIPY_DENSITY_WEIGHTED,ALIPY_GRAPH_DENSITY,ALIPY_RANDOM,ALIPY_UNCERTAINTY_LC,ALIPY_UNCERTAINTY_MM,LIBACT_DWUS,LIBACT_QUIRE,LIBACT_UNCERTAINTY_ENT,LIBACT_UNCERTAINTY_LC,LIBACT_UNCERTAINTY_SM,OPTIMAL_GREEDY_10,OPTIMAL_GREEDY_20,PLAYGROUND_BANDIT,PLAYGROUND_GRAPH_DENSITY,PLAYGROUND_INFORMATIVE_DIVERSE,PLAYGROUND_KCENTER_GREEDY,PLAYGROUND_MARGIN,PLAYGROUND_MIXTURE,PLAYGROUND_UNIFORM,SKACTIVEML_COST_EMBEDDING,SKACTIVEML_DAL,SKACTIVEML_DWUS,SKACTIVEML_QBC,SKACTIVEML_QBC_VOTE_ENTROPY,SKACTIVEML_QUIRE,SKACTIVEML_US_ENTROPY,SKACTIVEML_US_LC,SKACTIVEML_US_MARGIN,SMALLTEXT_BREAKINGTIES,SMALLTEXT_CONTRASTIVEAL,SMALLTEXT_EMBEDDINGKMEANS,SMALLTEXT_GREEDYCORESET,SMALLTEXT_LEASTCONFIDENCE,SMALLTEXT_LIGHTWEIGHTCORESET,SMALLTEXT_PREDICTIONENTROPY,SMALLTEXT_RANDOM
ALIPY_CORESET_GREEDY,1.0,0.20228061477441744,0.10708973723351513,0.12543381259295985,0.14700049578582053,0.13435795736241943,0.06767476450173525,0.17030242935052056,0.12692117005453643,0.12741695587506197,0.11650966782350025,0.1427863163113535,0.12840852751611304,0.1420426375805652,0.10708973723351513,0.15245413981160139,0.9940505701536936,0.1375805651958354,0.14675260287555775,0.13138324243926625,0.14476945959345563,0.1338621715418939,0.10585027268220129,0.10808130887456618,0.13882002974714924,0.1628656420426376,0.1331184928111056,0.13138324243926625,0.12221120475954388,0.12171541893901834,0.11105602379771938,0.13882002974714924,0.19186911254338126,0.1353495290034705,0.13559742191373328,0.13857213683688646,0.12543381259295985
ALIPY_DENSITY_WEIGHTED,0.20228061477441744,1.0,0.08254833911750124,0.09890927119484383,0.1412989588497769,0.13138324243926625,0.08205255329697571,0.20426375805651958,0.12692117005453643,0.13063956370847793,0.12146752602875557,0.08998512642538424,0.09271194843827467,0.12964799206742686,0.08254833911750124,0.13857213683688646,0.20624690133862172,0.13039167079821518,0.12097174020823004,0.10981655924640556,0.12394645513138325,0.12221120475954388,0.11303916707982152,0.09717402082300446,0.11774913237481408,0.1849281110560238,0.13138324243926625,0.13634110064452157,0.12840852751611304,0.1294000991571641,0.11576598909271195,0.10684184432325236,0.146504709965295,0.14377788795240456,0.11477441745166088,0.14229053049082796,0.0984134853743183
ALIPY_GRAPH_DENSITY,0.10708973723351513,0.08254833911750124,1.0,0.14848785324739713,0.09196826970748637,0.10461080813088745,0.15567674764501735,0.06445215666831929,0.0954387704511651,0.0924640555280119,0.10089241447694595,0.1648487853247397,0.14923153197818542,0.11923648983639068,0.9995042141794744,0.12865642042637582,0.10882498760535449,0.11725334655428855,0.14452156668319285,0.17104610808130888,0.10733763014377788,0.14179474467030243,0.15865146256817056,0.12816063460585028,0.15146256817055032,0.08279623202776401,0.09444719881011403,0.0961824491819534,0.10163609320773426,0.1028755577590481,0.09122459097669806,0.16980664352999505,0.12692117005453643,0.09345562716906297,0.15964303420922163,0.09295984134853744,0.1479920674268716
ALIPY_RANDOM,0.12543381259295985,0.09890927119484383,0.14848785324739713,1.0,0.12171541893901834,0.11973227565691621,0.10163609320773426,0.0850272682201289,0.10783341596430342,0.10882498760535449,0.11328705999008429,0.19856222112047595,0.19360436291522062,0.13782845810609817,0.14848785324739713,0.14625681705503224,0.12741695587506197,0.1346058502726822,0.1626177491323748,0.1931085770946951,0.11179970252850768,0.1611303916707982,0.12592959841348536,0.12592959841348536,0.19410014873574616,0.09295984134853744,0.11378284581060982,0.11799702528507684,0.12171541893901834,0.10882498760535449,0.08899355478433317,0.18616757560733763,0.1331184928111056,0.11328705999008429,0.18170550322260784,0.10585027268220129,0.9982647496281606
ALIPY_UNCERTAINTY_LC,0.14700049578582053,0.1412989588497769,0.09196826970748637,0.12171541893901834,1.0,0.7473971244422409,0.08527516113039167,0.11204759543877045,0.1968269707486366,0.24541398116013882,0.1707982151710461,0.13262270699058007,0.12394645513138325,0.20451165096678234,0.09196826970748637,0.16013882002974714,0.15071888943976203,0.23549826474962815,0.19211700545364402,0.13956370847793753,0.15939514129895885,0.12890431333663857,0.11527020327218641,0.11403073872087258,0.12915220624690135,0.13708477937530986,0.21492315319781854,0.26227069905800693,0.1849281110560238,0.2513634110064452,0.09643034209221617,0.1279127416955875,0.124194348041646,0.3839861179970253,0.12221120475954388,0.2808626673277144,0.12072384729796728
ALIPY_UNCERTAINTY_MM,0.13435795736241943,0.13138324243926625,0.10461080813088745,0.11973227565691621,0.7473971244422409,1.0,0.08626673277144274,0.09791769955379276,0.16807139315815567,0.17476450173525038,0.24169558750619732,0.13981160138820029,0.1279127416955875,0.2211204759543877,0.10461080813088745,0.16212196331184928,0.1375805651958354,0.288795240456123,0.21938522558254833,0.14675260287555775,0.153941497273178,0.13063956370847793,0.11824491819533961,0.11427863163113534,0.1279127416955875,0.13039167079821518,0.17997025285076848,0.18542389687654934,0.2508676251859197,0.3787803668815072,0.09568666336142786,0.1279127416955875,0.12444224095190877,0.25260287555775907,0.12444224095190877,0.23574615765989093,0.11849281110560238
LIBACT_DWUS,0.06767476450173525,0.08205255329697571,0.15567674764501735,0.10163609320773426,0.08527516113039167,0.08626673277144274,1.0,0.0813088745661874,0.07585523054040655,0.07263262270699058,0.07858205255329698,0.07436787307882994,0.07089737233515121,0.09568666336142786,0.15567674764501735,0.08973723351512147,0.06965790778383739,0.0954387704511651,0.0909766980664353,0.10064452156668319,0.10758552305404065,0.08824987605354487,0.11155180961824492,0.1065939514129896,0.10634605850272683,0.08254833911750124,0.08006941001487357,0.0835399107585523,0.08378780366881507,0.0813088745661874,0.0909766980664353,0.11650966782350025,0.0946950917203768,0.07982151710461081,0.10510659395141299,0.07808626673277144,0.10089241447694595
LIBACT_QUIRE,0.17030242935052056,0.20426375805651958,0.06445215666831929,0.0850272682201289,0.11204759543877045,0.09791769955379276,0.0813088745661874,1.0,0.10535448686167576,0.10733763014377788,0.09643034209221617,0.07535944471988101,0.06916212196331185,0.10981655924640556,0.06445215666831929,0.10163609320773426,0.17253346554288548,0.10485870104115022,0.09816559246405553,0.10188398611799702,0.10956866633614279,0.08552305404065444,0.0946950917203768,0.090233019335647,0.0946950917203768,0.15245413981160139,0.10708973723351513,0.10956866633614279,0.0991571641051066,0.09295984134853744,0.10857709469509172,0.09717402082300446,0.13138324243926625,0.10485870104115022,0.0946950917203768,0.10436291522062469,0.08453148239960337
LIBACT_UNCERTAINTY_ENT,0.12692117005453643,0.12692117005453643,0.0954387704511651,0.10783341596430342,0.1968269707486366,0.16807139315815567,0.07585523054040655,0.10535448686167576,1.0,0.7895389191869112,0.7362419434804165,0.12270699058006941,0.11898859692612791,0.15344571145265246,0.0954387704511651,0.153941497273178,0.12964799206742686,0.15047099652949925,0.1375805651958354,0.124194348041646,0.1502231036192365,0.12840852751611304,0.11403073872087258,0.10089241447694595,0.11948438274665345,0.13411006445215667,0.24020823004462072,0.1901338621715419,0.16683192860684184,0.285572632622707,0.09221616261774913,0.11229548834903322,0.12518591968269707,0.3190381755081805,0.11774913237481408,0.3713435795736242,0.10758552305404065
LIBACT_UNCERTAINTY_LC,0.12741695587506197,0.13063956370847793,0.0924640555280119,0.10882498760535449,0.24541398116013882,0.17476450173525038,0.07263262270699058,0.10733763014377788,0.7895389191869112,1.0,0.7535944471988101,0.12171541893901834,0.1249380267724343,0.15716410510659395,0.0924640555280119,0.161378284581061,0.1301437778879524,0.1517104610808131,0.13584531482399603,0.11874070401586515,0.14724838869608328,0.12692117005453643,0.11477441745166088,0.10089241447694595,0.12171541893901834,0.12964799206742686,0.1968269707486366,0.24442240951908775,0.180466038671294,0.29821517104610806,0.0850272682201289,0.11353495290034706,0.12171541893901834,0.3713435795736242,0.11601388200297472,0.3180466038671294,0.10857709469509172
LIBACT_UNCERTAINTY_SM,0.11650966782350025,0.12146752602875557,0.10089241447694595,0.11328705999008429,0.1707982151710461,0.24169558750619732,0.07858205255329698,0.09643034209221617,0.7362419434804165,0.7535944471988101,1.0,0.12840852751611304,0.13039167079821518,0.15865146256817056,0.10089241447694595,0.16187407040158652,0.11874070401586515,0.15691621219633117,0.1450173525037184,0.13187902825979178,0.14600892414476946,0.13658899355478432,0.11725334655428855,0.10237977193852256,0.13063956370847793,0.12022806147744175,0.17104610808130888,0.17575607337630145,0.24070401586514625,0.3639067922657412,0.08824987605354487,0.11403073872087258,0.12196331184928111,0.2964799206742687,0.12320277640059495,0.28681209717402084,0.11303916707982152
OPTIMAL_GREEDY_10,0.1427863163113535,0.08998512642538424,0.1648487853247397,0.19856222112047595,0.13262270699058007,0.13981160138820029,0.07436787307882994,0.07535944471988101,0.12270699058006941,0.12171541893901834,0.12840852751611304,1.0,0.443728309370352,0.14179474467030243,0.1648487853247397,0.17055032226078334,0.1442736737729301,0.14105106593951414,0.19112543381259295,0.2300446207238473,0.10485870104115022,0.18616757560733763,0.11328705999008429,0.1405552801189886,0.21864154685176004,0.09419930589985126,0.13336638572136836,0.13113534952900346,0.13584531482399603,0.13361427863163114,0.08899355478433317,0.23648983639067922,0.13658899355478432,0.12865642042637582,0.20004957858205255,0.12394645513138325,0.1980664352999504
OPTIMAL_GREEDY_20,0.12840852751611304,0.09271194843827467,0.14923153197818542,0.19360436291522062,0.12394645513138325,0.1279127416955875,0.07089737233515121,0.06916212196331185,0.11898859692612791,0.1249380267724343,0.13039167079821518,0.443728309370352,1.0,0.14526524541398117,0.14923153197818542,0.1797223599405057,0.12915220624690135,0.13212692117005453,0.19211700545364402,0.2196331184928111,0.10981655924640556,0.18839861179970252,0.11080813088745661,0.13435795736241943,0.2094695091720377,0.08651462568170551,0.12270699058006941,0.13510163609320774,0.1360932077342588,0.12890431333663857,0.07858205255329698,0.23277144273673772,0.1264253842340109,0.1264253842340109,0.19707486365889937,0.12270699058006941,0.1931085770946951
PLAYGROUND_BANDIT,0.1420426375805652,0.12964799206742686,0.11923648983639068,0.13782845810609817,0.20451165096678234,0.2211204759543877,0.09568666336142786,0.10981655924640556,0.15344571145265246,0.15716410510659395,0.15865146256817056,0.14179474467030243,0.14526524541398117,1.0,0.11923648983639068,0.33490332176499754,0.14476945959345563,0.6038671294000991,0.3750619732275657,0.15518096182449181,0.2662369856222112,0.14724838869608328,0.13361427863163114,0.12097174020823004,0.13931581556767478,0.1591472483886961,0.1665840356965791,0.16584035696579078,0.16732771442736738,0.2129400099157164,0.09890927119484383,0.14526524541398117,0.12097174020823004,0.19558750619732276,0.14774417451660882,0.1938522558254834,0.1375805651958354
PLAYGROUND_GRAPH_DENSITY,0.10708973723351513,0.08254833911750124,0.9995042141794744,0.14848785324739713,0.09196826970748637,0.10461080813088745,0.15567674764501735,0.06445215666831929,0.0954387704511651,0.0924640555280119,0.10089241447694595,0.1648487853247397,0.14923153197818542,0.11923648983639068,1.0,0.12865642042637582,0.10882498760535449,0.11725334655428855,0.14452156668319285,0.17104610808130888,0.10733763014377788,0.14179474467030243,0.15865146256817056,0.12816063460585028,0.15146256817055032,0.08279623202776401,0.09444719881011403,0.0961824491819534,0.10163609320773426,0.1028755577590481,0.09122459097669806,0.16980664352999505,0.12692117005453643,0.09345562716906297,0.15964303420922163,0.09295984134853744,0.1479920674268716
PLAYGROUND_INFORMATIVE_DIVERSE,0.15245413981160139,0.13857213683688646,0.12865642042637582,0.14625681705503224,0.16013882002974714,0.16212196331184928,0.08973723351512147,0.10163609320773426,0.153941497273178,0.161378284581061,0.16187407040158652,0.17055032226078334,0.1797223599405057,0.33490332176499754,0.12865642042637582,1.0,0.1554288547347546,0.3331680713931582,0.3254833911750124,0.16013882002974714,0.1938522558254834,0.1517104610808131,0.13782845810609817,0.12221120475954388,0.1650966782350025,0.14600892414476946,0.15294992563212692,0.1591472483886961,0.15790778383738224,0.16236985622211206,0.1036192364898364,0.16088249876053545,0.13361427863163114,0.1626177491323748,0.14253842340109074,0.16162617749132374,0.14600892414476946
PLAYGROUND_KCENTER_GREEDY,0.9940505701536936,0.20624690133862172,0.10882498760535449,0.12741695587506197,0.15071888943976203,0.1375805651958354,0.06965790778383739,0.17253346554288548,0.12964799206742686,0.1301437778879524,0.11874070401586515,0.1442736737729301,0.12915220624690135,0.14476945959345563,0.10882498760535449,0.1554288547347546,1.0,0.1405552801189886,0.1494794248884482,0.13336638572136836,0.14774417451660882,0.13584531482399603,0.10808130887456618,0.10907288051561725,0.14154685176003967,0.16559246405552802,0.1368368864650471,0.1353495290034705,0.1256817055032226,0.124194348041646,0.11179970252850768,0.14030738720872582,0.19558750619732276,0.13782845810609817,0.1375805651958354,0.14105106593951414,0.12692117005453643
PLAYGROUND_MARGIN,0.1375805651958354,0.13039167079821518,0.11725334655428855,0.1346058502726822,0.23549826474962815,0.288795240456123,0.0954387704511651,0.10485870104115022,0.15047099652949925,0.1517104610808131,0.15691621219633117,0.14105106593951414,0.13212692117005453,0.6038671294000991,0.11725334655428855,0.3331680713931582,0.1405552801189886,1.0,0.4645513138324244,0.1442736737729301,0.25780862667327714,0.13658899355478432,0.12369856222112048,0.12345066931085771,0.13584531482399603,0.15270203272186417,0.16038671294000992,0.161378284581061,0.1611303916707982,0.288795240456123,0.10485870104115022,0.13237481408031732,0.11874070401586515,0.2315319781854239,0.13559742191373328,0.2255825483391175,0.13435795736241943
PLAYGROUND_MIXTURE,0.14675260287555775,0.12097174020823004,0.14452156668319285,0.1626177491323748,0.19211700545364402,0.21938522558254833,0.0909766980664353,0.09816559246405553,0.1375805651958354,0.13584531482399603,0.1450173525037184,0.19112543381259295,0.19211700545364402,0.3750619732275657,0.14452156668319285,0.3254833911750124,0.1494794248884482,0.4645513138324244,1.0,0.20897372335151215,0.18468021814576102,0.15666831928606842,0.11031234506693109,0.1301437778879524,0.1782350024789291,0.1338621715418939,0.13708477937530986,0.13882002974714924,0.1502231036192365,0.20525532969757065,0.0984134853743183,0.18145761031234506,0.12964799206742686,0.18220128904313337,0.16435299950421417,0.17426871591472484,0.16236985622211206
PLAYGROUND_UNIFORM,0.13138324243926625,0.10981655924640556,0.17104610808130888,0.1931085770946951,0.13956370847793753,0.14675260287555775,0.10064452156668319,0.10188398611799702,0.124194348041646,0.11874070401586515,0.13187902825979178,0.2300446207238473,0.2196331184928111,0.15518096182449181,0.17104610808130888,0.16013882002974714,0.13336638572136836,0.1442736737729301,0.20897372335151215,1.0,0.12692117005453643,0.17426871591472484,0.12072384729796728,0.14675260287555775,0.20401586514625683,0.10262766484878533,0.12345066931085771,0.1256817055032226,0.13287059990084282,0.13287059990084282,0.10485870104115022,0.21170054536440258,0.14253842340109074,0.1338621715418939,0.17575607337630145,0.13361427863163114,0.19286068418443233
SKACTIVEML_COST_EMBEDDING,0.14476945959345563,0.12394645513138325,0.10733763014377788,0.11179970252850768,0.15939514129895885,0.153941497273178,0.10758552305404065,0.10956866633614279,0.1502231036192365,0.14724838869608328,0.14600892414476946,0.10485870104115022,0.10981655924640556,0.2662369856222112,0.10733763014377788,0.1938522558254834,0.14774417451660882,0.25780862667327714,0.18468021814576102,0.12692117005453643,1.0,0.12989588497768964,0.11626177491323748,0.10758552305404065,0.124194348041646,0.17501239464551313,0.1499752107089737,0.1536936043629152,0.1442736737729301,0.14724838869608328,0.09717402082300446,0.13559742191373328,0.12369856222112048,0.15096678235002478,0.12047595438770452,0.1626177491323748,0.11130391670798215
SKACTIVEML_DAL,0.1338621715418939,0.12221120475954388,0.14179474467030243,0.1611303916707982,0.12890431333663857,0.13063956370847793,0.08824987605354487,0.08552305404065444,0.12840852751611304,0.12692117005453643,0.13658899355478432,0.18616757560733763,0.18839861179970252,0.14724838869608328,0.14179474467030243,0.1517104610808131,0.13584531482399603,0.13658899355478432,0.15666831928606842,0.17426871591472484,0.12989588497768964,1.0,0.13187902825979178,0.12667327714427368,0.16906296479920674,0.10882498760535449,0.1375805651958354,0.1368368864650471,0.1383242439266237,0.1338621715418939,0.09593455627169063,0.17426871591472484,0.146504709965295,0.13262270699058007,0.17402082300446206,0.13138324243926625,0.16063460585027267
SKACTIVEML_DWUS,0.10585027268220129,0.11303916707982152,0.15865146256817056,0.12592959841348536,0.11527020327218641,0.11824491819533961,0.11155180961824492,0.0946950917203768,0.11403073872087258,0.11477441745166088,0.11725334655428855,0.11328705999008429,0.11080813088745661,0.13361427863163114,0.15865146256817056,0.13782845810609817,0.10808130887456618,0.12369856222112048,0.11031234506693109,0.12072384729796728,0.11626177491323748,0.13187902825979178,1.0,0.10981655924640556,0.12245909766980664,0.1212196331184928,0.11179970252850768,0.11626177491323748,0.11725334655428855,0.12320277640059495,0.09147248388696083,0.1271690629647992,0.11849281110560238,0.11551809618244918,0.12097174020823004,0.11700545364402579,0.12592959841348536
SKACTIVEML_QBC,0.10808130887456618,0.09717402082300446,0.12816063460585028,0.12592959841348536,0.11403073872087258,0.11427863163113534,0.1065939514129896,0.090233019335647,0.10089241447694595,0.10089241447694595,0.10237977193852256,0.1405552801189886,0.13435795736241943,0.12097174020823004,0.12816063460585028,0.12221120475954388,0.10907288051561725,0.12345066931085771,0.1301437778879524,0.14675260287555775,0.10758552305404065,0.12667327714427368,0.10981655924640556,1.0,0.1628656420426376,0.10733763014377788,0.11080813088745661,0.11725334655428855,0.12196331184928111,0.10932077342588002,0.0991571641051066,0.13981160138820029,0.10758552305404065,0.11155180961824492,0.1331184928111056,0.10758552305404065,0.12518591968269707
SKACTIVEML_QBC_VOTE_ENTROPY,0.13882002974714924,0.11774913237481408,0.15146256817055032,0.19410014873574616,0.12915220624690135,0.1279127416955875,0.10634605850272683,0.0946950917203768,0.11948438274665345,0.12171541893901834,0.13063956370847793,0.21864154685176004,0.2094695091720377,0.13931581556767478,0.15146256817055032,0.1650966782350025,0.14154685176003967,0.13584531482399603,0.1782350024789291,0.20401586514625683,0.124194348041646,0.16906296479920674,0.12245909766980664,0.1628656420426376,1.0,0.10956866633614279,0.12915220624690135,0.12741695587506197,0.13559742191373328,0.12270699058006941,0.0999008428358949,0.1923648983639068,0.1502231036192365,0.12047595438770452,0.1906296479920674,0.11998016856717898,0.19335647000495787
SKACTIVEML_QUIRE,0.1628656420426376,0.1849281110560238,0.08279623202776401,0.09295984134853744,0.13708477937530986,0.13039167079821518,0.08254833911750124,0.15245413981160139,0.13411006445215667,0.12964799206742686,0.12022806147744175,0.09419930589985126,0.08651462568170551,0.1591472483886961,0.08279623202776401,0.14600892414476946,0.16559246405552802,0.15270203272186417,0.1338621715418939,0.10262766484878533,0.17501239464551313,0.10882498760535449,0.1212196331184928,0.10733763014377788,0.10956866633614279,1.0,0.13956370847793753,0.13882002974714924,0.13039167079821518,0.12270699058006941,0.10262766484878533,0.10337134357957363,0.13634110064452157,0.13262270699058007,0.11031234506693109,0.1368368864650471,0.09221616261774913
SKACTIVEML_US_ENTROPY,0.1331184928111056,0.13138324243926625,0.09444719881011403,0.11378284581060982,0.21492315319781854,0.17997025285076848,0.08006941001487357,0.10708973723351513,0.24020823004462072,0.1968269707486366,0.17104610808130888,0.13336638572136836,0.12270699058006941,0.1665840356965791,0.09444719881011403,0.15294992563212692,0.1368368864650471,0.16038671294000992,0.13708477937530986,0.12345066931085771,0.1499752107089737,0.1375805651958354,0.11179970252850768,0.11080813088745661,0.12915220624690135,0.13956370847793753,1.0,0.7850768468021815,0.7476450173525038,0.1760039662865642,0.08230044620723848,0.11998016856717898,0.12518591968269707,0.20996529499256322,0.11774913237481408,0.25359444719881014,0.11353495290034706
SKACTIVEML_US_LC,0.13138324243926625,0.13634110064452157,0.0961824491819534,0.11799702528507684,0.26227069905800693,0.18542389687654934,0.0835399107585523,0.10956866633614279,0.1901338621715419,0.24442240951908775,0.17575607337630145,0.13113534952900346,0.13510163609320774,0.16584035696579078,0.0961824491819534,0.1591472483886961,0.1353495290034705,0.161378284581061,0.13882002974714924,0.1256817055032226,0.1536936043629152,0.1368368864650471,0.11626177491323748,0.11725334655428855,0.12741695587506197,0.13882002974714924,0.7850768468021815,1.0,0.7578086266732772,0.18220128904313337,0.08477937530986614,0.11923648983639068,0.12518591968269707,0.2555775904809122,0.12072384729796728,0.20277640059494298,0.11774913237481408
SKACTIVEML_US_MARGIN,0.12221120475954388,0.12840852751611304,0.10163609320773426,0.12171541893901834,0.1849281110560238,0.2508676251859197,0.08378780366881507,0.0991571641051066,0.16683192860684184,0.180466038671294,0.24070401586514625,0.13584531482399603,0.1360932077342588,0.16732771442736738,0.10163609320773426,0.15790778383738224,0.1256817055032226,0.1611303916707982,0.1502231036192365,0.13287059990084282,0.1442736737729301,0.1383242439266237,0.11725334655428855,0.12196331184928111,0.13559742191373328,0.13039167079821518,0.7476450173525038,0.7578086266732772,1.0,0.2449181953396133,0.08180466038671294,0.12592959841348536,0.12072384729796728,0.17997025285076848,0.12692117005453643,0.17649975210708974,0.12146752602875557
SMALLTEXT_BREAKINGTIES,0.12171541893901834,0.1294000991571641,0.1028755577590481,0.10882498760535449,0.2513634110064452,0.3787803668815072,0.0813088745661874,0.09295984134853744,0.285572632622707,0.29821517104610806,0.3639067922657412,0.13361427863163114,0.12890431333663857,0.2129400099157164,0.1028755577590481,0.16236985622211206,0.124194348041646,0.288795240456123,0.20525532969757065,0.13287059990084282,0.14724838869608328,0.1338621715418939,0.12320277640059495,0.10932077342588002,0.12270699058006941,0.12270699058006941,0.1760039662865642,0.18220128904313337,0.2449181953396133,1.0,0.08552305404065444,0.11998016856717898,0.12245909766980664,0.7483886960832921,0.1271690629647992,0.7330193356470005,0.10857709469509172
SMALLTEXT_CONTRASTIVEAL,0.11105602379771938,0.11576598909271195,0.09122459097669806,0.08899355478433317,0.09643034209221617,0.09568666336142786,0.0909766980664353,0.10857709469509172,0.09221616261774913,0.0850272682201289,0.08824987605354487,0.08899355478433317,0.07858205255329698,0.09890927119484383,0.09122459097669806,0.1036192364898364,0.11179970252850768,0.10485870104115022,0.0984134853743183,0.10485870104115022,0.09717402082300446,0.09593455627169063,0.09147248388696083,0.0991571641051066,0.0999008428358949,0.10262766484878533,0.08230044620723848,0.08477937530986614,0.08180466038671294,0.08552305404065444,1.0,0.09370352007932573,0.12964799206742686,0.08750619732275657,0.10535448686167576,0.0872583044124938,0.0887456618740704
SMALLTEXT_EMBEDDINGKMEANS,0.13882002974714924,0.10684184432325236,0.16980664352999505,0.18616757560733763,0.1279127416955875,0.1279127416955875,0.11650966782350025,0.09717402082300446,0.11229548834903322,0.11353495290034706,0.11403073872087258,0.23648983639067922,0.23277144273673772,0.14526524541398117,0.16980664352999505,0.16088249876053545,0.14030738720872582,0.13237481408031732,0.18145761031234506,0.21170054536440258,0.13559742191373328,0.17426871591472484,0.1271690629647992,0.13981160138820029,0.1923648983639068,0.10337134357957363,0.11998016856717898,0.11923648983639068,0.12592959841348536,0.11998016856717898,0.09370352007932573,1.0,0.13559742191373328,0.11874070401586515,0.19261279127416955,0.11824491819533961,0.1856717897868121
SMALLTEXT_GREEDYCORESET,0.19186911254338126,0.146504709965295,0.12692117005453643,0.1331184928111056,0.124194348041646,0.12444224095190877,0.0946950917203768,0.13138324243926625,0.12518591968269707,0.12171541893901834,0.12196331184928111,0.13658899355478432,0.1264253842340109,0.12097174020823004,0.12692117005453643,0.13361427863163114,0.19558750619732276,0.11874070401586515,0.12964799206742686,0.14253842340109074,0.12369856222112048,0.146504709965295,0.11849281110560238,0.10758552305404065,0.1502231036192365,0.13634110064452157,0.12518591968269707,0.12518591968269707,0.12072384729796728,0.12245909766980664,0.12964799206742686,0.13559742191373328,1.0,0.12221120475954388,0.1420426375805652,0.12692117005453643,0.13262270699058007
SMALLTEXT_LEASTCONFIDENCE,0.1353495290034705,0.14377788795240456,0.09345562716906297,0.11328705999008429,0.3839861179970253,0.25260287555775907,0.07982151710461081,0.10485870104115022,0.3190381755081805,0.3713435795736242,0.2964799206742687,0.12865642042637582,0.1264253842340109,0.19558750619732276,0.09345562716906297,0.1626177491323748,0.13782845810609817,0.2315319781854239,0.18220128904313337,0.1338621715418939,0.15096678235002478,0.13262270699058007,0.11551809618244918,0.11155180961824492,0.12047595438770452,0.13262270699058007,0.20996529499256322,0.2555775904809122,0.17997025285076848,0.7483886960832921,0.08750619732275657,0.11874070401586515,0.12221120475954388,1.0,0.1256817055032226,0.7845810609816559,0.11353495290034706
SMALLTEXT_LIGHTWEIGHTCORESET,0.13559742191373328,0.11477441745166088,0.15964303420922163,0.18170550322260784,0.12221120475954388,0.12444224095190877,0.10510659395141299,0.0946950917203768,0.11774913237481408,0.11601388200297472,0.12320277640059495,0.20004957858205255,0.19707486365889937,0.14774417451660882,0.15964303420922163,0.14253842340109074,0.1375805651958354,0.13559742191373328,0.16435299950421417,0.17575607337630145,0.12047595438770452,0.17402082300446206,0.12097174020823004,0.1331184928111056,0.1906296479920674,0.11031234506693109,0.11774913237481408,0.12072384729796728,0.12692117005453643,0.1271690629647992,0.10535448686167576,0.19261279127416955,0.1420426375805652,0.1256817055032226,1.0,0.12816063460585028,0.18220128904313337
SMALLTEXT_PREDICTIONENTROPY,0.13857213683688646,0.14229053049082796,0.09295984134853744,0.10585027268220129,0.2808626673277144,0.23574615765989093,0.07808626673277144,0.10436291522062469,0.3713435795736242,0.3180466038671294,0.28681209717402084,0.12394645513138325,0.12270699058006941,0.1938522558254834,0.09295984134853744,0.16162617749132374,0.14105106593951414,0.2255825483391175,0.17426871591472484,0.13361427863163114,0.1626177491323748,0.13138324243926625,0.11700545364402579,0.10758552305404065,0.11998016856717898,0.1368368864650471,0.25359444719881014,0.20277640059494298,0.17649975210708974,0.7330193356470005,0.0872583044124938,0.11824491819533961,0.12692117005453643,0.7845810609816559,0.12816063460585028,1.0,0.10609816559246406
SMALLTEXT_RANDOM,0.12543381259295985,0.0984134853743183,0.1479920674268716,0.9982647496281606,0.12072384729796728,0.11849281110560238,0.10089241447694595,0.08453148239960337,0.10758552305404065,0.10857709469509172,0.11303916707982152,0.1980664352999504,0.1931085770946951,0.1375805651958354,0.1479920674268716,0.14600892414476946,0.12692117005453643,0.13435795736241943,0.16236985622211206,0.19286068418443233,0.11130391670798215,0.16063460585027267,0.12592959841348536,0.12518591968269707,0.19335647000495787,0.09221616261774913,0.11353495290034706,0.11774913237481408,0.12146752602875557,0.10857709469509172,0.0887456618740704,0.1856717897868121,0.13262270699058007,0.11353495290034706,0.18220128904313337,0.10609816559246406,1.0
