,ALIPY_CORESET_GREEDY,ALIPY_DENSITY_WEIGHTED,ALIPY_GRAPH_DENSITY,ALIPY_RANDOM,ALIPY_UNCERTAINTY_LC,ALIPY_UNCERTAINTY_MM,LIBACT_DWUS,LIBACT_QUIRE,LIBACT_UNCERTAINTY_ENT,LIBACT_UNCERTAINTY_LC,LIBACT_UNCERTAINTY_SM,OPTIMAL_GREEDY_10,OPTIMAL_GREEDY_20,PLAYGROUND_BANDIT,PLAYGROUND_GRAPH_DENSITY,PLAYGROUND_INFORMATIVE_DIVERSE,PLAYGROUND_KCENTER_GREEDY,PLAYGROUND_MARGIN,PLAYGROUND_MIXTURE,PLAYGROUND_UNIFORM,SKACTIVEML_COST_EMBEDDING,SKACTIVEML_DAL,SKACTIVEML_DWUS,SKACTIVEML_QBC,SKACTIVEML_QBC_VOTE_ENTROPY,SKACTIVEML_QUIRE,SKACTIVEML_US_ENTROPY,SKACTIVEML_US_LC,SKACTIVEML_US_MARGIN,SMALLTEXT_BREAKINGTIES,SMALLTEXT_CONTRASTIVEAL,SMALLTEXT_EMBEDDINGKMEANS,SMALLTEXT_GREEDYCORESET,SMALLTEXT_LEASTCONFIDENCE,SMALLTEXT_LIGHTWEIGHTCORESET,SMALLTEXT_PREDICTIONENTROPY,SMALLTEXT_RANDOM
ALIPY_CORESET_GREEDY,1.0,0.12543381259295985,0.06544372830937036,0.11849281110560238,0.053792761527020325,0.053544868616757564,0.1499752107089737,0.1420426375805652,0.05404065443728309,0.0480912245909767,0.051313832424392664,0.15840356965790778,0.15964303420922163,0.11229548834903322,0.06544372830937036,0.1420426375805652,0.9801685671789787,0.090233019335647,0.13039167079821518,0.15220624690133863,0.11204759543877045,0.15790778383738224,0.12543381259295985,0.13931581556767478,0.15592464055528013,0.12221120475954388,0.04833911750123947,0.04709965294992563,0.0466038671294001,0.04238968765493307,0.1294000991571641,0.16683192860684184,0.18220128904313337,0.0451165096678235,0.15344571145265246,0.04462072384729797,0.11849281110560238
ALIPY_DENSITY_WEIGHTED,0.12543381259295985,1.0,0.10064452156668319,0.11105602379771938,0.08601883986117997,0.08006941001487357,0.20004957858205255,0.20252850768468023,0.07263262270699058,0.07238472979672782,0.07015369360436291,0.16807139315815567,0.17997025285076848,0.1271690629647992,0.10064452156668319,0.14328210213187903,0.12543381259295985,0.10708973723351513,0.11898859692612791,0.17625185919682698,0.15790778383738224,0.17278135845314824,0.19484382746653445,0.1789786812097174,0.18170550322260784,0.18096182449181952,0.06817055032226078,0.06941001487357462,0.06593951412989589,0.06370847793753098,0.18963807635101637,0.18096182449181952,0.18988596926127913,0.06941001487357462,0.16831928606841845,0.07188894397620228,0.11105602379771938
ALIPY_GRAPH_DENSITY,0.06544372830937036,0.10064452156668319,1.0,0.05528011898859692,0.05007436787307883,0.052553296975706494,0.11229548834903322,0.11527020327218641,0.0458601883986118,0.0466038671294001,0.05304908279623203,0.09568666336142786,0.0991571641051066,0.07585523054040655,0.9801685671789787,0.07486365889935548,0.06544372830937036,0.052553296975706494,0.06321269211700545,0.09742191373326722,0.0917203767972236,0.09742191373326722,0.11179970252850768,0.11279127416955875,0.10089241447694595,0.09866137828458106,0.048834903321764996,0.044124938026772434,0.04561229548834903,0.03668815071888944,0.1065939514129896,0.10783341596430342,0.10708973723351513,0.0421417947446703,0.10114030738720872,0.0406544372830937,0.05528011898859692
ALIPY_RANDOM,0.11849281110560238,0.11105602379771938,0.05528011898859692,1.0,0.058750619732275654,0.06271690629647993,0.14749628160634606,0.12766484878532475,0.05205751115518096,0.04709965294992563,0.0473475458601884,0.17873078829945463,0.18393653941497273,0.12667327714427368,0.05528011898859692,0.1450173525037184,0.11849281110560238,0.09295984134853744,0.14898363906792267,0.17625185919682698,0.10857709469509172,0.17253346554288548,0.13361427863163114,0.15071888943976203,0.17402082300446206,0.11527020327218641,0.045364402578086264,0.0458601883986118,0.051065939514129896,0.0451165096678235,0.12964799206742686,0.1797223599405057,0.1494794248884482,0.0428854734754586,0.17302925136341102,0.0421417947446703,0.9801685671789787
ALIPY_UNCERTAINTY_LC,0.053792761527020325,0.08601883986117997,0.05007436787307883,0.058750619732275654,1.0,0.7394645513138324,0.0969261279127417,0.09717402082300446,0.08899355478433317,0.09419930589985126,0.08031730292513634,0.0954387704511651,0.09444719881011403,0.10039662865642042,0.06990580069410014,0.09122459097669806,0.07362419434804164,0.14253842340109074,0.0917203767972236,0.10188398611799702,0.10114030738720872,0.0946950917203768,0.10138820029747149,0.10634605850272683,0.0984134853743183,0.11427863163113534,0.0842835894893406,0.0984134853743183,0.08601883986117997,0.13336638572136836,0.10188398611799702,0.09717402082300446,0.10064452156668319,0.21566683192860683,0.10312345066931086,0.1368368864650471,0.07858205255329698
ALIPY_UNCERTAINTY_MM,0.053544868616757564,0.08006941001487357,0.052553296975706494,0.06271690629647993,0.7394645513138324,1.0,0.09295984134853744,0.09742191373326722,0.08180466038671294,0.08824987605354487,0.0969261279127417,0.0991571641051066,0.0991571641051066,0.10386712940009915,0.07238472979672782,0.09395141298958849,0.07337630143777887,0.18244918195339613,0.10585027268220129,0.10138820029747149,0.10089241447694595,0.09295984134853744,0.10114030738720872,0.10832920178482895,0.10535448686167576,0.10907288051561725,0.08403569657907783,0.08205255329697571,0.09122459097669806,0.2129400099157164,0.10312345066931086,0.10262766484878533,0.10064452156668319,0.13931581556767478,0.0984134853743183,0.13733267228557264,0.08254833911750124
LIBACT_DWUS,0.1499752107089737,0.20004957858205255,0.11229548834903322,0.14749628160634606,0.0969261279127417,0.09295984134853744,1.0,0.2949925632126921,0.08775409023301933,0.08304412493802678,0.0894893406048587,0.2736737729300942,0.2729300941993059,0.1960832920178483,0.13212692117005453,0.22136836886465047,0.16980664352999505,0.13708477937530986,0.1797223599405057,0.26574119980168565,0.20079325731284084,0.2602875557759048,0.2580565195835399,0.2597917699553793,0.26003966286564206,0.21095686663361427,0.0813088745661874,0.08701041150223103,0.08453148239960337,0.07982151710461081,0.2550818046603867,0.3039167079821517,0.2746653445711453,0.07734258800198314,0.2709469509172038,0.08453148239960337,0.16732771442736738
LIBACT_QUIRE,0.1420426375805652,0.20252850768468023,0.11527020327218641,0.12766484878532475,0.09717402082300446,0.09742191373326722,0.2949925632126921,1.0,0.09221616261774913,0.09667823500247893,0.0991571641051066,0.2669806643529995,0.2672285572632623,0.1980664352999504,0.13510163609320774,0.22508676251859197,0.16187407040158652,0.13956370847793753,0.17278135845314824,0.26896380763510164,0.1812097174020823,0.26375805651958356,0.2588001983143282,0.26450173525037185,0.26499752107089736,0.22583044124938026,0.09295984134853744,0.09072880515617253,0.08973723351512147,0.0835399107585523,0.2702032721864155,0.2967278135845315,0.28805156172533464,0.08031730292513634,0.26797223599405057,0.0835399107585523,0.14749628160634606
LIBACT_UNCERTAINTY_ENT,0.05404065443728309,0.07263262270699058,0.0458601883986118,0.05205751115518096,0.08899355478433317,0.08180466038671294,0.08775409023301933,0.09221616261774913,1.0,0.7498760535448686,0.7399603371343579,0.0909766980664353,0.09048091224590976,0.08254833911750124,0.06569162121963312,0.0872583044124938,0.07387208725830441,0.07808626673277144,0.07957362419434805,0.09295984134853744,0.08378780366881507,0.08998512642538424,0.09196826970748637,0.08701041150223103,0.090233019335647,0.08924144769459594,0.0932077342588002,0.0924640555280119,0.09295984134853744,0.07734258800198314,0.09667823500247893,0.0954387704511651,0.0909766980664353,0.08378780366881507,0.08651462568170551,0.10262766484878533,0.07188894397620228
LIBACT_UNCERTAINTY_LC,0.0480912245909767,0.07238472979672782,0.0466038671294001,0.04709965294992563,0.09419930589985126,0.08824987605354487,0.08304412493802678,0.09667823500247893,0.7498760535448686,1.0,0.7471492315319782,0.08601883986117997,0.0850272682201289,0.07833415964303421,0.06643529995042141,0.07907783837382251,0.06792265741199802,0.08155676747645017,0.07188894397620228,0.08155676747645017,0.08279623202776401,0.08006941001487357,0.08899355478433317,0.08601883986117997,0.07982151710461081,0.090233019335647,0.0924640555280119,0.0984134853743183,0.08973723351512147,0.090233019335647,0.08527516113039167,0.0835399107585523,0.08601883986117997,0.09196826970748637,0.08254833911750124,0.0984134853743183,0.06693108577094695
LIBACT_UNCERTAINTY_SM,0.051313832424392664,0.07015369360436291,0.05304908279623203,0.0473475458601884,0.08031730292513634,0.0969261279127417,0.0894893406048587,0.0991571641051066,0.7399603371343579,0.7471492315319782,1.0,0.08824987605354487,0.09122459097669806,0.0835399107585523,0.07288051561725335,0.08552305404065444,0.07114526524541398,0.08304412493802678,0.07436787307882994,0.0872583044124938,0.0835399107585523,0.08626673277144274,0.09196826970748637,0.09295984134853744,0.08453148239960337,0.09295984134853744,0.08924144769459594,0.09048091224590976,0.09593455627169063,0.0880019831432821,0.09221616261774913,0.08775409023301933,0.09271194843827467,0.0857709469509172,0.09122459097669806,0.08899355478433317,0.06717897868120971
OPTIMAL_GREEDY_10,0.15840356965790778,0.16807139315815567,0.09568666336142786,0.17873078829945463,0.0954387704511651,0.0991571641051066,0.2736737729300942,0.2669806643529995,0.0909766980664353,0.08601883986117997,0.08824987605354487,1.0,0.319533961328706,0.19360436291522062,0.11551809618244918,0.23847297967278136,0.1782350024789291,0.13782845810609817,0.21492315319781854,0.3106098165592464,0.19112543381259295,0.2699553792761527,0.21988101140307387,0.2702032721864155,0.3031730292513634,0.20426375805651958,0.08601883986117997,0.08626673277144274,0.09196826970748637,0.07783837382250867,0.23574615765989093,0.32721864154685176,0.2699553792761527,0.07659890927119484,0.28582052553296977,0.08205255329697571,0.19856222112047595
OPTIMAL_GREEDY_20,0.15964303420922163,0.17997025285076848,0.0991571641051066,0.18393653941497273,0.09444719881011403,0.0991571641051066,0.2729300941993059,0.2672285572632623,0.09048091224590976,0.0850272682201289,0.09122459097669806,0.319533961328706,1.0,0.19509172037679723,0.11898859692612791,0.2389687654933069,0.17947446703024295,0.14749628160634606,0.20599900842835894,0.29771938522558256,0.1901338621715419,0.28433316807139314,0.23252354982647497,0.2555775904809122,0.29176995537927614,0.19657907783837383,0.08205255329697571,0.0842835894893406,0.0924640555280119,0.07387208725830441,0.2337630143777888,0.33093703520079326,0.2704511650966782,0.07585523054040655,0.2845810609816559,0.07982151710461081,0.20376797223599405
PLAYGROUND_BANDIT,0.11229548834903322,0.1271690629647992,0.07585523054040655,0.12667327714427368,0.10039662865642042,0.10386712940009915,0.1960832920178483,0.1980664352999504,0.08254833911750124,0.07833415964303421,0.0835399107585523,0.19360436291522062,0.19509172037679723,1.0,0.09568666336142786,0.3366385721368369,0.13212692117005453,0.3329201784828954,0.3145761031234507,0.20054536440257809,0.16162617749132374,0.19335647000495787,0.17129400099157163,0.1826970748636589,0.19360436291522062,0.16931085770946952,0.07635101636093208,0.07932573128408528,0.08006941001487357,0.08106098165592464,0.18839861179970252,0.20996529499256322,0.19335647000495787,0.08006941001487357,0.20054536440257809,0.0768468021814576,0.146504709965295
PLAYGROUND_GRAPH_DENSITY,0.06544372830937036,0.10064452156668319,0.9801685671789787,0.05528011898859692,0.06990580069410014,0.07238472979672782,0.13212692117005453,0.13510163609320774,0.06569162121963312,0.06643529995042141,0.07288051561725335,0.11551809618244918,0.11898859692612791,0.09568666336142786,1.0,0.0946950917203768,0.08527516113039167,0.07238472979672782,0.08304412493802678,0.11725334655428855,0.11155180961824492,0.11725334655428855,0.131631135349529,0.13262270699058007,0.12072384729796728,0.11849281110560238,0.06866633614278632,0.06395637084779375,0.06544372830937036,0.05651958353991076,0.1264253842340109,0.12766484878532475,0.12692117005453643,0.061973227565691624,0.12097174020823004,0.06048587010411502,0.07511155180961825
PLAYGROUND_INFORMATIVE_DIVERSE,0.1420426375805652,0.14328210213187903,0.07486365889935548,0.1450173525037184,0.09122459097669806,0.09395141298958849,0.22136836886465047,0.22508676251859197,0.0872583044124938,0.07907783837382251,0.08552305404065444,0.23847297967278136,0.2389687654933069,0.3366385721368369,0.0946950917203768,1.0,0.16187407040158652,0.27987109568666335,0.33143282102131877,0.24392662369856222,0.15840356965790778,0.23549826474962815,0.18145761031234506,0.2211204759543877,0.23401090728805157,0.1834407535944472,0.0768468021814576,0.07982151710461081,0.08329201784828955,0.08254833911750124,0.1980664352999504,0.2654933068914229,0.22756569162121965,0.07932573128408528,0.22731779871095686,0.08180466038671294,0.1648487853247397
PLAYGROUND_KCENTER_GREEDY,0.9801685671789787,0.12543381259295985,0.06544372830937036,0.11849281110560238,0.07362419434804164,0.07337630143777887,0.16980664352999505,0.16187407040158652,0.07387208725830441,0.06792265741199802,0.07114526524541398,0.1782350024789291,0.17947446703024295,0.13212692117005453,0.08527516113039167,0.16187407040158652,1.0,0.11006445215666832,0.1502231036192365,0.17203767972235995,0.13187902825979178,0.17773921665840356,0.14526524541398117,0.1591472483886961,0.17575607337630145,0.1420426375805652,0.06817055032226078,0.06693108577094695,0.06643529995042141,0.062221120475954385,0.14923153197818542,0.18666336142786316,0.2020327218641547,0.06494794248884482,0.17327714427367377,0.06445215666831929,0.1383242439266237
PLAYGROUND_MARGIN,0.090233019335647,0.10708973723351513,0.052553296975706494,0.09295984134853744,0.14253842340109074,0.18244918195339613,0.13708477937530986,0.13956370847793753,0.07808626673277144,0.08155676747645017,0.08304412493802678,0.13782845810609817,0.14749628160634606,0.3329201784828954,0.07238472979672782,0.27987109568666335,0.11006445215666832,1.0,0.4258800198314328,0.13708477937530986,0.12518591968269707,0.1383242439266237,0.12816063460585028,0.13237481408031732,0.14452156668319285,0.1383242439266237,0.07635101636093208,0.07659890927119484,0.07436787307882994,0.17302925136341102,0.12592959841348536,0.14452156668319285,0.13435795736241943,0.1256817055032226,0.14303420922161625,0.12295488349033218,0.11279127416955875
PLAYGROUND_MIXTURE,0.13039167079821518,0.11898859692612791,0.06321269211700545,0.14898363906792267,0.0917203767972236,0.10585027268220129,0.1797223599405057,0.17278135845314824,0.07957362419434805,0.07188894397620228,0.07436787307882994,0.21492315319781854,0.20599900842835894,0.3145761031234507,0.08304412493802678,0.33143282102131877,0.1502231036192365,0.4258800198314328,1.0,0.21690629647992068,0.14526524541398117,0.19930589985126426,0.16584035696579078,0.18542389687654934,0.2114526524541398,0.1554288547347546,0.07288051561725335,0.07288051561725335,0.08081308874566187,0.10114030738720872,0.1648487853247397,0.22682201289043133,0.19112543381259295,0.08477937530986614,0.2020327218641547,0.0857709469509172,0.16881507188894398
PLAYGROUND_UNIFORM,0.15220624690133863,0.17625185919682698,0.09742191373326722,0.17625185919682698,0.10188398611799702,0.10138820029747149,0.26574119980168565,0.26896380763510164,0.09295984134853744,0.08155676747645017,0.0872583044124938,0.3106098165592464,0.29771938522558256,0.20054536440257809,0.11725334655428855,0.24392662369856222,0.17203767972235995,0.13708477937530986,0.21690629647992068,1.0,0.1968269707486366,0.28755577590480913,0.23177987109568665,0.2555775904809122,0.297223599405057,0.20525532969757065,0.08453148239960337,0.08775409023301933,0.09147248388696083,0.07635101636093208,0.23128408527516114,0.334407535944472,0.2818542389687655,0.07511155180961825,0.28805156172533464,0.08180466038671294,0.1960832920178483
SKACTIVEML_COST_EMBEDDING,0.11204759543877045,0.15790778383738224,0.0917203767972236,0.10857709469509172,0.10114030738720872,0.10089241447694595,0.20079325731284084,0.1812097174020823,0.08378780366881507,0.08279623202776401,0.0835399107585523,0.19112543381259295,0.1901338621715419,0.16162617749132374,0.11155180961824492,0.15840356965790778,0.13187902825979178,0.12518591968269707,0.14526524541398117,0.1968269707486366,1.0,0.19484382746653445,0.1849281110560238,0.19211700545364402,0.1938522558254834,0.18021814576103123,0.08924144769459594,0.08180466038671294,0.08254833911750124,0.07436787307882994,0.18790282597917699,0.18616757560733763,0.19162121963311848,0.07635101636093208,0.1906296479920674,0.08329201784828955,0.12840852751611304
SKACTIVEML_DAL,0.15790778383738224,0.17278135845314824,0.09742191373326722,0.17253346554288548,0.0946950917203768,0.09295984134853744,0.2602875557759048,0.26375805651958356,0.08998512642538424,0.08006941001487357,0.08626673277144274,0.2699553792761527,0.28433316807139314,0.19335647000495787,0.11725334655428855,0.23549826474962815,0.17773921665840356,0.1383242439266237,0.19930589985126426,0.28755577590480913,0.19484382746653445,1.0,0.22533465542885472,0.26524541398116014,0.29028259791769956,0.20674268715914726,0.08973723351512147,0.0872583044124938,0.09221616261774913,0.08106098165592464,0.24739712444224096,0.31928606841844326,0.26450173525037185,0.07560733763014378,0.2672285572632623,0.08279623202776401,0.1923648983639068
SKACTIVEML_DWUS,0.12543381259295985,0.19484382746653445,0.11179970252850768,0.13361427863163114,0.10138820029747149,0.10114030738720872,0.2580565195835399,0.2588001983143282,0.09196826970748637,0.08899355478433317,0.09196826970748637,0.21988101140307387,0.23252354982647497,0.17129400099157163,0.131631135349529,0.18145761031234506,0.14526524541398117,0.12816063460585028,0.16584035696579078,0.23177987109568665,0.1849281110560238,0.22533465542885472,1.0,0.23971244422409518,0.23599405057015369,0.19484382746653445,0.08527516113039167,0.08651462568170551,0.08775409023301933,0.08081308874566187,0.2270699058006941,0.25855230540406543,0.24070401586514625,0.07932573128408528,0.23549826474962815,0.09072880515617253,0.15344571145265246
SKACTIVEML_QBC,0.13931581556767478,0.1789786812097174,0.11279127416955875,0.15071888943976203,0.10634605850272683,0.10832920178482895,0.2597917699553793,0.26450173525037185,0.08701041150223103,0.08601883986117997,0.09295984134853744,0.2702032721864155,0.2555775904809122,0.1826970748636589,0.13262270699058007,0.2211204759543877,0.1591472483886961,0.13237481408031732,0.18542389687654934,0.2555775904809122,0.19211700545364402,0.26524541398116014,0.23971244422409518,1.0,0.26945959345562714,0.20500743678730787,0.0872583044124938,0.0850272682201289,0.08924144769459594,0.07957362419434805,0.2322756569162122,0.2818542389687655,0.25334655428854735,0.0842835894893406,0.2677243430837878,0.08155676747645017,0.17055032226078334
SKACTIVEML_QBC_VOTE_ENTROPY,0.15592464055528013,0.18170550322260784,0.10089241447694595,0.17402082300446206,0.0984134853743183,0.10535448686167576,0.26003966286564206,0.26499752107089736,0.090233019335647,0.07982151710461081,0.08453148239960337,0.3031730292513634,0.29176995537927614,0.19360436291522062,0.12072384729796728,0.23401090728805157,0.17575607337630145,0.14452156668319285,0.2114526524541398,0.297223599405057,0.1938522558254834,0.29028259791769956,0.23599405057015369,0.26945959345562714,1.0,0.20451165096678234,0.08676251859196826,0.0842835894893406,0.08552305404065444,0.07659890927119484,0.24219137332672286,0.31011403073872085,0.2773921665840357,0.07511155180961825,0.27962320277640057,0.08006941001487357,0.1938522558254834
SKACTIVEML_QUIRE,0.12221120475954388,0.18096182449181952,0.09866137828458106,0.11527020327218641,0.11427863163113534,0.10907288051561725,0.21095686663361427,0.22583044124938026,0.08924144769459594,0.090233019335647,0.09295984134853744,0.20426375805651958,0.19657907783837383,0.16931085770946952,0.11849281110560238,0.1834407535944472,0.1420426375805652,0.1383242439266237,0.1554288547347546,0.20525532969757065,0.18021814576103123,0.20674268715914726,0.19484382746653445,0.20500743678730787,0.20451165096678234,1.0,0.0887456618740704,0.09519087754090233,0.09196826970748637,0.08676251859196826,0.20897372335151215,0.214427367377293,0.21616261774913237,0.0894893406048587,0.2151710461080813,0.09667823500247893,0.13510163609320774
SKACTIVEML_US_ENTROPY,0.04833911750123947,0.06817055032226078,0.048834903321764996,0.045364402578086264,0.0842835894893406,0.08403569657907783,0.0813088745661874,0.09295984134853744,0.0932077342588002,0.0924640555280119,0.08924144769459594,0.08601883986117997,0.08205255329697571,0.07635101636093208,0.06866633614278632,0.0768468021814576,0.06817055032226078,0.07635101636093208,0.07288051561725335,0.08453148239960337,0.08924144769459594,0.08973723351512147,0.08527516113039167,0.0872583044124938,0.08676251859196826,0.0887456618740704,1.0,0.7439266236985622,0.7414476945959345,0.07312840852751612,0.09196826970748637,0.07957362419434805,0.0813088745661874,0.0835399107585523,0.0835399107585523,0.09766980664352999,0.06519583539910759
SKACTIVEML_US_LC,0.04709965294992563,0.06941001487357462,0.044124938026772434,0.0458601883986118,0.0984134853743183,0.08205255329697571,0.08701041150223103,0.09072880515617253,0.0924640555280119,0.0984134853743183,0.09048091224590976,0.08626673277144274,0.0842835894893406,0.07932573128408528,0.06395637084779375,0.07982151710461081,0.06693108577094695,0.07659890927119484,0.07288051561725335,0.08775409023301933,0.08180466038671294,0.0872583044124938,0.08651462568170551,0.0850272682201289,0.0842835894893406,0.09519087754090233,0.7439266236985622,1.0,0.7496281606346058,0.08230044620723848,0.08998512642538424,0.08304412493802678,0.08279623202776401,0.08824987605354487,0.08403569657907783,0.08651462568170551,0.06569162121963312
SKACTIVEML_US_MARGIN,0.0466038671294001,0.06593951412989589,0.04561229548834903,0.051065939514129896,0.08601883986117997,0.09122459097669806,0.08453148239960337,0.08973723351512147,0.09295984134853744,0.08973723351512147,0.09593455627169063,0.09196826970748637,0.0924640555280119,0.08006941001487357,0.06544372830937036,0.08329201784828955,0.06643529995042141,0.07436787307882994,0.08081308874566187,0.09147248388696083,0.08254833911750124,0.09221616261774913,0.08775409023301933,0.08924144769459594,0.08552305404065444,0.09196826970748637,0.7414476945959345,0.7496281606346058,1.0,0.0842835894893406,0.0842835894893406,0.08973723351512147,0.09494298463063956,0.07932573128408528,0.09122459097669806,0.08180466038671294,0.07089737233515121
SMALLTEXT_BREAKINGTIES,0.04238968765493307,0.06370847793753098,0.03668815071888944,0.0451165096678235,0.13336638572136836,0.2129400099157164,0.07982151710461081,0.0835399107585523,0.07734258800198314,0.090233019335647,0.0880019831432821,0.07783837382250867,0.07387208725830441,0.08106098165592464,0.05651958353991076,0.08254833911750124,0.062221120475954385,0.17302925136341102,0.10114030738720872,0.07635101636093208,0.07436787307882994,0.08106098165592464,0.08081308874566187,0.07957362419434805,0.07659890927119484,0.08676251859196826,0.07312840852751612,0.08230044620723848,0.0842835894893406,1.0,0.07833415964303421,0.07783837382250867,0.07610312345066932,0.7394645513138324,0.07709469509172037,0.7330193356470005,0.06494794248884482
SMALLTEXT_CONTRASTIVEAL,0.1294000991571641,0.18963807635101637,0.1065939514129896,0.12964799206742686,0.10188398611799702,0.10312345066931086,0.2550818046603867,0.2702032721864155,0.09667823500247893,0.08527516113039167,0.09221616261774913,0.23574615765989093,0.2337630143777888,0.18839861179970252,0.1264253842340109,0.1980664352999504,0.14923153197818542,0.12592959841348536,0.1648487853247397,0.23128408527516114,0.18790282597917699,0.24739712444224096,0.2270699058006941,0.2322756569162122,0.24219137332672286,0.20897372335151215,0.09196826970748637,0.08998512642538424,0.0842835894893406,0.07833415964303421,1.0,0.25780862667327714,0.24962816063460586,0.07957362419434805,0.2387208725830441,0.08626673277144274,0.1494794248884482
SMALLTEXT_EMBEDDINGKMEANS,0.16683192860684184,0.18096182449181952,0.10783341596430342,0.1797223599405057,0.09717402082300446,0.10262766484878533,0.3039167079821517,0.2967278135845315,0.0954387704511651,0.0835399107585523,0.08775409023301933,0.32721864154685176,0.33093703520079326,0.20996529499256322,0.12766484878532475,0.2654933068914229,0.18666336142786316,0.14452156668319285,0.22682201289043133,0.334407535944472,0.18616757560733763,0.31928606841844326,0.25855230540406543,0.2818542389687655,0.31011403073872085,0.214427367377293,0.07957362419434805,0.08304412493802678,0.08973723351512147,0.07783837382250867,0.25780862667327714,1.0,0.3083787803668815,0.07734258800198314,0.3135845314823996,0.07783837382250867,0.19955379276152702
SMALLTEXT_GREEDYCORESET,0.18220128904313337,0.18988596926127913,0.10708973723351513,0.1494794248884482,0.10064452156668319,0.10064452156668319,0.2746653445711453,0.28805156172533464,0.0909766980664353,0.08601883986117997,0.09271194843827467,0.2699553792761527,0.2704511650966782,0.19335647000495787,0.12692117005453643,0.22756569162121965,0.2020327218641547,0.13435795736241943,0.19112543381259295,0.2818542389687655,0.19162121963311848,0.26450173525037185,0.24070401586514625,0.25334655428854735,0.2773921665840357,0.21616261774913237,0.0813088745661874,0.08279623202776401,0.09494298463063956,0.07610312345066932,0.24962816063460586,0.3083787803668815,1.0,0.0805651958353991,0.2692117005453644,0.07858205255329698,0.16931085770946952
SMALLTEXT_LEASTCONFIDENCE,0.0451165096678235,0.06941001487357462,0.0421417947446703,0.0428854734754586,0.21566683192860683,0.13931581556767478,0.07734258800198314,0.08031730292513634,0.08378780366881507,0.09196826970748637,0.0857709469509172,0.07659890927119484,0.07585523054040655,0.08006941001487357,0.061973227565691624,0.07932573128408528,0.06494794248884482,0.1256817055032226,0.08477937530986614,0.07511155180961825,0.07635101636093208,0.07560733763014378,0.07932573128408528,0.0842835894893406,0.07511155180961825,0.0894893406048587,0.0835399107585523,0.08824987605354487,0.07932573128408528,0.7394645513138324,0.07957362419434805,0.07734258800198314,0.0805651958353991,1.0,0.0805651958353991,0.7404561229548835,0.06271690629647993
SMALLTEXT_LIGHTWEIGHTCORESET,0.15344571145265246,0.16831928606841845,0.10114030738720872,0.17302925136341102,0.10312345066931086,0.0984134853743183,0.2709469509172038,0.26797223599405057,0.08651462568170551,0.08254833911750124,0.09122459097669806,0.28582052553296977,0.2845810609816559,0.20054536440257809,0.12097174020823004,0.22731779871095686,0.17327714427367377,0.14303420922161625,0.2020327218641547,0.28805156172533464,0.1906296479920674,0.2672285572632623,0.23549826474962815,0.2677243430837878,0.27962320277640057,0.2151710461080813,0.0835399107585523,0.08403569657907783,0.09122459097669806,0.07709469509172037,0.2387208725830441,0.3135845314823996,0.2692117005453644,0.0805651958353991,1.0,0.08081308874566187,0.19286068418443233
SMALLTEXT_PREDICTIONENTROPY,0.04462072384729797,0.07188894397620228,0.0406544372830937,0.0421417947446703,0.1368368864650471,0.13733267228557264,0.08453148239960337,0.0835399107585523,0.10262766484878533,0.0984134853743183,0.08899355478433317,0.08205255329697571,0.07982151710461081,0.0768468021814576,0.06048587010411502,0.08180466038671294,0.06445215666831929,0.12295488349033218,0.0857709469509172,0.08180466038671294,0.08329201784828955,0.08279623202776401,0.09072880515617253,0.08155676747645017,0.08006941001487357,0.09667823500247893,0.09766980664352999,0.08651462568170551,0.08180466038671294,0.7330193356470005,0.08626673277144274,0.07783837382250867,0.07858205255329698,0.7404561229548835,0.08081308874566187,1.0,0.061973227565691624
SMALLTEXT_RANDOM,0.11849281110560238,0.11105602379771938,0.05528011898859692,0.9801685671789787,0.07858205255329698,0.08254833911750124,0.16732771442736738,0.14749628160634606,0.07188894397620228,0.06693108577094695,0.06717897868120971,0.19856222112047595,0.20376797223599405,0.146504709965295,0.07511155180961825,0.1648487853247397,0.1383242439266237,0.11279127416955875,0.16881507188894398,0.1960832920178483,0.12840852751611304,0.1923648983639068,0.15344571145265246,0.17055032226078334,0.1938522558254834,0.13510163609320774,0.06519583539910759,0.06569162121963312,0.07089737233515121,0.06494794248884482,0.1494794248884482,0.19955379276152702,0.16931085770946952,0.06271690629647993,0.19286068418443233,0.061973227565691624,1.0
