,ALIPY_CORESET_GREEDY,ALIPY_DENSITY_WEIGHTED,ALIPY_GRAPH_DENSITY,ALIPY_RANDOM,ALIPY_UNCERTAINTY_LC,ALIPY_UNCERTAINTY_MM,LIBACT_DWUS,LIBACT_QUIRE,LIBACT_UNCERTAINTY_ENT,LIBACT_UNCERTAINTY_LC,LIBACT_UNCERTAINTY_SM,OPTIMAL_GREEDY_10,OPTIMAL_GREEDY_20,PLAYGROUND_BANDIT,PLAYGROUND_GRAPH_DENSITY,PLAYGROUND_INFORMATIVE_DIVERSE,PLAYGROUND_KCENTER_GREEDY,PLAYGROUND_MARGIN,PLAYGROUND_MIXTURE,PLAYGROUND_UNIFORM,SKACTIVEML_COST_EMBEDDING,SKACTIVEML_DAL,SKACTIVEML_DWUS,SKACTIVEML_QBC,SKACTIVEML_QBC_VOTE_ENTROPY,SKACTIVEML_QUIRE,SKACTIVEML_US_ENTROPY,SKACTIVEML_US_LC,SKACTIVEML_US_MARGIN,SMALLTEXT_BREAKINGTIES,SMALLTEXT_CONTRASTIVEAL,SMALLTEXT_EMBEDDINGKMEANS,SMALLTEXT_GREEDYCORESET,SMALLTEXT_LEASTCONFIDENCE,SMALLTEXT_LIGHTWEIGHTCORESET,SMALLTEXT_PREDICTIONENTROPY,SMALLTEXT_RANDOM
ALIPY_CORESET_GREEDY,4034,1130,909,893,971,967,905,1030,897,880,879,980,917,1086,908,1058,3848,1044,1028,984,1085,948,906,887,995,1075,911,904,914,915,919,891,1147,896,992,928,885
ALIPY_DENSITY_WEIGHTED,1130,4034,1023,977,1106,1079,1022,1182,1051,1052,1035,1021,1043,1220,1029,1174,1171,1186,1149,1103,1209,1052,1037,1021,1039,1257,1100,1087,1084,1080,1048,988,1160,1087,1045,1090,970
ALIPY_GRAPH_DENSITY,909,1023,4034,1003,949,985,1078,873,931,906,942,992,1051,1123,3964,1065,986,1072,1058,1113,1089,1064,1008,980,1096,1019,930,906,951,955,983,995,1096,896,984,906,991
ALIPY_RANDOM,893,977,1003,4034,1008,1050,1009,901,941,935,951,1094,1107,1163,1037,1136,1004,1111,1135,1162,1091,1065,992,1051,1118,1054,1001,995,1030,987,1003,1064,1084,933,1047,948,3960
ALIPY_UNCERTAINTY_LC,971,1106,949,1008,4034,3250,1048,1025,1297,1373,1250,1000,1057,1438,992,1251,1104,1547,1338,1145,1282,1103,1101,1094,1064,1203,1327,1397,1267,1533,1067,960,1150,1849,1055,1548,982
ALIPY_UNCERTAINTY_MM,967,1079,985,1050,3250,4034,1085,1021,1233,1228,1354,1060,1103,1469,1032,1279,1110,1746,1465,1182,1281,1127,1120,1092,1076,1190,1266,1256,1396,1876,1071,1002,1157,1474,1075,1459,1028
LIBACT_DWUS,905,1022,1078,1009,1048,1085,4034,976,957,945,978,1008,1055,1222,1127,1100,1036,1190,1128,1134,1162,1084,1098,1088,1084,1131,1015,998,1043,1035,1093,1068,1091,970,1038,976,990
LIBACT_QUIRE,1030,1182,873,901,1025,1021,976,4034,990,972,966,948,933,1174,917,1076,1145,1128,1067,1058,1113,984,982,1013,986,1199,994,986,976,979,1040,935,1079,964,974,974,886
LIBACT_UNCERTAINTY_ENT,897,1051,931,941,1297,1233,957,990,4034,3389,3279,1004,1024,1302,984,1229,1044,1211,1137,1110,1226,1038,1049,1016,1035,1148,1346,1239,1217,1517,1034,962,1123,1529,1002,1651,920
LIBACT_UNCERTAINTY_LC,880,1052,906,935,1373,1228,945,972,3389,4034,3303,992,991,1267,960,1210,1028,1210,1128,1082,1202,1036,1042,1004,1033,1141,1257,1317,1210,1511,1010,960,1111,1619,986,1521,917
LIBACT_UNCERTAINTY_SM,879,1035,942,951,1250,1354,978,966,3279,3303,4034,1024,1034,1276,997,1217,1025,1214,1154,1103,1203,1043,1062,1035,1066,1111,1183,1195,1336,1635,1013,979,1095,1463,1005,1493,934
OPTIMAL_GREEDY_10,980,1021,992,1094,1000,1060,1008,948,1004,992,1024,4034,1455,1231,1026,1214,1091,1150,1252,1232,1125,1136,1022,1100,1197,1065,975,991,1026,993,1024,1110,1126,928,1154,950,1080
OPTIMAL_GREEDY_20,917,1043,1051,1107,1057,1103,1055,933,1024,991,1034,1455,4034,1254,1078,1270,1020,1177,1231,1194,1158,1152,1041,1110,1222,1062,1015,1041,1080,1027,1045,1129,1123,975,1167,979,1096
PLAYGROUND_BANDIT,1086,1220,1123,1163,1438,1469,1222,1174,1302,1267,1276,1231,1254,4034,1176,1826,1238,2616,1985,1355,1563,1246,1204,1280,1293,1409,1299,1282,1297,1439,1231,1190,1292,1359,1228,1367,1145
PLAYGROUND_GRAPH_DENSITY,908,1029,3964,1037,992,1032,1127,917,984,960,997,1026,1078,1176,4034,1113,1037,1125,1108,1161,1131,1110,1059,1022,1136,1072,981,955,1000,1009,1022,1034,1145,927,1003,931,1018
PLAYGROUND_INFORMATIVE_DIVERSE,1058,1174,1065,1136,1251,1279,1100,1076,1229,1210,1217,1214,1270,1826,1113,4034,1194,1805,1701,1264,1411,1231,1141,1183,1245,1276,1221,1235,1241,1231,1158,1155,1202,1177,1152,1188,1117
PLAYGROUND_KCENTER_GREEDY,3848,1171,986,1004,1104,1110,1036,1145,1044,1028,1025,1091,1020,1238,1037,1194,4034,1193,1173,1118,1226,1066,1035,1017,1113,1219,1054,1048,1058,1057,1044,1006,1279,1013,1075,1035,988
PLAYGROUND_MARGIN,1044,1186,1072,1111,1547,1746,1190,1128,1211,1210,1214,1150,1177,2616,1125,1805,1193,4034,2320,1294,1514,1193,1150,1217,1212,1341,1276,1265,1307,1671,1184,1165,1220,1462,1142,1439,1093
PLAYGROUND_MIXTURE,1028,1149,1058,1135,1338,1465,1128,1067,1137,1128,1154,1252,1231,1985,1108,1701,1173,2320,4034,1322,1368,1194,1120,1202,1225,1250,1163,1165,1194,1402,1122,1170,1216,1250,1166,1231,1114
PLAYGROUND_UNIFORM,984,1103,1113,1162,1145,1182,1134,1058,1110,1082,1103,1232,1194,1355,1161,1264,1118,1294,1322,4034,1269,1182,1058,1188,1248,1205,1092,1068,1117,1164,1152,1161,1208,1095,1146,1110,1146
SKACTIVEML_COST_EMBEDDING,1085,1209,1089,1091,1282,1281,1162,1113,1226,1202,1203,1125,1158,1563,1131,1411,1226,1514,1368,1269,4034,1125,1142,1170,1188,1399,1272,1256,1271,1262,1191,1119,1221,1217,1151,1242,1075
SKACTIVEML_DAL,948,1052,1064,1065,1103,1127,1084,984,1038,1036,1043,1136,1152,1246,1110,1231,1066,1193,1194,1182,1125,4034,1081,1084,1169,1122,1080,1078,1126,1097,1072,1072,1160,1061,1113,1055,1045
SKACTIVEML_DWUS,906,1037,1008,992,1101,1120,1098,982,1049,1042,1062,1022,1041,1204,1059,1141,1035,1150,1120,1058,1142,1081,4034,1038,1081,1148,1103,1094,1117,1100,1017,996,1131,1034,1025,1036,978
SKACTIVEML_QBC,887,1021,980,1051,1094,1092,1088,1013,1016,1004,1035,1100,1110,1280,1022,1183,1017,1217,1202,1188,1170,1084,1038,4034,1170,1156,1050,1075,1095,1047,1071,1061,1120,1018,1077,1009,1040
SKACTIVEML_QBC_VOTE_ENTROPY,995,1039,1096,1118,1064,1076,1084,986,1035,1033,1066,1197,1222,1293,1136,1245,1113,1212,1225,1248,1188,1169,1081,1170,4034,1123,1084,1067,1117,1068,1106,1116,1163,1004,1143,1006,1101
SKACTIVEML_QUIRE,1075,1257,1019,1054,1203,1190,1131,1199,1148,1141,1111,1065,1062,1409,1072,1276,1219,1341,1250,1205,1399,1122,1148,1156,1123,4034,1198,1188,1179,1183,1142,1044,1196,1155,1126,1170,1042
SKACTIVEML_US_ENTROPY,911,1100,930,1001,1327,1266,1015,994,1346,1257,1183,975,1015,1299,981,1221,1054,1276,1163,1092,1272,1080,1103,1050,1084,1198,4034,3403,3289,1214,1065,948,1131,1244,1026,1339,983
SKACTIVEML_US_LC,904,1087,906,995,1397,1256,998,986,1239,1317,1195,991,1041,1282,955,1235,1048,1265,1165,1068,1256,1078,1094,1075,1067,1188,3403,4034,3303,1208,1045,955,1113,1298,1032,1228,977
SKACTIVEML_US_MARGIN,914,1084,951,1030,1267,1396,1043,976,1217,1210,1336,1026,1080,1297,1000,1241,1058,1307,1194,1117,1271,1126,1117,1095,1117,1179,3289,3303,4034,1333,1077,975,1132,1166,1058,1187,1012
SMALLTEXT_BREAKINGTIES,915,1080,955,987,1533,1876,1035,979,1517,1511,1635,993,1027,1439,1009,1231,1057,1671,1402,1164,1262,1097,1100,1047,1068,1183,1214,1208,1333,4034,1035,1000,1092,3242,1036,3201,968
SMALLTEXT_CONTRASTIVEAL,919,1048,983,1003,1067,1071,1093,1040,1034,1010,1013,1024,1045,1231,1022,1158,1044,1184,1122,1152,1191,1072,1017,1071,1106,1142,1065,1045,1077,1035,4034,998,1121,1010,1031,1012,990
SMALLTEXT_EMBEDDINGKMEANS,891,988,995,1064,960,1002,1068,935,962,960,979,1110,1129,1190,1034,1155,1006,1165,1170,1161,1119,1072,996,1061,1116,1044,948,955,975,1000,998,4034,1065,932,1063,952,1043
SMALLTEXT_GREEDYCORESET,1147,1160,1096,1084,1150,1157,1091,1079,1123,1111,1095,1126,1123,1292,1145,1202,1279,1220,1216,1208,1221,1160,1131,1120,1163,1196,1131,1113,1132,1092,1121,1065,4034,1064,1096,1084,1068
SMALLTEXT_LEASTCONFIDENCE,896,1087,896,933,1849,1474,970,964,1529,1619,1463,928,975,1359,927,1177,1013,1462,1250,1095,1217,1061,1034,1018,1004,1155,1244,1298,1166,3242,1010,932,1064,4034,1036,3352,977
SMALLTEXT_LIGHTWEIGHTCORESET,992,1045,984,1047,1055,1075,1038,974,1002,986,1005,1154,1167,1228,1003,1152,1075,1142,1166,1146,1151,1113,1025,1077,1143,1126,1026,1032,1058,1036,1031,1063,1096,1036,4034,1055,1086
SMALLTEXT_PREDICTIONENTROPY,928,1090,906,948,1548,1459,976,974,1651,1521,1493,950,979,1367,931,1188,1035,1439,1231,1110,1242,1055,1036,1009,1006,1170,1339,1228,1187,3201,1012,952,1084,3352,1055,4034,1007
SMALLTEXT_RANDOM,885,970,991,3960,982,1028,990,886,920,917,934,1080,1096,1145,1018,1117,988,1093,1114,1146,1075,1045,978,1040,1101,1042,983,977,1012,968,990,1043,1068,977,1086,1007,4034
