,ALIPY_CORESET_GREEDY,ALIPY_DENSITY_WEIGHTED,ALIPY_GRAPH_DENSITY,ALIPY_RANDOM,ALIPY_UNCERTAINTY_LC,ALIPY_UNCERTAINTY_MM,LIBACT_DWUS,LIBACT_QUIRE,LIBACT_UNCERTAINTY_ENT,LIBACT_UNCERTAINTY_LC,LIBACT_UNCERTAINTY_SM,OPTIMAL_GREEDY_10,OPTIMAL_GREEDY_20,PLAYGROUND_BANDIT,PLAYGROUND_GRAPH_DENSITY,PLAYGROUND_INFORMATIVE_DIVERSE,PLAYGROUND_KCENTER_GREEDY,PLAYGROUND_MARGIN,PLAYGROUND_MIXTURE,PLAYGROUND_UNIFORM,SKACTIVEML_COST_EMBEDDING,SKACTIVEML_DAL,SKACTIVEML_DWUS,SKACTIVEML_QBC,SKACTIVEML_QBC_VOTE_ENTROPY,SKACTIVEML_QUIRE,SKACTIVEML_US_ENTROPY,SKACTIVEML_US_LC,SKACTIVEML_US_MARGIN,SMALLTEXT_BREAKINGTIES,SMALLTEXT_CONTRASTIVEAL,SMALLTEXT_EMBEDDINGKMEANS,SMALLTEXT_GREEDYCORESET,SMALLTEXT_LEASTCONFIDENCE,SMALLTEXT_LIGHTWEIGHTCORESET,SMALLTEXT_PREDICTIONENTROPY,SMALLTEXT_RANDOM
ALIPY_CORESET_GREEDY,4034,542,374,424,318,322,307,491,257,240,263,680,693,353,374,414,4033,328,458,547,398,569,320,432,601,507,282,310,281,286,379,619,767,323,539,306,424
ALIPY_DENSITY_WEIGHTED,542,4034,366,381,490,478,535,688,401,406,403,709,694,442,366,428,542,376,442,523,495,643,538,467,570,715,438,429,407,424,461,608,622,462,541,454,381
ALIPY_GRAPH_DENSITY,374,366,4034,549,313,338,612,294,259,255,293,790,747,390,4034,415,374,362,513,726,390,589,622,599,730,322,270,281,316,297,337,782,547,250,681,253,549
ALIPY_RANDOM,424,381,549,4034,330,371,448,348,302,271,318,941,961,398,549,522,425,386,578,800,423,722,457,571,806,357,323,324,376,322,389,841,493,285,792,277,4034
ALIPY_UNCERTAINTY_LC,318,490,313,330,4034,3008,377,309,529,648,484,569,566,703,313,483,319,817,626,512,472,498,467,442,531,440,642,754,571,867,360,506,410,1404,485,977,330
ALIPY_UNCERTAINTY_MM,322,478,338,371,3008,4034,409,322,434,462,682,601,597,808,338,498,323,1071,756,552,470,530,484,439,546,448,535,546,751,1406,377,524,428,889,516,780,371
LIBACT_DWUS,307,535,612,448,377,409,4034,435,281,306,337,683,695,381,612,376,307,359,401,597,446,576,755,599,654,458,288,286,337,345,517,756,518,315,606,301,448
LIBACT_QUIRE,491,688,294,348,309,322,435,4034,222,229,248,522,519,328,294,353,491,309,381,481,374,463,456,426,476,583,266,272,275,269,517,452,586,263,485,260,348
LIBACT_UNCERTAINTY_ENT,257,401,259,302,529,434,281,222,4034,3157,2957,425,449,344,259,465,257,325,349,392,388,403,434,305,408,324,700,525,445,682,278,421,335,784,393,957,302
LIBACT_UNCERTAINTY_LC,240,406,255,271,648,462,306,229,3157,4034,3055,438,458,360,255,465,241,342,351,365,401,419,469,298,410,326,570,691,479,700,275,413,320,910,384,777,271
LIBACT_UNCERTAINTY_SM,263,403,293,318,484,682,337,248,2957,3055,4034,501,515,382,293,482,264,346,390,440,415,442,503,358,464,324,449,465,661,926,279,451,355,731,448,691,318
OPTIMAL_GREEDY_10,680,709,790,941,569,601,683,522,425,438,501,4034,2339,657,790,756,681,560,919,1232,607,1104,686,890,1307,636,549,564,581,515,549,1454,776,485,1154,484,941
OPTIMAL_GREEDY_20,693,694,747,961,566,597,695,519,449,458,515,2339,4034,620,747,791,694,550,906,1226,634,1090,695,874,1288,638,543,562,593,528,561,1466,806,474,1154,483,961
PLAYGROUND_BANDIT,353,442,390,398,703,808,381,328,344,360,382,657,620,4034,390,1365,354,2533,1489,604,834,598,452,539,596,592,438,447,464,686,380,583,448,581,595,549,398
PLAYGROUND_GRAPH_DENSITY,374,366,4034,549,313,338,612,294,259,255,293,790,747,390,4034,415,374,362,513,726,390,589,622,599,730,322,270,281,316,297,337,782,547,250,681,253,549
PLAYGROUND_INFORMATIVE_DIVERSE,414,428,415,522,483,498,376,353,465,465,482,756,791,1365,415,4034,415,1337,1297,675,660,610,535,579,682,489,438,460,475,428,374,664,479,414,657,402,522
PLAYGROUND_KCENTER_GREEDY,4033,542,374,425,319,323,307,491,257,241,264,681,694,354,374,415,4034,329,459,548,398,569,321,432,602,507,283,311,282,287,379,620,767,324,540,306,425
PLAYGROUND_MARGIN,328,376,362,386,817,1071,359,309,325,342,346,560,550,2533,362,1337,329,4034,1869,529,806,524,418,503,500,511,428,429,452,999,350,495,395,731,488,652,386
PLAYGROUND_MIXTURE,458,442,513,578,626,756,401,381,349,351,390,919,906,1489,513,1297,459,1869,4034,873,632,680,469,586,787,517,424,421,455,644,381,789,495,521,733,483,578
PLAYGROUND_UNIFORM,547,523,726,800,512,552,597,481,392,365,440,1232,1226,604,726,675,548,529,873,4034,612,880,579,795,1086,508,403,427,473,480,537,1073,665,452,941,412,800
SKACTIVEML_COST_EMBEDDING,398,495,390,423,472,470,446,374,388,401,415,607,634,834,390,660,398,806,632,612,4034,593,512,479,576,640,434,446,436,398,384,567,457,390,601,399,423
SKACTIVEML_DAL,569,643,589,722,498,530,576,463,403,419,442,1104,1090,598,589,610,569,524,680,880,593,4034,639,670,950,588,494,506,507,465,548,934,655,435,857,421,722
SKACTIVEML_DWUS,320,538,622,457,467,484,755,456,434,469,503,686,695,452,622,535,321,418,469,579,512,639,4034,542,664,493,412,416,435,413,482,702,494,396,603,381,457
SKACTIVEML_QBC,432,467,599,571,442,439,599,426,305,298,358,890,874,539,599,579,432,503,586,795,479,670,542,4034,858,517,379,388,439,381,488,815,563,363,712,364,571
SKACTIVEML_QBC_VOTE_ENTROPY,601,570,730,806,531,546,654,476,408,410,464,1307,1288,596,730,682,602,500,787,1086,576,950,664,858,4034,555,502,509,515,453,547,1101,709,440,986,436,806
SKACTIVEML_QUIRE,507,715,322,357,440,448,458,583,324,326,324,636,638,592,322,489,507,511,517,508,640,588,493,517,555,4034,397,392,373,363,470,544,623,390,546,376,357
SKACTIVEML_US_ENTROPY,282,438,270,323,642,535,288,266,700,570,449,549,543,438,270,438,283,428,424,403,434,494,412,379,502,397,4034,3162,2958,467,302,442,389,574,468,760,323
SKACTIVEML_US_LC,310,429,281,324,754,546,286,272,525,691,465,564,562,447,281,460,311,429,421,427,446,506,416,388,509,392,3162,4034,3017,469,313,445,382,722,480,567,324
SKACTIVEML_US_MARGIN,281,407,316,376,571,751,337,275,445,479,661,581,593,464,316,475,282,452,455,473,436,507,435,439,515,373,2958,3017,4034,653,307,488,384,507,498,449,376
SMALLTEXT_BREAKINGTIES,286,424,297,322,867,1406,345,269,682,700,926,515,528,686,297,428,287,999,644,480,398,465,413,381,453,363,467,469,653,4034,306,480,384,3014,455,2924,322
SMALLTEXT_CONTRASTIVEAL,379,461,337,389,360,377,517,517,278,275,279,549,561,380,337,374,379,350,381,537,384,548,482,488,547,470,302,313,307,306,4034,513,561,321,537,309,389
SMALLTEXT_EMBEDDINGKMEANS,619,608,782,841,506,524,756,452,421,413,451,1454,1466,583,782,664,620,495,789,1073,567,934,702,815,1101,544,442,445,488,480,513,4034,620,452,1059,460,841
SMALLTEXT_GREEDYCORESET,767,622,547,493,410,428,518,586,335,320,355,776,806,448,547,479,767,395,495,665,457,655,494,563,709,623,389,382,384,384,561,620,4034,383,655,388,493
SMALLTEXT_LEASTCONFIDENCE,323,462,250,285,1404,889,315,263,784,910,731,485,474,581,250,414,324,731,521,452,390,435,396,363,440,390,574,722,507,3014,321,452,383,4034,435,3122,285
SMALLTEXT_LIGHTWEIGHTCORESET,539,541,681,792,485,516,606,485,393,384,448,1154,1154,595,681,657,540,488,733,941,601,857,603,712,986,546,468,480,498,455,537,1059,655,435,4034,438,792
SMALLTEXT_PREDICTIONENTROPY,306,454,253,277,977,780,301,260,957,777,691,484,483,549,253,402,306,652,483,412,399,421,381,364,436,376,760,567,449,2924,309,460,388,3122,438,4034,277
SMALLTEXT_RANDOM,424,381,549,4034,330,371,448,348,302,271,318,941,961,398,549,522,425,386,578,800,423,722,457,571,806,357,323,324,376,322,389,841,493,285,792,277,4034
