,ALIPY_CORESET_GREEDY,ALIPY_DENSITY_WEIGHTED,ALIPY_GRAPH_DENSITY,ALIPY_RANDOM,ALIPY_UNCERTAINTY_LC,ALIPY_UNCERTAINTY_MM,LIBACT_DWUS,LIBACT_QUIRE,LIBACT_UNCERTAINTY_ENT,LIBACT_UNCERTAINTY_LC,LIBACT_UNCERTAINTY_SM,OPTIMAL_GREEDY_10,OPTIMAL_GREEDY_20,PLAYGROUND_BANDIT,PLAYGROUND_GRAPH_DENSITY,PLAYGROUND_INFORMATIVE_DIVERSE,PLAYGROUND_KCENTER_GREEDY,PLAYGROUND_MARGIN,PLAYGROUND_MIXTURE,PLAYGROUND_UNIFORM,SKACTIVEML_COST_EMBEDDING,SKACTIVEML_DAL,SKACTIVEML_DWUS,SKACTIVEML_QBC,SKACTIVEML_QBC_VOTE_ENTROPY,SKACTIVEML_QUIRE,SKACTIVEML_US_ENTROPY,SKACTIVEML_US_LC,SKACTIVEML_US_MARGIN,SMALLTEXT_BREAKINGTIES,SMALLTEXT_CONTRASTIVEAL,SMALLTEXT_EMBEDDINGKMEANS,SMALLTEXT_GREEDYCORESET,SMALLTEXT_LEASTCONFIDENCE,SMALLTEXT_LIGHTWEIGHTCORESET,SMALLTEXT_PREDICTIONENTROPY,SMALLTEXT_RANDOM
ALIPY_CORESET_GREEDY,1.0,0.2863163113534953,0.24739712444224096,0.2337630143777888,0.255825483391175,0.25260287555775907,0.29821517104610806,0.26574119980168565,0.23772930094199307,0.23772930094199307,0.2374814080317303,0.22384729796727815,0.22533465542885472,0.28011898859692613,0.24541398116013882,0.25706494794248885,0.9328210213187903,0.2714427367377293,0.2602875557759048,0.2506197322756569,0.278135845314824,0.25780862667327714,0.263262270699058,0.24318294496777393,0.2550818046603867,0.28656420426375806,0.2521070897372335,0.2478929102627665,0.2498760535448686,0.24070401586514625,0.2555775904809122,0.2513634110064452,0.30466038671294,0.24367873078829946,0.2518591968269707,0.24665344571145265,0.23177987109568665
ALIPY_DENSITY_WEIGHTED,0.2863163113534953,1.0,0.27243430837878035,0.2553296975706495,0.29127416955875063,0.2863163113534953,0.33837382250867626,0.31333663857213684,0.27491323748140806,0.278135845314824,0.2697074863658899,0.25012394645513136,0.23946455131383243,0.3113534952900347,0.2746653445711453,0.29176995537927614,0.3036688150718889,0.29920674268715913,0.2885473475458602,0.2746653445711453,0.30664352999504213,0.2729300941993059,0.29920674268715913,0.2729300941993059,0.2734258800198314,0.33192860684184433,0.28730788299454635,0.28705999008428357,0.28681209717402084,0.2776400594942985,0.29077838373822507,0.2773921665840357,0.31234506693108577,0.28284581060981656,0.270699058006941,0.28582052553296977,0.25384234010907286
ALIPY_GRAPH_DENSITY,0.24739712444224096,0.27243430837878035,1.0,0.2766484878532474,0.27540902330193356,0.2776400594942985,0.36043629152206247,0.26474962816063463,0.2699553792761527,0.2662369856222112,0.26871591472483886,0.2729300941993059,0.2721864154685176,0.32399603371343577,0.9752107089737233,0.30292513634110063,0.27590480912245907,0.3108577094695092,0.2997025285076847,0.30218145761031234,0.3113534952900347,0.28755577590480913,0.32374814080317305,0.2959841348537432,0.2937530986613783,0.2994546355974219,0.27689638076351014,0.2677243430837878,0.27491323748140806,0.27243430837878035,0.2860684184432325,0.29400099157164106,0.3252354982647496,0.2662369856222112,0.29077838373822507,0.26747645017352506,0.270699058006941
ALIPY_RANDOM,0.2337630143777888,0.2553296975706495,0.2766484878532474,1.0,0.2709469509172038,0.2744174516608825,0.32300446207238476,0.25111551809618243,0.25780862667327714,0.259048091224591,0.26127912741695586,0.2662369856222112,0.2553296975706495,0.30218145761031234,0.2863163113534953,0.28433316807139314,0.27193852255825485,0.2949925632126921,0.2890431333663857,0.289786812097174,0.2999504214179474,0.27962320277640057,0.29474467030242935,0.2853247397124442,0.2900347050074368,0.2882994546355974,0.273921665840357,0.27119484382746656,0.27689638076351014,0.2592959841348537,0.2729300941993059,0.29127416955875063,0.29127416955875063,0.2508676251859197,0.27615270203272185,0.2583044124938027,0.9737233515121467
ALIPY_UNCERTAINTY_LC,0.255825483391175,0.29127416955875063,0.27540902330193356,0.2709469509172038,1.0,0.8207734258800198,0.35770946950917204,0.2937530986613783,0.3455627169062965,0.36192364898363905,0.3341596430342092,0.2692117005453644,0.2627664848785325,0.38646504709965296,0.29053049082796234,0.3289538919186911,0.3041646008924145,0.40852751611303917,0.35027268220128904,0.3024293505205751,0.3512642538423401,0.3001983143282102,0.3403569657907784,0.29846306395637084,0.2994546355974219,0.3433316807139316,0.36812097174020825,0.38001983143282103,0.35349529003470503,0.4000991571641051,0.30887456618740705,0.2959841348537432,0.3292017848289539,0.4620723847297967,0.28433316807139314,0.40208230044620724,0.2630143777887952
ALIPY_UNCERTAINTY_MM,0.25260287555775907,0.2863163113534953,0.2776400594942985,0.2744174516608825,0.8207734258800198,1.0,0.36489836390679226,0.2952404561229549,0.3341596430342092,0.33168071393158155,0.35399107585523054,0.27565691621219635,0.2627664848785325,0.39439762022806146,0.2959841348537432,0.32721864154685176,0.3026772434308379,0.4533961328705999,0.37258304412493803,0.30466038671294,0.3505205751115518,0.30069410014873577,0.33886960832920177,0.30143777887952405,0.29846306395637084,0.3415964303420922,0.3616757560733763,0.3564700049578582,0.3817550818046604,0.48016856717897866,0.31184928111056026,0.30168567178978684,0.32870599900842834,0.38324243926623697,0.289786812097174,0.3810114030738721,0.26747645017352506
LIBACT_DWUS,0.29821517104610806,0.33837382250867626,0.36043629152206247,0.32300446207238476,0.35770946950917204,0.36489836390679226,1.0,0.3468021814576103,0.349281110560238,0.34605850272682204,0.3517600396628656,0.32721864154685176,0.3158155676747645,0.40803173029251366,0.38051561725334654,0.3708477937530987,0.35250371839365396,0.3971244422409519,0.3701041150223104,0.3596926127912742,0.39687654933068917,0.3522558254833912,0.3884481903817551,0.3696083292017848,0.36365889935547846,0.39762022806147745,0.3646504709965295,0.36043629152206247,0.3624194348041646,0.36117997025285076,0.38349033217649975,0.3596926127912742,0.3882002974714923,0.3433316807139316,0.34705007436787305,0.3490332176499752,0.3185423896876549
LIBACT_QUIRE,0.26574119980168565,0.31333663857213684,0.26474962816063463,0.25111551809618243,0.2937530986613783,0.2952404561229549,0.3468021814576103,1.0,0.28284581060981656,0.27937530986613784,0.278135845314824,0.2523549826474963,0.24764501735250372,0.3158155676747645,0.2808626673277144,0.29424888448190384,0.31284085275161133,0.31259295984134855,0.29796727813584534,0.28284581060981656,0.30912245909766983,0.2741695587506197,0.3148239960337134,0.28805156172533464,0.2771442736737729,0.33391175012394647,0.2974714923153198,0.2952404561229549,0.2915220624690134,0.28334159643034207,0.32498760535448684,0.28705999008428357,0.307882994546356,0.27119484382746656,0.2697074863658899,0.27491323748140806,0.24814080317302925
LIBACT_UNCERTAINTY_ENT,0.23772930094199307,0.27491323748140806,0.2699553792761527,0.25780862667327714,0.3455627169062965,0.3341596430342092,0.349281110560238,0.28284581060981656,1.0,0.861923648983639,0.8381259295984135,0.25756073376301436,0.2583044124938027,0.3455627169062965,0.288795240456123,0.32746653445711454,0.2925136341100645,0.33763014377788797,0.31284085275161133,0.2882994546355974,0.3373822508676252,0.29102627664848785,0.33192860684184433,0.289786812097174,0.2935052057511155,0.32771442736737727,0.36489836390679226,0.34283589489340605,0.3296975706494794,0.39067922657411996,0.2999504214179474,0.2882994546355974,0.3304412493802677,0.38671294000991574,0.2677243430837878,0.40852751611303917,0.2513634110064452
LIBACT_UNCERTAINTY_LC,0.23772930094199307,0.278135845314824,0.2662369856222112,0.259048091224591,0.36192364898363905,0.33168071393158155,0.34605850272682204,0.27937530986613784,0.861923648983639,1.0,0.8425880019831433,0.255825483391175,0.2602875557759048,0.3415964303420922,0.285572632622707,0.32746653445711454,0.29300941993059,0.33564700049578583,0.31011403073872085,0.2850768468021815,0.3371343579573624,0.2925136341100645,0.334407535944472,0.29127416955875063,0.29325731284085277,0.3304412493802677,0.3485374318294497,0.3579573624194348,0.3329201784828954,0.3926623698562221,0.30143777887952405,0.28705999008428357,0.32796232027764005,0.4090233019335647,0.2667327714427367,0.39092711948438275,0.25260287555775907
LIBACT_UNCERTAINTY_SM,0.2374814080317303,0.2697074863658899,0.26871591472483886,0.26127912741695586,0.3341596430342092,0.35399107585523054,0.3517600396628656,0.278135845314824,0.8381259295984135,0.8425880019831433,1.0,0.2617749132374814,0.26003966286564206,0.3411006445215667,0.28805156172533464,0.32498760535448684,0.29077838373822507,0.33391175012394647,0.31308874566187406,0.2937530986613783,0.33614278631631134,0.2959841348537432,0.330193356470005,0.29053049082796234,0.297223599405057,0.3232523549826475,0.3329201784828954,0.3296975706494794,0.3564700049578582,0.41224590976698067,0.29796727813584534,0.2878036688150719,0.32350024789291026,0.37159147248388696,0.26747645017352506,0.37679722359940504,0.2543381259295984
OPTIMAL_GREEDY_10,0.22384729796727815,0.25012394645513136,0.2729300941993059,0.2662369856222112,0.2692117005453644,0.27565691621219635,0.32721864154685176,0.2523549826474963,0.25756073376301436,0.255825483391175,0.2617749132374814,1.0,0.3371343579573624,0.30664352999504213,0.2850768468021815,0.29400099157164106,0.2597917699553793,0.29474467030242935,0.2997025285076847,0.3076351016360932,0.2922657411998017,0.28953891918691127,0.2949925632126921,0.2845810609816559,0.2999504214179474,0.2935052057511155,0.2595438770451165,0.26127912741695586,0.2625185919682697,0.2602875557759048,0.27937530986613784,0.3108577094695092,0.2863163113534953,0.24739712444224096,0.2848289538919187,0.25037183936539414,0.2588001983143282
OPTIMAL_GREEDY_20,0.22533465542885472,0.23946455131383243,0.2721864154685176,0.2553296975706495,0.2627664848785325,0.2627664848785325,0.3158155676747645,0.24764501735250372,0.2583044124938027,0.2602875557759048,0.26003966286564206,0.3371343579573624,1.0,0.30168567178978684,0.282350024789291,0.2964799206742687,0.259048091224591,0.29102627664848785,0.2890431333663857,0.29325731284085277,0.2920178482895389,0.28011898859692613,0.28135845314824,0.27987109568666335,0.2892910262766485,0.27863163113534956,0.2583044124938027,0.259048091224591,0.26078334159643035,0.2545860188398612,0.26797223599405057,0.29424888448190384,0.28011898859692613,0.244174516608825,0.28284581060981656,0.24318294496777393,0.24962816063460586
PLAYGROUND_BANDIT,0.28011898859692613,0.3113534952900347,0.32399603371343577,0.30218145761031234,0.38646504709965296,0.39439762022806146,0.40803173029251366,0.3158155676747645,0.3455627169062965,0.3415964303420922,0.3411006445215667,0.30664352999504213,0.30168567178978684,1.0,0.3433316807139316,0.45810609816559245,0.3336638572136837,0.6479920674268715,0.500991571641051,0.334407535944472,0.41001487357461575,0.33564700049578583,0.3634110064452157,0.3406048587010411,0.3366385721368369,0.3822508676251859,0.3601883986117997,0.35994050570153696,0.3564700049578582,0.3750619732275657,0.33564700049578583,0.33763014377788797,0.3631631135349529,0.35324739712444225,0.3177987109568666,0.35820525532969755,0.2974714923153198
PLAYGROUND_GRAPH_DENSITY,0.24541398116013882,0.2746653445711453,0.9752107089737233,0.2863163113534953,0.29053049082796234,0.2959841348537432,0.38051561725334654,0.2808626673277144,0.288795240456123,0.285572632622707,0.28805156172533464,0.2850768468021815,0.282350024789291,0.3433316807139316,1.0,0.32077342588001984,0.29449677739216656,0.330193356470005,0.31705503222607834,0.3165592464055528,0.3296975706494794,0.30193356470004956,0.3411006445215667,0.31284085275161133,0.3113534952900347,0.31755081804660384,0.297223599405057,0.288795240456123,0.2957362419434804,0.2915220624690134,0.3039167079821517,0.30813088745661876,0.34134853743182947,0.27615270203272185,0.29920674268715913,0.2788795240456123,0.2821021318790283
PLAYGROUND_INFORMATIVE_DIVERSE,0.25706494794248885,0.29176995537927614,0.30292513634110063,0.28433316807139314,0.3289538919186911,0.32721864154685176,0.3708477937530987,0.29424888448190384,0.32746653445711454,0.32746653445711454,0.32498760535448684,0.29400099157164106,0.2964799206742687,0.45810609816559245,0.32077342588001984,1.0,0.30887456618740705,0.45290034705007437,0.4263758056519584,0.3135845314823996,0.3708477937530987,0.31680713931581556,0.34705007436787305,0.3158155676747645,0.3190381755081805,0.34581060981655926,0.32796232027764005,0.32771442736737727,0.3292017848289539,0.31383242439266235,0.3071393158155677,0.3210213187902826,0.33515121467526027,0.30193356470004956,0.29400099157164106,0.3039167079821517,0.2788795240456123
PLAYGROUND_KCENTER_GREEDY,0.9328210213187903,0.3036688150718889,0.27590480912245907,0.27193852255825485,0.3041646008924145,0.3026772434308379,0.35250371839365396,0.31284085275161133,0.2925136341100645,0.29300941993059,0.29077838373822507,0.2597917699553793,0.259048091224591,0.3336638572136837,0.29449677739216656,0.30887456618740705,1.0,0.32498760535448684,0.31308874566187406,0.29474467030242935,0.3284581060981656,0.300446207238473,0.31259295984134855,0.29127416955875063,0.30168567178978684,0.33911750123946455,0.30490827962320277,0.30193356470004956,0.3024293505205751,0.29449677739216656,0.3036688150718889,0.2964799206742687,0.35324739712444225,0.2816063460585027,0.28334159643034207,0.2878036688150719,0.2672285572632623
PLAYGROUND_MARGIN,0.2714427367377293,0.29920674268715913,0.3108577094695092,0.2949925632126921,0.40852751611303917,0.4533961328705999,0.3971244422409519,0.31259295984134855,0.33763014377788797,0.33564700049578583,0.33391175012394647,0.29474467030242935,0.29102627664848785,0.6479920674268715,0.330193356470005,0.45290034705007437,0.32498760535448684,1.0,0.5889935547843331,0.3254833911750124,0.4035696579077838,0.32746653445711454,0.35671789786812097,0.3304412493802677,0.3257312840852752,0.37630143777887953,0.35820525532969755,0.3549826474962816,0.35696579077838375,0.43951412989588495,0.3368864650470996,0.3257312840852752,0.3512642538423401,0.3889439762022806,0.30490827962320277,0.3839861179970253,0.2900347050074368
PLAYGROUND_MIXTURE,0.2602875557759048,0.2885473475458602,0.2997025285076847,0.2890431333663857,0.35027268220128904,0.37258304412493803,0.3701041150223104,0.29796727813584534,0.31284085275161133,0.31011403073872085,0.31308874566187406,0.2997025285076847,0.2890431333663857,0.500991571641051,0.31705503222607834,0.4263758056519584,0.31308874566187406,0.5889935547843331,1.0,0.3334159643034209,0.36043629152206247,0.3111056023797719,0.33118492811105604,0.3135845314823996,0.3202776400594943,0.3485374318294497,0.32300446207238476,0.322756569162122,0.3252354982647496,0.3616757560733763,0.3177987109568666,0.3187902825979177,0.3358948934060486,0.32746653445711454,0.29053049082796234,0.3289538919186911,0.28358948934060485
PLAYGROUND_UNIFORM,0.2506197322756569,0.2746653445711453,0.30218145761031234,0.289786812097174,0.3024293505205751,0.30466038671294,0.3596926127912742,0.28284581060981656,0.2882994546355974,0.2850768468021815,0.2937530986613783,0.3076351016360932,0.29325731284085277,0.334407535944472,0.3165592464055528,0.3135845314823996,0.29474467030242935,0.3254833911750124,0.3334159643034209,1.0,0.32746653445711454,0.30292513634110063,0.3116013882002975,0.3036688150718889,0.3180466038671294,0.32449181953396133,0.29424888448190384,0.29474467030242935,0.2959841348537432,0.3024293505205751,0.3187902825979177,0.3284581060981656,0.3202776400594943,0.282350024789291,0.289786812097174,0.28656420426375806,0.28358948934060485
SKACTIVEML_COST_EMBEDDING,0.278135845314824,0.30664352999504213,0.3113534952900347,0.2999504214179474,0.3512642538423401,0.3505205751115518,0.39687654933068917,0.30912245909766983,0.3373822508676252,0.3371343579573624,0.33614278631631134,0.2922657411998017,0.2920178482895389,0.41001487357461575,0.3296975706494794,0.3708477937530987,0.3284581060981656,0.4035696579077838,0.36043629152206247,0.32746653445711454,1.0,0.3190381755081805,0.35076846802181455,0.32821021318790283,0.319533961328706,0.3815071888943976,0.3520079325731284,0.3485374318294497,0.3490332176499752,0.3341596430342092,0.3334159643034209,0.3222607833415964,0.35076846802181455,0.326970748636589,0.30912245909766983,0.3304412493802677,0.2952404561229549
SKACTIVEML_DAL,0.25780862667327714,0.2729300941993059,0.28755577590480913,0.27962320277640057,0.3001983143282102,0.30069410014873577,0.3522558254833912,0.2741695587506197,0.29102627664848785,0.2925136341100645,0.2959841348537432,0.28953891918691127,0.28011898859692613,0.33564700049578583,0.30193356470004956,0.31680713931581556,0.300446207238473,0.32746653445711454,0.3111056023797719,0.30292513634110063,0.3190381755081805,1.0,0.31978185423896877,0.3011898859692613,0.3150718889439762,0.322756569162122,0.3001983143282102,0.2974714923153198,0.2997025285076847,0.2920178482895389,0.2989588497768964,0.30862667327714427,0.3222607833415964,0.27863163113534956,0.29424888448190384,0.2863163113534953,0.2746653445711453
SKACTIVEML_DWUS,0.263262270699058,0.29920674268715913,0.32374814080317305,0.29474467030242935,0.3403569657907784,0.33886960832920177,0.3884481903817551,0.3148239960337134,0.33192860684184433,0.334407535944472,0.330193356470005,0.2949925632126921,0.28135845314824,0.3634110064452157,0.3411006445215667,0.34705007436787305,0.31259295984134855,0.35671789786812097,0.33118492811105604,0.3116013882002975,0.35076846802181455,0.31978185423896877,1.0,0.3336638572136837,0.322756569162122,0.3490332176499752,0.3430837878036688,0.3443232523549826,0.3411006445215667,0.32399603371343577,0.33242439266236984,0.3187902825979177,0.3587010411502231,0.3145761031234507,0.30540406544372833,0.31606346058502727,0.29102627664848785
SKACTIVEML_QBC,0.24318294496777393,0.2729300941993059,0.2959841348537432,0.2853247397124442,0.29846306395637084,0.30143777887952405,0.3696083292017848,0.28805156172533464,0.289786812097174,0.29127416955875063,0.29053049082796234,0.2845810609816559,0.27987109568666335,0.3406048587010411,0.31284085275161133,0.3158155676747645,0.29127416955875063,0.3304412493802677,0.3135845314823996,0.3036688150718889,0.32821021318790283,0.3011898859692613,0.3336638572136837,1.0,0.3252354982647496,0.3321764997521071,0.30490827962320277,0.31036192364898363,0.30937035200793256,0.29548834903321763,0.31606346058502727,0.30565195835399106,0.322756569162122,0.28334159643034207,0.28705999008428357,0.2840852751611304,0.2788795240456123
SKACTIVEML_QBC_VOTE_ENTROPY,0.2550818046603867,0.2734258800198314,0.2937530986613783,0.2900347050074368,0.2994546355974219,0.29846306395637084,0.36365889935547846,0.2771442736737729,0.2935052057511155,0.29325731284085277,0.297223599405057,0.2999504214179474,0.2892910262766485,0.3366385721368369,0.3113534952900347,0.3190381755081805,0.30168567178978684,0.3257312840852752,0.3202776400594943,0.3180466038671294,0.319533961328706,0.3150718889439762,0.322756569162122,0.3252354982647496,1.0,0.31631135349529005,0.30441249380267726,0.30664352999504213,0.3073872087258304,0.28705999008428357,0.31680713931581556,0.31234506693108577,0.32374814080317305,0.27615270203272185,0.2964799206742687,0.28284581060981656,0.2840852751611304
SKACTIVEML_QUIRE,0.28656420426375806,0.33192860684184433,0.2994546355974219,0.2882994546355974,0.3433316807139316,0.3415964303420922,0.39762022806147745,0.33391175012394647,0.32771442736737727,0.3304412493802677,0.3232523549826475,0.2935052057511155,0.27863163113534956,0.3822508676251859,0.31755081804660384,0.34581060981655926,0.33911750123946455,0.37630143777887953,0.3485374318294497,0.32449181953396133,0.3815071888943976,0.322756569162122,0.3490332176499752,0.3321764997521071,0.31631135349529005,1.0,0.34134853743182947,0.34234010907288054,0.3403569657907784,0.33391175012394647,0.3433316807139316,0.32449181953396133,0.35473475458601883,0.3222607833415964,0.30664352999504213,0.32077342588001984,0.28284581060981656
SKACTIVEML_US_ENTROPY,0.2521070897372335,0.28730788299454635,0.27689638076351014,0.273921665840357,0.36812097174020825,0.3616757560733763,0.3646504709965295,0.2974714923153198,0.36489836390679226,0.3485374318294497,0.3329201784828954,0.2595438770451165,0.2583044124938027,0.3601883986117997,0.297223599405057,0.32796232027764005,0.30490827962320277,0.35820525532969755,0.32300446207238476,0.29424888448190384,0.3520079325731284,0.3001983143282102,0.3430837878036688,0.30490827962320277,0.30441249380267726,0.34134853743182947,1.0,0.8572136836886465,0.8284581060981656,0.3455627169062965,0.3098661378284581,0.30292513634110063,0.33614278631631134,0.33986117997025284,0.2773921665840357,0.3626673277144274,0.26846802181457613
SKACTIVEML_US_LC,0.2478929102627665,0.28705999008428357,0.2677243430837878,0.27119484382746656,0.38001983143282103,0.3564700049578582,0.36043629152206247,0.2952404561229549,0.34283589489340605,0.3579573624194348,0.3296975706494794,0.26127912741695586,0.259048091224591,0.35994050570153696,0.288795240456123,0.32771442736737727,0.30193356470004956,0.3549826474962816,0.322756569162122,0.29474467030242935,0.3485374318294497,0.2974714923153198,0.3443232523549826,0.31036192364898363,0.30664352999504213,0.34234010907288054,0.8572136836886465,1.0,0.8339117501239465,0.34234010907288054,0.307882994546356,0.30466038671294,0.33490332176499754,0.3512642538423401,0.27615270203272185,0.3406048587010411,0.26524541398116014
SKACTIVEML_US_MARGIN,0.2498760535448686,0.28681209717402084,0.27491323748140806,0.27689638076351014,0.35349529003470503,0.3817550818046604,0.3624194348041646,0.2915220624690134,0.3296975706494794,0.3329201784828954,0.3564700049578582,0.2625185919682697,0.26078334159643035,0.3564700049578582,0.2957362419434804,0.3292017848289539,0.3024293505205751,0.35696579077838375,0.3252354982647496,0.2959841348537432,0.3490332176499752,0.2997025285076847,0.3411006445215667,0.30937035200793256,0.3073872087258304,0.3403569657907784,0.8284581060981656,0.8339117501239465,1.0,0.36489836390679226,0.3083787803668815,0.3034209221616262,0.3321764997521071,0.3247397124442241,0.27937530986613784,0.3252354982647496,0.2709469509172038
SMALLTEXT_BREAKINGTIES,0.24070401586514625,0.2776400594942985,0.27243430837878035,0.2592959841348537,0.4000991571641051,0.48016856717897866,0.36117997025285076,0.28334159643034207,0.39067922657411996,0.3926623698562221,0.41224590976698067,0.2602875557759048,0.2545860188398612,0.3750619732275657,0.2915220624690134,0.31383242439266235,0.29449677739216656,0.43951412989588495,0.3616757560733763,0.3024293505205751,0.3341596430342092,0.2920178482895389,0.32399603371343577,0.29548834903321763,0.28705999008428357,0.33391175012394647,0.3455627169062965,0.34234010907288054,0.36489836390679226,1.0,0.3036688150718889,0.2922657411998017,0.32374814080317305,0.8073872087258305,0.27243430837878035,0.8054040654437283,0.25384234010907286
SMALLTEXT_CONTRASTIVEAL,0.2555775904809122,0.29077838373822507,0.2860684184432325,0.2729300941993059,0.30887456618740705,0.31184928111056026,0.38349033217649975,0.32498760535448684,0.2999504214179474,0.30143777887952405,0.29796727813584534,0.27937530986613784,0.26797223599405057,0.33564700049578583,0.3039167079821517,0.3071393158155677,0.3036688150718889,0.3368864650470996,0.3177987109568666,0.3187902825979177,0.3334159643034209,0.2989588497768964,0.33242439266236984,0.31606346058502727,0.31680713931581556,0.3433316807139316,0.3098661378284581,0.307882994546356,0.3083787803668815,0.3036688150718889,1.0,0.30441249380267726,0.33391175012394647,0.2915220624690134,0.2840852751611304,0.29449677739216656,0.26896380763510164
SMALLTEXT_EMBEDDINGKMEANS,0.2513634110064452,0.2773921665840357,0.29400099157164106,0.29127416955875063,0.2959841348537432,0.30168567178978684,0.3596926127912742,0.28705999008428357,0.2882994546355974,0.28705999008428357,0.2878036688150719,0.3108577094695092,0.29424888448190384,0.33763014377788797,0.30813088745661876,0.3210213187902826,0.2964799206742687,0.3257312840852752,0.3187902825979177,0.3284581060981656,0.3222607833415964,0.30862667327714427,0.3187902825979177,0.30565195835399106,0.31234506693108577,0.32449181953396133,0.30292513634110063,0.30466038671294,0.3034209221616262,0.2922657411998017,0.30441249380267726,1.0,0.3143282102131879,0.27987109568666335,0.3071393158155677,0.28061477441745164,0.28730788299454635
SMALLTEXT_GREEDYCORESET,0.30466038671294,0.31234506693108577,0.3252354982647496,0.29127416955875063,0.3292017848289539,0.32870599900842834,0.3882002974714923,0.307882994546356,0.3304412493802677,0.32796232027764005,0.32350024789291026,0.2863163113534953,0.28011898859692613,0.3631631135349529,0.34134853743182947,0.33515121467526027,0.35324739712444225,0.3512642538423401,0.3358948934060486,0.3202776400594943,0.35076846802181455,0.3222607833415964,0.3587010411502231,0.322756569162122,0.32374814080317305,0.35473475458601883,0.33614278631631134,0.33490332176499754,0.3321764997521071,0.32374814080317305,0.33391175012394647,0.3143282102131879,1.0,0.31383242439266235,0.3031730292513634,0.31631135349529005,0.2860684184432325
SMALLTEXT_LEASTCONFIDENCE,0.24367873078829946,0.28284581060981656,0.2662369856222112,0.2508676251859197,0.4620723847297967,0.38324243926623697,0.3433316807139316,0.27119484382746656,0.38671294000991574,0.4090233019335647,0.37159147248388696,0.24739712444224096,0.244174516608825,0.35324739712444225,0.27615270203272185,0.30193356470004956,0.2816063460585027,0.3889439762022806,0.32746653445711454,0.282350024789291,0.326970748636589,0.27863163113534956,0.3145761031234507,0.28334159643034207,0.27615270203272185,0.3222607833415964,0.33986117997025284,0.3512642538423401,0.3247397124442241,0.8073872087258305,0.2915220624690134,0.27987109568666335,0.31383242439266235,1.0,0.2863163113534953,0.8453148239960337,0.2677243430837878
SMALLTEXT_LIGHTWEIGHTCORESET,0.2518591968269707,0.270699058006941,0.29077838373822507,0.27615270203272185,0.28433316807139314,0.289786812097174,0.34705007436787305,0.2697074863658899,0.2677243430837878,0.2667327714427367,0.26747645017352506,0.2848289538919187,0.28284581060981656,0.3177987109568666,0.29920674268715913,0.29400099157164106,0.28334159643034207,0.30490827962320277,0.29053049082796234,0.289786812097174,0.30912245909766983,0.29424888448190384,0.30540406544372833,0.28705999008428357,0.2964799206742687,0.30664352999504213,0.2773921665840357,0.27615270203272185,0.27937530986613784,0.27243430837878035,0.2840852751611304,0.3071393158155677,0.3031730292513634,0.2863163113534953,1.0,0.2925136341100645,0.2900347050074368
SMALLTEXT_PREDICTIONENTROPY,0.24665344571145265,0.28582052553296977,0.26747645017352506,0.2583044124938027,0.40208230044620724,0.3810114030738721,0.3490332176499752,0.27491323748140806,0.40852751611303917,0.39092711948438275,0.37679722359940504,0.25037183936539414,0.24318294496777393,0.35820525532969755,0.2788795240456123,0.3039167079821517,0.2878036688150719,0.3839861179970253,0.3289538919186911,0.28656420426375806,0.3304412493802677,0.2863163113534953,0.31606346058502727,0.2840852751611304,0.28284581060981656,0.32077342588001984,0.3626673277144274,0.3406048587010411,0.3252354982647496,0.8054040654437283,0.29449677739216656,0.28061477441745164,0.31631135349529005,0.8453148239960337,0.2925136341100645,1.0,0.27689638076351014
SMALLTEXT_RANDOM,0.23177987109568665,0.25384234010907286,0.270699058006941,0.9737233515121467,0.2630143777887952,0.26747645017352506,0.3185423896876549,0.24814080317302925,0.2513634110064452,0.25260287555775907,0.2543381259295984,0.2588001983143282,0.24962816063460586,0.2974714923153198,0.2821021318790283,0.2788795240456123,0.2672285572632623,0.2900347050074368,0.28358948934060485,0.28358948934060485,0.2952404561229549,0.2746653445711453,0.29102627664848785,0.2788795240456123,0.2840852751611304,0.28284581060981656,0.26846802181457613,0.26524541398116014,0.2709469509172038,0.25384234010907286,0.26896380763510164,0.28730788299454635,0.2860684184432325,0.2677243430837878,0.2900347050074368,0.27689638076351014,1.0
