,ALIPY_CORESET_GREEDY,ALIPY_DENSITY_WEIGHTED,ALIPY_GRAPH_DENSITY,ALIPY_RANDOM,ALIPY_UNCERTAINTY_LC,ALIPY_UNCERTAINTY_MM,LIBACT_DWUS,LIBACT_QUIRE,LIBACT_UNCERTAINTY_ENT,LIBACT_UNCERTAINTY_LC,LIBACT_UNCERTAINTY_SM,OPTIMAL_GREEDY_10,OPTIMAL_GREEDY_20,PLAYGROUND_BANDIT,PLAYGROUND_GRAPH_DENSITY,PLAYGROUND_INFORMATIVE_DIVERSE,PLAYGROUND_KCENTER_GREEDY,PLAYGROUND_MARGIN,PLAYGROUND_MIXTURE,PLAYGROUND_UNIFORM,SKACTIVEML_COST_EMBEDDING,SKACTIVEML_DAL,SKACTIVEML_DWUS,SKACTIVEML_QBC,SKACTIVEML_QBC_VOTE_ENTROPY,SKACTIVEML_QUIRE,SKACTIVEML_US_ENTROPY,SKACTIVEML_US_LC,SKACTIVEML_US_MARGIN,SMALLTEXT_BREAKINGTIES,SMALLTEXT_CONTRASTIVEAL,SMALLTEXT_EMBEDDINGKMEANS,SMALLTEXT_GREEDYCORESET,SMALLTEXT_LEASTCONFIDENCE,SMALLTEXT_LIGHTWEIGHTCORESET,SMALLTEXT_PREDICTIONENTROPY,SMALLTEXT_RANDOM
ALIPY_CORESET_GREEDY,1.0,0.19484382746653445,0.10832920178482895,0.1412989588497769,0.13435795736241943,0.12345066931085771,0.08081308874566187,0.1648487853247397,0.1368368864650471,0.1346058502726822,0.12617749132374814,0.14972731779871096,0.1442736737729301,0.1427863163113535,0.10832920178482895,0.15716410510659395,0.9938026772434309,0.14625681705503224,0.1576598909271195,0.13212692117005453,0.15865146256817056,0.13981160138820029,0.10634605850272683,0.11725334655428855,0.15047099652949925,0.1554288547347546,0.14105106593951414,0.1405552801189886,0.12741695587506197,0.1353495290034705,0.10089241447694595,0.12890431333663857,0.19905800694100148,0.14551313832424392,0.14402578086266732,0.1457610312345067,0.1412989588497769
ALIPY_DENSITY_WEIGHTED,0.19484382746653445,1.0,0.0909766980664353,0.11080813088745661,0.1554288547347546,0.14402578086266732,0.09271194843827467,0.20277640059494298,0.14105106593951414,0.13956370847793753,0.13138324243926625,0.11427863163113534,0.11774913237481408,0.1554288547347546,0.0909766980664353,0.15642042637580567,0.19781854238968766,0.1628656420426376,0.14675260287555775,0.12047595438770452,0.14600892414476946,0.12692117005453643,0.11898859692612791,0.11279127416955875,0.12890431333663857,0.1901338621715419,0.15691621219633117,0.1574119980168567,0.1420426375805652,0.139067922657412,0.11452652454139811,0.11080813088745661,0.15443728309370353,0.14848785324739713,0.12245909766980664,0.14724838869608328,0.11080813088745661
ALIPY_GRAPH_DENSITY,0.10832920178482895,0.0909766980664353,1.0,0.14625681705503224,0.10163609320773426,0.11080813088745661,0.13733267228557264,0.07040158651462568,0.09345562716906297,0.0887456618740704,0.09766980664352999,0.15642042637580567,0.14774417451660882,0.12196331184928111,0.9997521070897373,0.11774913237481408,0.11080813088745661,0.11229548834903322,0.1375805651958354,0.15865146256817056,0.10634605850272683,0.13931581556767478,0.13262270699058007,0.12270699058006941,0.15146256817055032,0.07560733763014378,0.0991571641051066,0.10039662865642042,0.10436291522062469,0.09568666336142786,0.09048091224590976,0.15047099652949925,0.1405552801189886,0.09419930589985126,0.15617253346554288,0.08998512642538424,0.1457610312345067
ALIPY_RANDOM,0.1412989588497769,0.11080813088745661,0.14625681705503224,1.0,0.11849281110560238,0.12840852751611304,0.10386712940009915,0.10114030738720872,0.11923648983639068,0.11303916707982152,0.11849281110560238,0.19533961328705998,0.19905800694100148,0.1405552801189886,0.14625681705503224,0.14030738720872582,0.14402578086266732,0.13882002974714924,0.16435299950421417,0.18542389687654934,0.12171541893901834,0.16732771442736738,0.11502231036192365,0.13138324243926625,0.17575607337630145,0.09742191373326722,0.11650966782350025,0.12146752602875557,0.12543381259295985,0.124194348041646,0.1028755577590481,0.17327714427367377,0.13658899355478432,0.12072384729796728,0.1722855726326227,0.11626177491323748,0.9980168567178979
ALIPY_UNCERTAINTY_LC,0.13435795736241943,0.1554288547347546,0.10163609320773426,0.11849281110560238,1.0,0.7441745166088249,0.0917203767972236,0.11626177491323748,0.19335647000495787,0.23946455131383243,0.1737729300941993,0.131631135349529,0.13187902825979178,0.2092216162617749,0.10163609320773426,0.1650966782350025,0.1383242439266237,0.2426871591472484,0.18815071888943977,0.12692117005453643,0.16460089241447695,0.13857213683688646,0.11204759543877045,0.12022806147744175,0.12840852751611304,0.14724838869608328,0.22136836886465047,0.26822012890431335,0.1968269707486366,0.24863658899355479,0.10857709469509172,0.11750123946455131,0.1308874566187407,0.3824987605354487,0.12766484878532475,0.28011898859692613,0.11849281110560238
ALIPY_UNCERTAINTY_MM,0.12345066931085771,0.14402578086266732,0.11080813088745661,0.12840852751611304,0.7441745166088249,1.0,0.08899355478433317,0.1036192364898364,0.16782350024789291,0.17055032226078334,0.23772930094199307,0.1412989588497769,0.1368368864650471,0.2300446207238473,0.11080813088745661,0.16782350024789291,0.12667327714427368,0.2935052057511155,0.2131879028259792,0.13212692117005453,0.16013882002974714,0.14005949429846307,0.10932077342588002,0.11849281110560238,0.1294000991571641,0.13956370847793753,0.1871591472483887,0.19633118492811105,0.2597917699553793,0.3775409023301934,0.10535448686167576,0.12890431333663857,0.12469013386217154,0.2528507684680218,0.12816063460585028,0.23599405057015369,0.12840852751611304
LIBACT_DWUS,0.08081308874566187,0.09271194843827467,0.13733267228557264,0.10386712940009915,0.0917203767972236,0.08899355478433317,1.0,0.07213683688646505,0.0857709469509172,0.08254833911750124,0.08254833911750124,0.08775409023301933,0.08031730292513634,0.10386712940009915,0.13733267228557264,0.09395141298958849,0.08205255329697571,0.10535448686167576,0.10510659395141299,0.10956866633614279,0.11303916707982152,0.10014873574615767,0.10708973723351513,0.11006445215666832,0.10882498760535449,0.08998512642538424,0.08998512642538424,0.08924144769459594,0.09048091224590976,0.08626673277144274,0.08849776896380764,0.12320277640059495,0.09048091224590976,0.08230044620723848,0.10832920178482895,0.0813088745661874,0.10262766484878533
LIBACT_QUIRE,0.1648487853247397,0.20277640059494298,0.07040158651462568,0.10114030738720872,0.11626177491323748,0.1036192364898364,0.07213683688646505,1.0,0.11378284581060982,0.10981655924640556,0.0991571641051066,0.09667823500247893,0.09221616261774913,0.12444224095190877,0.07040158651462568,0.12245909766980664,0.16757560733763013,0.11328705999008429,0.10882498760535449,0.10535448686167576,0.12766484878532475,0.10262766484878533,0.0961824491819534,0.09940505701536936,0.10461080813088745,0.16187407040158652,0.12320277640059495,0.11923648983639068,0.11155180961824492,0.10163609320773426,0.10758552305404065,0.09742191373326722,0.12964799206742686,0.11080813088745661,0.0999008428358949,0.11006445215666832,0.10114030738720872
LIBACT_UNCERTAINTY_ENT,0.1368368864650471,0.14105106593951414,0.09345562716906297,0.11923648983639068,0.19335647000495787,0.16782350024789291,0.0857709469509172,0.11378284581060982,1.0,0.7845810609816559,0.7387208725830441,0.13138324243926625,0.1346058502726822,0.15493306891422906,0.09345562716906297,0.16187407040158652,0.1412989588497769,0.15443728309370353,0.14253842340109074,0.1271690629647992,0.15815567674764502,0.11948438274665345,0.1212196331184928,0.10981655924640556,0.13411006445215667,0.14253842340109074,0.23723351512146754,0.19137332672285573,0.16683192860684184,0.2592959841348537,0.10634605850272683,0.11378284581060982,0.13113534952900346,0.28433316807139314,0.1212196331184928,0.3371343579573624,0.11923648983639068
LIBACT_UNCERTAINTY_LC,0.1346058502726822,0.13956370847793753,0.0887456618740704,0.11303916707982152,0.23946455131383243,0.17055032226078334,0.08254833911750124,0.10981655924640556,0.7845810609816559,1.0,0.7526028755577591,0.1308874566187407,0.13187902825979178,0.15319781854238967,0.0887456618740704,0.161378284581061,0.139067922657412,0.15642042637580567,0.14328210213187903,0.11998016856717898,0.16236985622211206,0.12320277640059495,0.11923648983639068,0.1065939514129896,0.13187902825979178,0.14080317302925136,0.19286068418443233,0.23128408527516114,0.16980664352999505,0.26474962816063463,0.10089241447694595,0.11427863163113534,0.12766484878532475,0.33763014377788797,0.11725334655428855,0.29400099157164106,0.11303916707982152
LIBACT_UNCERTAINTY_SM,0.12617749132374814,0.13138324243926625,0.09766980664352999,0.11849281110560238,0.1737729300941993,0.23772930094199307,0.08254833911750124,0.0991571641051066,0.7387208725830441,0.7526028755577591,1.0,0.1368368864650471,0.13981160138820029,0.15592464055528013,0.09766980664352999,0.16088249876053545,0.12989588497768964,0.15617253346554288,0.14303420922161625,0.13212692117005453,0.1576598909271195,0.12369856222112048,0.11874070401586515,0.11303916707982152,0.13411006445215667,0.1338621715418939,0.15989092711948438,0.1715418939018344,0.23252354982647497,0.3363906792265741,0.10312345066931086,0.11502231036192365,0.12617749132374814,0.2635101636093208,0.1249380267724343,0.25855230540406543,0.11849281110560238
OPTIMAL_GREEDY_10,0.14972731779871096,0.11427863163113534,0.15642042637580567,0.19533961328705998,0.131631135349529,0.1412989588497769,0.08775409023301933,0.09667823500247893,0.13138324243926625,0.1308874566187407,0.1368368864650471,1.0,0.40183440753594446,0.14476945959345563,0.15642042637580567,0.1626177491323748,0.15245413981160139,0.14724838869608328,0.18815071888943977,0.2151710461080813,0.12097174020823004,0.1826970748636589,0.11626177491323748,0.14848785324739713,0.21219633118492812,0.10733763014377788,0.13262270699058007,0.13262270699058007,0.13782845810609817,0.14030738720872582,0.0991571641051066,0.20699058006941,0.1554288547347546,0.12840852751611304,0.20029747149231533,0.12766484878532475,0.19484382746653445
OPTIMAL_GREEDY_20,0.1442736737729301,0.11774913237481408,0.14774417451660882,0.19905800694100148,0.13187902825979178,0.1368368864650471,0.08031730292513634,0.09221616261774913,0.1346058502726822,0.13187902825979178,0.13981160138820029,0.40183440753594446,1.0,0.14526524541398117,0.14774417451660882,0.1670798215171046,0.14700049578582053,0.13634110064452157,0.17327714427367377,0.2077342588001983,0.11725334655428855,0.1812097174020823,0.11229548834903322,0.14352999504214178,0.1931085770946951,0.0984134853743183,0.1271690629647992,0.1308874566187407,0.13634110064452157,0.13956370847793753,0.10485870104115022,0.20302429350520576,0.1457610312345067,0.1368368864650471,0.20029747149231533,0.13361427863163114,0.19856222112047595
PLAYGROUND_BANDIT,0.1427863163113535,0.1554288547347546,0.12196331184928111,0.1405552801189886,0.2092216162617749,0.2300446207238473,0.10386712940009915,0.12444224095190877,0.15493306891422906,0.15319781854238967,0.15592464055528013,0.14476945959345563,0.14526524541398117,1.0,0.12196331184928111,0.33465542885473476,0.14675260287555775,0.5835399107585523,0.36043629152206247,0.16460089241447695,0.25037183936539414,0.14600892414476946,0.12592959841348536,0.13559742191373328,0.1479920674268716,0.16385721368368864,0.1745166088249876,0.1715418939018344,0.17253346554288548,0.2151710461080813,0.10981655924640556,0.13981160138820029,0.1420426375805652,0.20252850768468023,0.1420426375805652,0.19881011403073873,0.14030738720872582
PLAYGROUND_GRAPH_DENSITY,0.10832920178482895,0.0909766980664353,0.9997521070897373,0.14625681705503224,0.10163609320773426,0.11080813088745661,0.13733267228557264,0.07040158651462568,0.09345562716906297,0.0887456618740704,0.09766980664352999,0.15642042637580567,0.14774417451660882,0.12196331184928111,1.0,0.11774913237481408,0.11080813088745661,0.11229548834903322,0.1375805651958354,0.15865146256817056,0.10634605850272683,0.13956370847793753,0.13262270699058007,0.12295488349033218,0.15146256817055032,0.07585523054040655,0.0991571641051066,0.10039662865642042,0.10436291522062469,0.09568666336142786,0.09048091224590976,0.15047099652949925,0.14080317302925136,0.09419930589985126,0.15617253346554288,0.08998512642538424,0.1457610312345067
PLAYGROUND_INFORMATIVE_DIVERSE,0.15716410510659395,0.15642042637580567,0.11774913237481408,0.14030738720872582,0.1650966782350025,0.16782350024789291,0.09395141298958849,0.12245909766980664,0.16187407040158652,0.161378284581061,0.16088249876053545,0.1626177491323748,0.1670798215171046,0.33465542885473476,0.11774913237481408,1.0,0.1611303916707982,0.3329201784828954,0.31234506693108577,0.15493306891422906,0.20277640059494298,0.15443728309370353,0.1212196331184928,0.1331184928111056,0.15790778383738224,0.1554288547347546,0.1536936043629152,0.15642042637580567,0.1554288547347546,0.16460089241447695,0.10907288051561725,0.14848785324739713,0.14229053049082796,0.1633614278631631,0.14700049578582053,0.16311353495290035,0.14005949429846307
PLAYGROUND_KCENTER_GREEDY,0.9938026772434309,0.19781854238968766,0.11080813088745661,0.14402578086266732,0.1383242439266237,0.12667327714427368,0.08205255329697571,0.16757560733763013,0.1412989588497769,0.139067922657412,0.12989588497768964,0.15245413981160139,0.14700049578582053,0.14675260287555775,0.11080813088745661,0.1611303916707982,1.0,0.15047099652949925,0.16088249876053545,0.1353495290034705,0.16236985622211206,0.14253842340109074,0.10932077342588002,0.11948438274665345,0.1536936043629152,0.15964303420922163,0.1450173525037184,0.14476945959345563,0.1308874566187407,0.13882002974714924,0.10188398611799702,0.13113534952900346,0.20252850768468023,0.14972731779871096,0.14675260287555775,0.14972731779871096,0.14402578086266732
PLAYGROUND_MARGIN,0.14625681705503224,0.1628656420426376,0.11229548834903322,0.13882002974714924,0.2426871591472484,0.2935052057511155,0.10535448686167576,0.11328705999008429,0.15443728309370353,0.15642042637580567,0.15617253346554288,0.14724838869608328,0.13634110064452157,0.5835399107585523,0.11229548834903322,0.3329201784828954,0.15047099652949925,1.0,0.45761031234506694,0.15443728309370353,0.25409023301933564,0.13956370847793753,0.1264253842340109,0.13361427863163114,0.13733267228557264,0.1663361427863163,0.16831928606841845,0.16460089241447695,0.1715418939018344,0.28383738225086763,0.10907288051561725,0.13733267228557264,0.13485374318294496,0.23648983639067922,0.1338621715418939,0.23177987109568665,0.13857213683688646
PLAYGROUND_MIXTURE,0.1576598909271195,0.14675260287555775,0.1375805651958354,0.16435299950421417,0.18815071888943977,0.2131879028259792,0.10510659395141299,0.10882498760535449,0.14253842340109074,0.14328210213187903,0.14303420922161625,0.18815071888943977,0.17327714427367377,0.36043629152206247,0.1375805651958354,0.31234506693108577,0.16088249876053545,0.45761031234506694,1.0,0.19137332672285573,0.19211700545364402,0.15567674764501735,0.11948438274665345,0.146504709965295,0.17352503718393653,0.14253842340109074,0.146504709965295,0.14898363906792267,0.15344571145265246,0.2017848289538919,0.10014873574615767,0.17476450173525038,0.13411006445215667,0.17575607337630145,0.161378284581061,0.16831928606841845,0.16410510659395142
PLAYGROUND_UNIFORM,0.13212692117005453,0.12047595438770452,0.15865146256817056,0.18542389687654934,0.12692117005453643,0.13212692117005453,0.10956866633614279,0.10535448686167576,0.1271690629647992,0.11998016856717898,0.13212692117005453,0.2151710461080813,0.2077342588001983,0.16460089241447695,0.15865146256817056,0.15493306891422906,0.1353495290034705,0.15443728309370353,0.19137332672285573,1.0,0.14005949429846307,0.1774913237481408,0.11477441745166088,0.14675260287555775,0.20079325731284084,0.11229548834903322,0.1279127416955875,0.12369856222112048,0.131631135349529,0.12989588497768964,0.11502231036192365,0.19558750619732276,0.1502231036192365,0.124194348041646,0.17625185919682698,0.11898859692612791,0.18468021814576102
SKACTIVEML_COST_EMBEDDING,0.15865146256817056,0.14600892414476946,0.10634605850272683,0.12171541893901834,0.16460089241447695,0.16013882002974714,0.11303916707982152,0.12766484878532475,0.15815567674764502,0.16236985622211206,0.1576598909271195,0.12097174020823004,0.11725334655428855,0.25037183936539414,0.10634605850272683,0.20277640059494298,0.16236985622211206,0.25409023301933564,0.19211700545364402,0.14005949429846307,1.0,0.13113534952900346,0.12270699058006941,0.12667327714427368,0.1308874566187407,0.1856717897868121,0.16187407040158652,0.16683192860684184,0.1591472483886961,0.1628656420426376,0.11551809618244918,0.1271690629647992,0.13708477937530986,0.16385721368368864,0.13733267228557264,0.16807139315815567,0.12146752602875557
SKACTIVEML_DAL,0.13981160138820029,0.12692117005453643,0.13931581556767478,0.16732771442736738,0.13857213683688646,0.14005949429846307,0.10014873574615767,0.10262766484878533,0.11948438274665345,0.12320277640059495,0.12369856222112048,0.1826970748636589,0.1812097174020823,0.14600892414476946,0.13956370847793753,0.15443728309370353,0.14253842340109074,0.13956370847793753,0.15567674764501735,0.1774913237481408,0.13113534952900346,1.0,0.11601388200297472,0.13287059990084282,0.17873078829945463,0.11279127416955875,0.12741695587506197,0.12989588497768964,0.1346058502726822,0.12989588497768964,0.11403073872087258,0.16559246405552802,0.1427863163113535,0.1353495290034705,0.17352503718393653,0.12617749132374814,0.16683192860684184
SKACTIVEML_DWUS,0.10634605850272683,0.11898859692612791,0.13262270699058007,0.11502231036192365,0.11204759543877045,0.10932077342588002,0.10708973723351513,0.0961824491819534,0.1212196331184928,0.11923648983639068,0.11874070401586515,0.11626177491323748,0.11229548834903322,0.12592959841348536,0.13262270699058007,0.1212196331184928,0.10932077342588002,0.1264253842340109,0.11948438274665345,0.11477441745166088,0.12270699058006941,0.11601388200297472,1.0,0.10585027268220129,0.11799702528507684,0.11427863163113534,0.10907288051561725,0.10981655924640556,0.11056023797719385,0.10684184432325236,0.0954387704511651,0.11279127416955875,0.11130391670798215,0.10857709469509172,0.11551809618244918,0.11031234506693109,0.11427863163113534
SKACTIVEML_QBC,0.11725334655428855,0.11279127416955875,0.12270699058006941,0.13138324243926625,0.12022806147744175,0.11849281110560238,0.11006445215666832,0.09940505701536936,0.10981655924640556,0.1065939514129896,0.11303916707982152,0.14848785324739713,0.14352999504214178,0.13559742191373328,0.12295488349033218,0.1331184928111056,0.11948438274665345,0.13361427863163114,0.146504709965295,0.14675260287555775,0.12667327714427368,0.13287059990084282,0.10585027268220129,1.0,0.15567674764501735,0.11799702528507684,0.1256817055032226,0.1264253842340109,0.13063956370847793,0.11725334655428855,0.11006445215666832,0.13956370847793753,0.11601388200297472,0.11824491819533961,0.1375805651958354,0.10981655924640556,0.13063956370847793
SKACTIVEML_QBC_VOTE_ENTROPY,0.15047099652949925,0.12890431333663857,0.15146256817055032,0.17575607337630145,0.12840852751611304,0.1294000991571641,0.10882498760535449,0.10461080813088745,0.13411006445215667,0.13187902825979178,0.13411006445215667,0.21219633118492812,0.1931085770946951,0.1479920674268716,0.15146256817055032,0.15790778383738224,0.1536936043629152,0.13733267228557264,0.17352503718393653,0.20079325731284084,0.1308874566187407,0.17873078829945463,0.11799702528507684,0.15567674764501735,1.0,0.11973227565691621,0.13287059990084282,0.13510163609320774,0.1405552801189886,0.131631135349529,0.0991571641051066,0.18468021814576102,0.15716410510659395,0.12766484878532475,0.18443232523549827,0.13138324243926625,0.17575607337630145
SKACTIVEML_QUIRE,0.1554288547347546,0.1901338621715419,0.07560733763014378,0.09742191373326722,0.14724838869608328,0.13956370847793753,0.08998512642538424,0.16187407040158652,0.14253842340109074,0.14080317302925136,0.1338621715418939,0.10733763014377788,0.0984134853743183,0.16385721368368864,0.07585523054040655,0.1554288547347546,0.15964303420922163,0.1663361427863163,0.14253842340109074,0.11229548834903322,0.1856717897868121,0.11279127416955875,0.11427863163113534,0.11799702528507684,0.11973227565691621,1.0,0.14774417451660882,0.14848785324739713,0.13411006445215667,0.1338621715418939,0.10857709469509172,0.1065939514129896,0.13956370847793753,0.14476945959345563,0.11279127416955875,0.1450173525037184,0.09742191373326722
SKACTIVEML_US_ENTROPY,0.14105106593951414,0.15691621219633117,0.0991571641051066,0.11650966782350025,0.22136836886465047,0.1871591472483887,0.08998512642538424,0.12320277640059495,0.23723351512146754,0.19286068418443233,0.15989092711948438,0.13262270699058007,0.1271690629647992,0.1745166088249876,0.0991571641051066,0.1536936043629152,0.1450173525037184,0.16831928606841845,0.146504709965295,0.1279127416955875,0.16187407040158652,0.12741695587506197,0.10907288051561725,0.1256817055032226,0.13287059990084282,0.14774417451660882,1.0,0.7920178482895389,0.7419434804164601,0.1722855726326227,0.10485870104115022,0.11527020327218641,0.13187902825979178,0.20228061477441744,0.12022806147744175,0.25111551809618243,0.11601388200297472
SKACTIVEML_US_LC,0.1405552801189886,0.1574119980168567,0.10039662865642042,0.12146752602875557,0.26822012890431335,0.19633118492811105,0.08924144769459594,0.11923648983639068,0.19137332672285573,0.23128408527516114,0.1715418939018344,0.13262270699058007,0.1308874566187407,0.1715418939018344,0.10039662865642042,0.15642042637580567,0.14476945959345563,0.16460089241447695,0.14898363906792267,0.12369856222112048,0.16683192860684184,0.12989588497768964,0.10981655924640556,0.1264253842340109,0.13510163609320774,0.14848785324739713,0.7920178482895389,1.0,0.7652454139811602,0.17699553792761527,0.10213187902825979,0.11576598909271195,0.12964799206742686,0.24690133862171543,0.12369856222112048,0.20104115022310362,0.12097174020823004
SKACTIVEML_US_MARGIN,0.12741695587506197,0.1420426375805652,0.10436291522062469,0.12543381259295985,0.1968269707486366,0.2597917699553793,0.09048091224590976,0.11155180961824492,0.16683192860684184,0.16980664352999505,0.23252354982647497,0.13782845810609817,0.13634110064452157,0.17253346554288548,0.10436291522062469,0.1554288547347546,0.1308874566187407,0.1715418939018344,0.15344571145265246,0.131631135349529,0.1591472483886961,0.1346058502726822,0.11056023797719385,0.13063956370847793,0.1405552801189886,0.13411006445215667,0.7419434804164601,0.7652454139811602,1.0,0.2389687654933069,0.10510659395141299,0.11799702528507684,0.12171541893901834,0.1737729300941993,0.13287059990084282,0.1685671789786812,0.1249380267724343
SMALLTEXT_BREAKINGTIES,0.1353495290034705,0.139067922657412,0.09568666336142786,0.124194348041646,0.24863658899355479,0.3775409023301934,0.08626673277144274,0.10163609320773426,0.2592959841348537,0.26474962816063463,0.3363906792265741,0.14030738720872582,0.13956370847793753,0.2151710461080813,0.09568666336142786,0.16460089241447695,0.13882002974714924,0.28383738225086763,0.2017848289538919,0.12989588497768964,0.1628656420426376,0.12989588497768964,0.10684184432325236,0.11725334655428855,0.131631135349529,0.1338621715418939,0.1722855726326227,0.17699553792761527,0.2389687654933069,1.0,0.10312345066931086,0.11824491819533961,0.12667327714427368,0.7471492315319782,0.1308874566187407,0.7340109072880515,0.12394645513138325
SMALLTEXT_CONTRASTIVEAL,0.10089241447694595,0.11452652454139811,0.09048091224590976,0.1028755577590481,0.10857709469509172,0.10535448686167576,0.08849776896380764,0.10758552305404065,0.10634605850272683,0.10089241447694595,0.10312345066931086,0.0991571641051066,0.10485870104115022,0.10981655924640556,0.09048091224590976,0.10907288051561725,0.10188398611799702,0.10907288051561725,0.10014873574615767,0.11502231036192365,0.11551809618244918,0.11403073872087258,0.0954387704511651,0.11006445215666832,0.0991571641051066,0.10857709469509172,0.10485870104115022,0.10213187902825979,0.10510659395141299,0.10312345066931086,1.0,0.09965294992563213,0.12097174020823004,0.10337134357957363,0.10312345066931086,0.10708973723351513,0.10138820029747149
SMALLTEXT_EMBEDDINGKMEANS,0.12890431333663857,0.11080813088745661,0.15047099652949925,0.17327714427367377,0.11750123946455131,0.12890431333663857,0.12320277640059495,0.09742191373326722,0.11378284581060982,0.11427863163113534,0.11502231036192365,0.20699058006941,0.20302429350520576,0.13981160138820029,0.15047099652949925,0.14848785324739713,0.13113534952900346,0.13733267228557264,0.17476450173525038,0.19558750619732276,0.1271690629647992,0.16559246405552802,0.11279127416955875,0.13956370847793753,0.18468021814576102,0.1065939514129896,0.11527020327218641,0.11576598909271195,0.11799702528507684,0.11824491819533961,0.09965294992563213,1.0,0.1353495290034705,0.11204759543877045,0.1906296479920674,0.11229548834903322,0.17302925136341102
SMALLTEXT_GREEDYCORESET,0.19905800694100148,0.15443728309370353,0.1405552801189886,0.13658899355478432,0.1308874566187407,0.12469013386217154,0.09048091224590976,0.12964799206742686,0.13113534952900346,0.12766484878532475,0.12617749132374814,0.1554288547347546,0.1457610312345067,0.1420426375805652,0.14080317302925136,0.14229053049082796,0.20252850768468023,0.13485374318294496,0.13411006445215667,0.1502231036192365,0.13708477937530986,0.1427863163113535,0.11130391670798215,0.11601388200297472,0.15716410510659395,0.13956370847793753,0.13187902825979178,0.12964799206742686,0.12171541893901834,0.12667327714427368,0.12097174020823004,0.1353495290034705,1.0,0.12840852751611304,0.15418939018344074,0.12865642042637582,0.1360932077342588
SMALLTEXT_LEASTCONFIDENCE,0.14551313832424392,0.14848785324739713,0.09419930589985126,0.12072384729796728,0.3824987605354487,0.2528507684680218,0.08230044620723848,0.11080813088745661,0.28433316807139314,0.33763014377788797,0.2635101636093208,0.12840852751611304,0.1368368864650471,0.20252850768468023,0.09419930589985126,0.1633614278631631,0.14972731779871096,0.23648983639067922,0.17575607337630145,0.124194348041646,0.16385721368368864,0.1353495290034705,0.10857709469509172,0.11824491819533961,0.12766484878532475,0.14476945959345563,0.20228061477441744,0.24690133862171543,0.1737729300941993,0.7471492315319782,0.10337134357957363,0.11204759543877045,0.12840852751611304,1.0,0.12270699058006941,0.7803668815071889,0.12047595438770452
SMALLTEXT_LIGHTWEIGHTCORESET,0.14402578086266732,0.12245909766980664,0.15617253346554288,0.1722855726326227,0.12766484878532475,0.12816063460585028,0.10832920178482895,0.0999008428358949,0.1212196331184928,0.11725334655428855,0.1249380267724343,0.20029747149231533,0.20029747149231533,0.1420426375805652,0.15617253346554288,0.14700049578582053,0.14675260287555775,0.1338621715418939,0.161378284581061,0.17625185919682698,0.13733267228557264,0.17352503718393653,0.11551809618244918,0.1375805651958354,0.18443232523549827,0.11279127416955875,0.12022806147744175,0.12369856222112048,0.13287059990084282,0.1308874566187407,0.10312345066931086,0.1906296479920674,0.15418939018344074,0.12270699058006941,1.0,0.12270699058006941,0.17203767972235995
SMALLTEXT_PREDICTIONENTROPY,0.1457610312345067,0.14724838869608328,0.08998512642538424,0.11626177491323748,0.28011898859692613,0.23599405057015369,0.0813088745661874,0.11006445215666832,0.3371343579573624,0.29400099157164106,0.25855230540406543,0.12766484878532475,0.13361427863163114,0.19881011403073873,0.08998512642538424,0.16311353495290035,0.14972731779871096,0.23177987109568665,0.16831928606841845,0.11898859692612791,0.16807139315815567,0.12617749132374814,0.11031234506693109,0.10981655924640556,0.13138324243926625,0.1450173525037184,0.25111551809618243,0.20104115022310362,0.1685671789786812,0.7340109072880515,0.10708973723351513,0.11229548834903322,0.12865642042637582,0.7803668815071889,0.12270699058006941,1.0,0.11650966782350025
SMALLTEXT_RANDOM,0.1412989588497769,0.11080813088745661,0.1457610312345067,0.9980168567178979,0.11849281110560238,0.12840852751611304,0.10262766484878533,0.10114030738720872,0.11923648983639068,0.11303916707982152,0.11849281110560238,0.19484382746653445,0.19856222112047595,0.14030738720872582,0.1457610312345067,0.14005949429846307,0.14402578086266732,0.13857213683688646,0.16410510659395142,0.18468021814576102,0.12146752602875557,0.16683192860684184,0.11427863163113534,0.13063956370847793,0.17575607337630145,0.09742191373326722,0.11601388200297472,0.12097174020823004,0.1249380267724343,0.12394645513138325,0.10138820029747149,0.17302925136341102,0.1360932077342588,0.12047595438770452,0.17203767972235995,0.11650966782350025,1.0
