,ALIPY_CORESET_GREEDY,ALIPY_DENSITY_WEIGHTED,ALIPY_GRAPH_DENSITY,ALIPY_RANDOM,ALIPY_UNCERTAINTY_LC,ALIPY_UNCERTAINTY_MM,LIBACT_DWUS,LIBACT_QUIRE,LIBACT_UNCERTAINTY_ENT,LIBACT_UNCERTAINTY_LC,LIBACT_UNCERTAINTY_SM,OPTIMAL_GREEDY_10,OPTIMAL_GREEDY_20,PLAYGROUND_BANDIT,PLAYGROUND_GRAPH_DENSITY,PLAYGROUND_INFORMATIVE_DIVERSE,PLAYGROUND_KCENTER_GREEDY,PLAYGROUND_MARGIN,PLAYGROUND_MIXTURE,PLAYGROUND_UNIFORM,SKACTIVEML_COST_EMBEDDING,SKACTIVEML_DAL,SKACTIVEML_DWUS,SKACTIVEML_QBC,SKACTIVEML_QBC_VOTE_ENTROPY,SKACTIVEML_QUIRE,SKACTIVEML_US_ENTROPY,SKACTIVEML_US_LC,SKACTIVEML_US_MARGIN,SMALLTEXT_BREAKINGTIES,SMALLTEXT_CONTRASTIVEAL,SMALLTEXT_EMBEDDINGKMEANS,SMALLTEXT_GREEDYCORESET,SMALLTEXT_LEASTCONFIDENCE,SMALLTEXT_LIGHTWEIGHTCORESET,SMALLTEXT_PREDICTIONENTROPY,SMALLTEXT_RANDOM
ALIPY_CORESET_GREEDY,1.0,0.15716410510659395,0.02404561229548835,0.053792761527020325,0.0384234010907288,0.035448686167575606,0.07734258800198314,0.20376797223599405,0.031978185423896875,0.030490827962320277,0.030986613782845812,0.09766980664352999,0.09667823500247893,0.08403569657907783,0.02404561229548835,0.09395141298958849,0.9997521070897373,0.06073376301437779,0.0887456618740704,0.09147248388696083,0.10461080813088745,0.09667823500247893,0.10461080813088745,0.0850272682201289,0.09717402082300446,0.11650966782350025,0.029995042141794746,0.024293505205751114,0.031234506693108576,0.022806147744174516,0.10783341596430342,0.11551809618244918,0.2498760535448686,0.02454139811601388,0.10684184432325236,0.026772434308378782,0.053792761527020325
ALIPY_DENSITY_WEIGHTED,0.15716410510659395,1.0,0.06643529995042141,0.05205751115518096,0.08031730292513634,0.07833415964303421,0.1737729300941993,0.2962320277640059,0.058750619732275654,0.06717897868120971,0.05453644025780863,0.14452156668319285,0.1405552801189886,0.11923648983639068,0.06643529995042141,0.12741695587506197,0.15716410510659395,0.08230044620723848,0.09370352007932573,0.1249380267724343,0.1670798215171046,0.13956370847793753,0.19955379276152702,0.1611303916707982,0.1308874566187407,0.21764997521070897,0.06172533465542886,0.05850272682201289,0.050322260783341594,0.048834903321764996,0.1841844323252355,0.21988101140307387,0.2788795240456123,0.05205751115518096,0.1353495290034705,0.05627169062964799,0.05205751115518096
ALIPY_GRAPH_DENSITY,0.02404561229548835,0.06643529995042141,1.0,0.039167079821517105,0.035448686167575606,0.031978185423896875,0.11254338125929599,0.08651462568170551,0.025780862667327716,0.02330193356470005,0.02875557759048091,0.090233019335647,0.09271194843827467,0.05280118988596926,1.0,0.056023797719385225,0.02404561229548835,0.02825979176995538,0.036936043629152204,0.0850272682201289,0.06817055032226078,0.08205255329697571,0.09742191373326722,0.09643034209221617,0.09444719881011403,0.06172533465542886,0.028011898859692613,0.02454139811601388,0.02454139811601388,0.01834407535944472,0.09147248388696083,0.10213187902825979,0.06544372830937036,0.022062469013386217,0.07759048091224591,0.02825979176995538,0.039167079821517105
ALIPY_RANDOM,0.053792761527020325,0.05205751115518096,0.039167079821517105,1.0,0.035448686167575606,0.03470500743678731,0.13063956370847793,0.0880019831432821,0.026276648487853247,0.023549826474962815,0.030738720872583045,0.12543381259295985,0.12469013386217154,0.0872583044124938,0.039167079821517105,0.09568666336142786,0.053792761527020325,0.06346058502726822,0.10064452156668319,0.12270699058006941,0.06891422905304909,0.1279127416955875,0.10609816559246406,0.11675756073376302,0.13187902825979178,0.06023797719385226,0.02107089737233515,0.021566683192860685,0.025037183936539417,0.022062469013386217,0.11403073872087258,0.13485374318294496,0.08180466038671294,0.021318790282597918,0.12345066931085771,0.02057511155180962,1.0
ALIPY_UNCERTAINTY_LC,0.0384234010907288,0.08031730292513634,0.035448686167575606,0.035448686167575606,1.0,0.7156668319286068,0.07188894397620228,0.06445215666831929,0.06147744174516609,0.07585523054040655,0.057263262270699056,0.06717897868120971,0.06346058502726822,0.07139315815567675,0.035448686167575606,0.06172533465542886,0.0384234010907288,0.12022806147744175,0.07114526524541398,0.07139315815567675,0.07535944471988101,0.06841844323252355,0.08279623202776401,0.06668319286068418,0.07213683688646505,0.07535944471988101,0.06519583539910759,0.07387208725830441,0.057263262270699056,0.11774913237481408,0.07312840852751612,0.07188894397620228,0.06172533465542886,0.22211204759543876,0.061973227565691624,0.12840852751611304,0.035448686167575606
ALIPY_UNCERTAINTY_MM,0.035448686167575606,0.07833415964303421,0.031978185423896875,0.03470500743678731,0.7156668319286068,1.0,0.07585523054040655,0.06494794248884482,0.051065939514129896,0.056023797719385225,0.07411998016856718,0.07064947942488845,0.06792265741199802,0.06990580069410014,0.031978185423896875,0.06742687159147248,0.035448686167575606,0.17030242935052056,0.09072880515617253,0.06643529995042141,0.07659890927119484,0.06643529995042141,0.08006941001487357,0.07312840852751612,0.06941001487357462,0.07089737233515121,0.052553296975706494,0.056023797719385225,0.08006941001487357,0.21740208230044622,0.07535944471988101,0.07511155180961825,0.06246901338621715,0.12072384729796728,0.06841844323252355,0.1065939514129896,0.03470500743678731
LIBACT_DWUS,0.07734258800198314,0.1737729300941993,0.11254338125929599,0.13063956370847793,0.07188894397620228,0.07585523054040655,1.0,0.307882994546356,0.06296479920674268,0.059742191373326724,0.060981655924640554,0.3108577094695092,0.3158155676747645,0.1901338621715419,0.11254338125929599,0.23128408527516114,0.07759048091224591,0.1271690629647992,0.19657907783837383,0.3108577094695092,0.17773921665840356,0.2818542389687655,0.3411006445215667,0.30466038671294,0.30069410014873577,0.18616757560733763,0.05676747645017353,0.058750619732275654,0.05924640555280119,0.05280118988596926,0.334407535944472,0.5708973723351513,0.19038175508180466,0.0480912245909767,0.24219137332672286,0.05304908279623203,0.13063956370847793
LIBACT_QUIRE,0.20376797223599405,0.2962320277640059,0.08651462568170551,0.0880019831432821,0.06445215666831929,0.06494794248884482,0.307882994546356,1.0,0.05503222607833416,0.05627169062964799,0.05651958353991076,0.20228061477441744,0.2181457610312345,0.16212196331184928,0.08651462568170551,0.1931085770946951,0.20401586514625683,0.10733763014377788,0.14823996033713435,0.19856222112047595,0.19881011403073873,0.2131879028259792,0.25359444719881014,0.2240951908775409,0.20525532969757065,0.23475458601883986,0.05924640555280119,0.05205751115518096,0.05528011898859692,0.04561229548834903,0.2766484878532474,0.36514625681705504,0.35002478929102626,0.04561229548834903,0.2131879028259792,0.05552801189885969,0.0880019831432821
LIBACT_UNCERTAINTY_ENT,0.031978185423896875,0.058750619732275654,0.025780862667327716,0.026276648487853247,0.06147744174516609,0.051065939514129896,0.06296479920674268,0.05503222607833416,1.0,0.7345066931085771,0.7166584035696579,0.05453644025780863,0.05280118988596926,0.0458601883986118,0.025780862667327716,0.05280118988596926,0.031978185423896875,0.03991075855230541,0.035696579077838374,0.05850272682201289,0.054784333168071395,0.05528011898859692,0.056023797719385225,0.0532969757064948,0.05627169062964799,0.06321269211700545,0.08254833911750124,0.06941001487357462,0.05775904809122459,0.05800694100148736,0.07164105106593951,0.06593951412989589,0.04933068914229053,0.06643529995042141,0.0480912245909767,0.0961824491819534,0.026276648487853247
LIBACT_UNCERTAINTY_LC,0.030490827962320277,0.06717897868120971,0.02330193356470005,0.023549826474962815,0.07585523054040655,0.056023797719385225,0.059742191373326724,0.05627169062964799,0.7345066931085771,1.0,0.721864154685176,0.05528011898859692,0.04858701041150223,0.044868616757560736,0.02330193356470005,0.0532969757064948,0.030490827962320277,0.03991075855230541,0.03594447198810114,0.04908279623202776,0.059494298463063956,0.0466038671294001,0.05999008428358949,0.051065939514129896,0.05577590480912246,0.062221120475954385,0.07040158651462568,0.07907783837382251,0.062221120475954385,0.05800694100148736,0.06023797719385226,0.06470004957858205,0.04833911750123947,0.08254833911750124,0.0466038671294001,0.07932573128408528,0.023549826474962815
LIBACT_UNCERTAINTY_SM,0.030986613782845812,0.05453644025780863,0.02875557759048091,0.030738720872583045,0.057263262270699056,0.07411998016856718,0.060981655924640554,0.05651958353991076,0.7166584035696579,0.721864154685176,1.0,0.05627169062964799,0.06023797719385226,0.050322260783341594,0.02875557759048091,0.05924640555280119,0.030986613782845812,0.0466038671294001,0.039167079821517105,0.05552801189885969,0.05428854734754586,0.05651958353991076,0.05800694100148736,0.06023797719385226,0.05924640555280119,0.05701536936043629,0.05651958353991076,0.05775904809122459,0.07486365889935548,0.07882994546355974,0.06246901338621715,0.06370847793753098,0.0480912245909767,0.06073376301437779,0.0518096182449182,0.06891422905304909,0.030738720872583045
OPTIMAL_GREEDY_10,0.09766980664352999,0.14452156668319285,0.090233019335647,0.12543381259295985,0.06717897868120971,0.07064947942488845,0.3108577094695092,0.20228061477441744,0.05453644025780863,0.05528011898859692,0.05627169062964799,1.0,0.26499752107089736,0.16063460585027267,0.090233019335647,0.19781854238968766,0.09791769955379276,0.11080813088745661,0.16807139315815567,0.24938026772434307,0.15294992563212692,0.2352503718393654,0.22607833415964304,0.2424392662369856,0.25384234010907286,0.15096678235002478,0.0518096182449182,0.051313832424392664,0.054784333168071395,0.04164600892414477,0.2374814080317303,0.34977689638076354,0.1774913237481408,0.040406544372830935,0.22459097669806644,0.045364402578086264,0.12543381259295985
OPTIMAL_GREEDY_20,0.09667823500247893,0.1405552801189886,0.09271194843827467,0.12469013386217154,0.06346058502726822,0.06792265741199802,0.3158155676747645,0.2181457610312345,0.05280118988596926,0.04858701041150223,0.06023797719385226,0.26499752107089736,1.0,0.161378284581061,0.09271194843827467,0.1908775409023302,0.0969261279127417,0.11378284581060982,0.16683192860684184,0.23401090728805157,0.15518096182449181,0.24714923153197818,0.229300941993059,0.23847297967278136,0.24913237481408032,0.14823996033713435,0.05057015369360436,0.05428854734754586,0.05552801189885969,0.045364402578086264,0.23797719385225583,0.34134853743182947,0.16311353495290035,0.036936043629152204,0.229300941993059,0.04784333168071393,0.12469013386217154
PLAYGROUND_BANDIT,0.08403569657907783,0.11923648983639068,0.05280118988596926,0.0872583044124938,0.07139315815567675,0.06990580069410014,0.1901338621715419,0.16212196331184928,0.0458601883986118,0.044868616757560736,0.050322260783341594,0.16063460585027267,0.161378284581061,1.0,0.05280118988596926,0.35448686167575605,0.08403569657907783,0.349281110560238,0.30862667327714427,0.1517104610808131,0.14972731779871096,0.16088249876053545,0.15642042637580567,0.17104610808130888,0.16683192860684184,0.12518591968269707,0.051313832424392664,0.053544868616757564,0.05899851264253842,0.046355974219137334,0.15195835399107585,0.19781854238968766,0.12840852751611304,0.04709965294992563,0.1427863163113535,0.051065939514129896,0.0872583044124938
PLAYGROUND_GRAPH_DENSITY,0.02404561229548835,0.06643529995042141,1.0,0.039167079821517105,0.035448686167575606,0.031978185423896875,0.11254338125929599,0.08651462568170551,0.025780862667327716,0.02330193356470005,0.02875557759048091,0.090233019335647,0.09271194843827467,0.05280118988596926,1.0,0.056023797719385225,0.02404561229548835,0.02825979176995538,0.036936043629152204,0.0850272682201289,0.06817055032226078,0.08205255329697571,0.09742191373326722,0.09643034209221617,0.09444719881011403,0.06172533465542886,0.028011898859692613,0.02454139811601388,0.02454139811601388,0.01834407535944472,0.09147248388696083,0.10213187902825979,0.06544372830937036,0.022062469013386217,0.07759048091224591,0.02825979176995538,0.039167079821517105
PLAYGROUND_INFORMATIVE_DIVERSE,0.09395141298958849,0.12741695587506197,0.056023797719385225,0.09568666336142786,0.06172533465542886,0.06742687159147248,0.23128408527516114,0.1931085770946951,0.05280118988596926,0.0532969757064948,0.05924640555280119,0.19781854238968766,0.1908775409023302,0.35448686167575605,0.056023797719385225,1.0,0.09419930589985126,0.29424888448190384,0.3378780366881507,0.1893901834407536,0.14700049578582053,0.18815071888943977,0.16831928606841845,0.19360436291522062,0.18542389687654934,0.12444224095190877,0.048834903321764996,0.0495785820525533,0.05701536936043629,0.051313832424392664,0.1819533961328706,0.255825483391175,0.1517104610808131,0.04313336638572137,0.18616757560733763,0.04933068914229053,0.09568666336142786
PLAYGROUND_KCENTER_GREEDY,0.9997521070897373,0.15716410510659395,0.02404561229548835,0.053792761527020325,0.0384234010907288,0.035448686167575606,0.07759048091224591,0.20401586514625683,0.031978185423896875,0.030490827962320277,0.030986613782845812,0.09791769955379276,0.0969261279127417,0.08403569657907783,0.02404561229548835,0.09419930589985126,1.0,0.06073376301437779,0.0887456618740704,0.09122459097669806,0.10461080813088745,0.0969261279127417,0.10461080813088745,0.08527516113039167,0.09742191373326722,0.11650966782350025,0.029995042141794746,0.024293505205751114,0.031234506693108576,0.022806147744174516,0.10758552305404065,0.11576598909271195,0.24962816063460586,0.02454139811601388,0.10684184432325236,0.026772434308378782,0.053792761527020325
PLAYGROUND_MARGIN,0.06073376301437779,0.08230044620723848,0.02825979176995538,0.06346058502726822,0.12022806147744175,0.17030242935052056,0.1271690629647992,0.10733763014377788,0.03991075855230541,0.03991075855230541,0.0466038671294001,0.11080813088745661,0.11378284581060982,0.349281110560238,0.02825979176995538,0.29424888448190384,0.06073376301437779,1.0,0.45290034705007437,0.11279127416955875,0.10461080813088745,0.10808130887456618,0.10188398611799702,0.11353495290034706,0.10237977193852256,0.0909766980664353,0.03891918691125434,0.04709965294992563,0.047595438770451165,0.15071888943976203,0.10609816559246406,0.12245909766980664,0.0850272682201289,0.09643034209221617,0.10882498760535449,0.08676251859196826,0.06346058502726822
PLAYGROUND_MIXTURE,0.0887456618740704,0.09370352007932573,0.036936043629152204,0.10064452156668319,0.07114526524541398,0.09072880515617253,0.19657907783837383,0.14823996033713435,0.035696579077838374,0.03594447198810114,0.039167079821517105,0.16807139315815567,0.16683192860684184,0.30862667327714427,0.036936043629152204,0.3378780366881507,0.0887456618740704,0.45290034705007437,1.0,0.16236985622211206,0.11378284581060982,0.16807139315815567,0.13931581556767478,0.15319781854238967,0.16311353495290035,0.10089241447694595,0.03470500743678731,0.03594447198810114,0.04338125929598413,0.07263262270699058,0.14724838869608328,0.19930589985126426,0.11973227565691621,0.0473475458601884,0.1626177491323748,0.049826474962816066,0.10064452156668319
PLAYGROUND_UNIFORM,0.09147248388696083,0.1249380267724343,0.0850272682201289,0.12270699058006941,0.07139315815567675,0.06643529995042141,0.3108577094695092,0.19856222112047595,0.05850272682201289,0.04908279623202776,0.05552801189885969,0.24938026772434307,0.23401090728805157,0.1517104610808131,0.0850272682201289,0.1893901834407536,0.09122459097669806,0.11279127416955875,0.16236985622211206,1.0,0.15815567674764502,0.23425880019831433,0.2151710461080813,0.23351512146752604,0.23128408527516114,0.146504709965295,0.05304908279623203,0.051313832424392664,0.05627169062964799,0.039167079821517105,0.24764501735250372,0.3180466038671294,0.16435299950421417,0.04115022310361924,0.2226078334159643,0.047595438770451165,0.12270699058006941
SKACTIVEML_COST_EMBEDDING,0.10461080813088745,0.1670798215171046,0.06817055032226078,0.06891422905304909,0.07535944471988101,0.07659890927119484,0.17773921665840356,0.19881011403073873,0.054784333168071395,0.059494298463063956,0.05428854734754586,0.15294992563212692,0.15518096182449181,0.14972731779871096,0.06817055032226078,0.14700049578582053,0.10461080813088745,0.10461080813088745,0.11378284581060982,0.15815567674764502,1.0,0.14898363906792267,0.1737729300941993,0.1611303916707982,0.15195835399107585,0.16980664352999505,0.05577590480912246,0.04833911750123947,0.04709965294992563,0.0466038671294001,0.17575607337630145,0.19633118492811105,0.16980664352999505,0.04313336638572137,0.14352999504214178,0.05676747645017353,0.06891422905304909
SKACTIVEML_DAL,0.09667823500247893,0.13956370847793753,0.08205255329697571,0.1279127416955875,0.06841844323252355,0.06643529995042141,0.2818542389687655,0.2131879028259792,0.05528011898859692,0.0466038671294001,0.05651958353991076,0.2352503718393654,0.24714923153197818,0.16088249876053545,0.08205255329697571,0.18815071888943977,0.0969261279127417,0.10808130887456618,0.16807139315815567,0.23425880019831433,0.14898363906792267,1.0,0.22731779871095686,0.2315319781854239,0.22508676251859197,0.14352999504214178,0.05205751115518096,0.05057015369360436,0.05651958353991076,0.04090233019335647,0.23723351512146754,0.32746653445711454,0.1819533961328706,0.04561229548834903,0.23425880019831433,0.04833911750123947,0.1279127416955875
SKACTIVEML_DWUS,0.10461080813088745,0.19955379276152702,0.09742191373326722,0.10609816559246406,0.08279623202776401,0.08006941001487357,0.3411006445215667,0.25359444719881014,0.056023797719385225,0.05999008428358949,0.05800694100148736,0.22607833415964304,0.229300941993059,0.15642042637580567,0.09742191373326722,0.16831928606841845,0.10461080813088745,0.10188398611799702,0.13931581556767478,0.2151710461080813,0.1737729300941993,0.22731779871095686,1.0,0.23326722855726326,0.22136836886465047,0.1864154685176004,0.05007436787307883,0.05800694100148736,0.06073376301437779,0.04561229548834903,0.2635101636093208,0.3646504709965295,0.19335647000495787,0.05007436787307883,0.18616757560733763,0.050322260783341594,0.10609816559246406
SKACTIVEML_QBC,0.0850272682201289,0.1611303916707982,0.09643034209221617,0.11675756073376302,0.06668319286068418,0.07312840852751612,0.30466038671294,0.2240951908775409,0.0532969757064948,0.051065939514129896,0.06023797719385226,0.2424392662369856,0.23847297967278136,0.17104610808130888,0.09643034209221617,0.19360436291522062,0.08527516113039167,0.11353495290034706,0.15319781854238967,0.23351512146752604,0.1611303916707982,0.2315319781854239,0.23326722855726326,1.0,0.2635101636093208,0.1626177491323748,0.058750619732275654,0.05800694100148736,0.05651958353991076,0.04709965294992563,0.23549826474962815,0.3406048587010411,0.17129400099157163,0.043877045116509666,0.2188894397620228,0.053792761527020325,0.11675756073376302
SKACTIVEML_QBC_VOTE_ENTROPY,0.09717402082300446,0.1308874566187407,0.09444719881011403,0.13187902825979178,0.07213683688646505,0.06941001487357462,0.30069410014873577,0.20525532969757065,0.05627169062964799,0.05577590480912246,0.05924640555280119,0.25384234010907286,0.24913237481408032,0.16683192860684184,0.09444719881011403,0.18542389687654934,0.09742191373326722,0.10237977193852256,0.16311353495290035,0.23128408527516114,0.15195835399107585,0.22508676251859197,0.22136836886465047,0.2635101636093208,1.0,0.139067922657412,0.05676747645017353,0.05156172533465543,0.054784333168071395,0.04238968765493307,0.23177987109568665,0.31705503222607834,0.17575607337630145,0.04338125929598413,0.22062469013386218,0.046355974219137334,0.13187902825979178
SKACTIVEML_QUIRE,0.11650966782350025,0.21764997521070897,0.06172533465542886,0.06023797719385226,0.07535944471988101,0.07089737233515121,0.18616757560733763,0.23475458601883986,0.06321269211700545,0.062221120475954385,0.05701536936043629,0.15096678235002478,0.14823996033713435,0.12518591968269707,0.06172533465542886,0.12444224095190877,0.11650966782350025,0.0909766980664353,0.10089241447694595,0.146504709965295,0.16980664352999505,0.14352999504214178,0.1864154685176004,0.1626177491323748,0.139067922657412,1.0,0.05577590480912246,0.052553296975706494,0.051313832424392664,0.044124938026772434,0.180466038671294,0.21764997521070897,0.19558750619732276,0.05552801189885969,0.13262270699058007,0.06370847793753098,0.06023797719385226
SKACTIVEML_US_ENTROPY,0.029995042141794746,0.06172533465542886,0.028011898859692613,0.02107089737233515,0.06519583539910759,0.052553296975706494,0.05676747645017353,0.05924640555280119,0.08254833911750124,0.07040158651462568,0.05651958353991076,0.0518096182449182,0.05057015369360436,0.051313832424392664,0.028011898859692613,0.048834903321764996,0.029995042141794746,0.03891918691125434,0.03470500743678731,0.05304908279623203,0.05577590480912246,0.05205751115518096,0.05007436787307883,0.058750619732275654,0.05676747645017353,0.05577590480912246,1.0,0.7345066931085771,0.7134357957362419,0.041398116013882005,0.05552801189885969,0.06172533465542886,0.05057015369360436,0.05651958353991076,0.0518096182449182,0.07635101636093208,0.02107089737233515
SKACTIVEML_US_LC,0.024293505205751114,0.05850272682201289,0.02454139811601388,0.021566683192860685,0.07387208725830441,0.056023797719385225,0.058750619732275654,0.05205751115518096,0.06941001487357462,0.07907783837382251,0.05775904809122459,0.051313832424392664,0.05428854734754586,0.053544868616757564,0.02454139811601388,0.0495785820525533,0.024293505205751114,0.04709965294992563,0.03594447198810114,0.051313832424392664,0.04833911750123947,0.05057015369360436,0.05800694100148736,0.05800694100148736,0.05156172533465543,0.052553296975706494,0.7345066931085771,1.0,0.7243430837878037,0.04685176003966286,0.049826474962816066,0.05751115518096182,0.049826474962816066,0.06321269211700545,0.05057015369360436,0.06717897868120971,0.021566683192860685
SKACTIVEML_US_MARGIN,0.031234506693108576,0.050322260783341594,0.02454139811601388,0.025037183936539417,0.057263262270699056,0.08006941001487357,0.05924640555280119,0.05528011898859692,0.05775904809122459,0.062221120475954385,0.07486365889935548,0.054784333168071395,0.05552801189885969,0.05899851264253842,0.02454139811601388,0.05701536936043629,0.031234506693108576,0.047595438770451165,0.04338125929598413,0.05627169062964799,0.04709965294992563,0.05651958353991076,0.06073376301437779,0.05651958353991076,0.054784333168071395,0.051313832424392664,0.7134357957362419,0.7243430837878037,1.0,0.06321269211700545,0.05924640555280119,0.05627169062964799,0.04858701041150223,0.05453644025780863,0.0473475458601884,0.05651958353991076,0.025037183936539417
SMALLTEXT_BREAKINGTIES,0.022806147744174516,0.048834903321764996,0.01834407535944472,0.022062469013386217,0.11774913237481408,0.21740208230044622,0.05280118988596926,0.04561229548834903,0.05800694100148736,0.05800694100148736,0.07882994546355974,0.04164600892414477,0.045364402578086264,0.046355974219137334,0.01834407535944472,0.051313832424392664,0.022806147744174516,0.15071888943976203,0.07263262270699058,0.039167079821517105,0.0466038671294001,0.04090233019335647,0.04561229548834903,0.04709965294992563,0.04238968765493307,0.044124938026772434,0.041398116013882005,0.04685176003966286,0.06321269211700545,1.0,0.04462072384729797,0.04685176003966286,0.0406544372830937,0.7084779375309866,0.04015865146256817,0.7017848289538919,0.022062469013386217
SMALLTEXT_CONTRASTIVEAL,0.10783341596430342,0.1841844323252355,0.09147248388696083,0.11403073872087258,0.07312840852751612,0.07535944471988101,0.334407535944472,0.2766484878532474,0.07164105106593951,0.06023797719385226,0.06246901338621715,0.2374814080317303,0.23797719385225583,0.15195835399107585,0.09147248388696083,0.1819533961328706,0.10758552305404065,0.10609816559246406,0.14724838869608328,0.24764501735250372,0.17575607337630145,0.23723351512146754,0.2635101636093208,0.23549826474962815,0.23177987109568665,0.180466038671294,0.05552801189885969,0.049826474962816066,0.05924640555280119,0.04462072384729797,1.0,0.35770946950917204,0.19781854238968766,0.0436291522062469,0.2114526524541398,0.05528011898859692,0.11403073872087258
SMALLTEXT_EMBEDDINGKMEANS,0.11551809618244918,0.21988101140307387,0.10213187902825979,0.13485374318294496,0.07188894397620228,0.07511155180961825,0.5708973723351513,0.36514625681705504,0.06593951412989589,0.06470004957858205,0.06370847793753098,0.34977689638076354,0.34134853743182947,0.19781854238968766,0.10213187902825979,0.255825483391175,0.11576598909271195,0.12245909766980664,0.19930589985126426,0.3180466038671294,0.19633118492811105,0.32746653445711454,0.3646504709965295,0.3406048587010411,0.31705503222607834,0.21764997521070897,0.06172533465542886,0.05751115518096182,0.05627169062964799,0.04685176003966286,0.35770946950917204,1.0,0.23177987109568665,0.05057015369360436,0.3011898859692613,0.0532969757064948,0.13485374318294496
SMALLTEXT_GREEDYCORESET,0.2498760535448686,0.2788795240456123,0.06544372830937036,0.08180466038671294,0.06172533465542886,0.06246901338621715,0.19038175508180466,0.35002478929102626,0.04933068914229053,0.04833911750123947,0.0480912245909767,0.1774913237481408,0.16311353495290035,0.12840852751611304,0.06544372830937036,0.1517104610808131,0.24962816063460586,0.0850272682201289,0.11973227565691621,0.16435299950421417,0.16980664352999505,0.1819533961328706,0.19335647000495787,0.17129400099157163,0.17575607337630145,0.19558750619732276,0.05057015369360436,0.049826474962816066,0.04858701041150223,0.0406544372830937,0.19781854238968766,0.23177987109568665,1.0,0.042637580565195836,0.1960832920178483,0.0532969757064948,0.08180466038671294
SMALLTEXT_LEASTCONFIDENCE,0.02454139811601388,0.05205751115518096,0.022062469013386217,0.021318790282597918,0.22211204759543876,0.12072384729796728,0.0480912245909767,0.04561229548834903,0.06643529995042141,0.08254833911750124,0.06073376301437779,0.040406544372830935,0.036936043629152204,0.04709965294992563,0.022062469013386217,0.04313336638572137,0.02454139811601388,0.09643034209221617,0.0473475458601884,0.04115022310361924,0.04313336638572137,0.04561229548834903,0.05007436787307883,0.043877045116509666,0.04338125929598413,0.05552801189885969,0.05651958353991076,0.06321269211700545,0.05453644025780863,0.7084779375309866,0.0436291522062469,0.05057015369360436,0.042637580565195836,1.0,0.039167079821517105,0.7325235498264749,0.021318790282597918
SMALLTEXT_LIGHTWEIGHTCORESET,0.10684184432325236,0.1353495290034705,0.07759048091224591,0.12345066931085771,0.061973227565691624,0.06841844323252355,0.24219137332672286,0.2131879028259792,0.0480912245909767,0.0466038671294001,0.0518096182449182,0.22459097669806644,0.229300941993059,0.1427863163113535,0.07759048091224591,0.18616757560733763,0.10684184432325236,0.10882498760535449,0.1626177491323748,0.2226078334159643,0.14352999504214178,0.23425880019831433,0.18616757560733763,0.2188894397620228,0.22062469013386218,0.13262270699058007,0.0518096182449182,0.05057015369360436,0.0473475458601884,0.04015865146256817,0.2114526524541398,0.3011898859692613,0.1960832920178483,0.039167079821517105,1.0,0.046355974219137334,0.12345066931085771
SMALLTEXT_PREDICTIONENTROPY,0.026772434308378782,0.05627169062964799,0.02825979176995538,0.02057511155180962,0.12840852751611304,0.1065939514129896,0.05304908279623203,0.05552801189885969,0.0961824491819534,0.07932573128408528,0.06891422905304909,0.045364402578086264,0.04784333168071393,0.051065939514129896,0.02825979176995538,0.04933068914229053,0.026772434308378782,0.08676251859196826,0.049826474962816066,0.047595438770451165,0.05676747645017353,0.04833911750123947,0.050322260783341594,0.053792761527020325,0.046355974219137334,0.06370847793753098,0.07635101636093208,0.06717897868120971,0.05651958353991076,0.7017848289538919,0.05528011898859692,0.0532969757064948,0.0532969757064948,0.7325235498264749,0.046355974219137334,1.0,0.02057511155180962
SMALLTEXT_RANDOM,0.053792761527020325,0.05205751115518096,0.039167079821517105,1.0,0.035448686167575606,0.03470500743678731,0.13063956370847793,0.0880019831432821,0.026276648487853247,0.023549826474962815,0.030738720872583045,0.12543381259295985,0.12469013386217154,0.0872583044124938,0.039167079821517105,0.09568666336142786,0.053792761527020325,0.06346058502726822,0.10064452156668319,0.12270699058006941,0.06891422905304909,0.1279127416955875,0.10609816559246406,0.11675756073376302,0.13187902825979178,0.06023797719385226,0.02107089737233515,0.021566683192860685,0.025037183936539417,0.022062469013386217,0.11403073872087258,0.13485374318294496,0.08180466038671294,0.021318790282597918,0.12345066931085771,0.02057511155180962,1.0
