,ALIPY_CORESET_GREEDY,ALIPY_DENSITY_WEIGHTED,ALIPY_GRAPH_DENSITY,ALIPY_RANDOM,ALIPY_UNCERTAINTY_LC,ALIPY_UNCERTAINTY_MM,LIBACT_DWUS,LIBACT_QUIRE,LIBACT_UNCERTAINTY_ENT,LIBACT_UNCERTAINTY_LC,LIBACT_UNCERTAINTY_SM,OPTIMAL_GREEDY_10,OPTIMAL_GREEDY_20,PLAYGROUND_BANDIT,PLAYGROUND_GRAPH_DENSITY,PLAYGROUND_INFORMATIVE_DIVERSE,PLAYGROUND_KCENTER_GREEDY,PLAYGROUND_MARGIN,PLAYGROUND_MIXTURE,PLAYGROUND_UNIFORM,SKACTIVEML_COST_EMBEDDING,SKACTIVEML_DAL,SKACTIVEML_DWUS,SKACTIVEML_QBC,SKACTIVEML_QBC_VOTE_ENTROPY,SKACTIVEML_QUIRE,SKACTIVEML_US_ENTROPY,SKACTIVEML_US_LC,SKACTIVEML_US_MARGIN,SMALLTEXT_BREAKINGTIES,SMALLTEXT_CONTRASTIVEAL,SMALLTEXT_EMBEDDINGKMEANS,SMALLTEXT_GREEDYCORESET,SMALLTEXT_LEASTCONFIDENCE,SMALLTEXT_LIGHTWEIGHTCORESET,SMALLTEXT_PREDICTIONENTROPY,SMALLTEXT_RANDOM
ALIPY_CORESET_GREEDY,1.0,0.2426871591472484,0.030986613782845812,0.036440257808626676,0.054784333168071395,0.0436291522062469,0.09494298463063956,0.32052553296975705,0.044124938026772434,0.03668815071888944,0.03445711452652454,0.08155676747645017,0.09147248388696083,0.07734258800198314,0.030986613782845812,0.10089241447694595,1.0,0.06569162121963312,0.07734258800198314,0.09122459097669806,0.1494794248884482,0.11576598909271195,0.11279127416955875,0.10262766484878533,0.0880019831432821,0.18468021814576102,0.04015865146256817,0.03346554288547347,0.03346554288547347,0.02181457610312345,0.15270203272186417,0.10089241447694595,0.26103123450669313,0.03371343579573624,0.08775409023301933,0.03891918691125434,0.036440257808626676
ALIPY_DENSITY_WEIGHTED,0.2426871591472484,1.0,0.05999008428358949,0.051065939514129896,0.08031730292513634,0.06941001487357462,0.1633614278631631,0.3306891422905305,0.06618740704015866,0.06370847793753098,0.05651958353991076,0.12667327714427368,0.1383242439266237,0.10956866633614279,0.05999008428358949,0.12915220624690135,0.2426871591472484,0.07709469509172037,0.08824987605354487,0.1353495290034705,0.18170550322260784,0.1499752107089737,0.17922657411998016,0.15344571145265246,0.13559742191373328,0.23723351512146754,0.06569162121963312,0.059742191373326724,0.05850272682201289,0.04115022310361924,0.19137332672285573,0.15220624690133863,0.2518591968269707,0.053792761527020325,0.14452156668319285,0.06122954883490332,0.051065939514129896
ALIPY_GRAPH_DENSITY,0.030986613782845812,0.05999008428358949,1.0,0.03619236489836391,0.024293505205751114,0.03148239960337134,0.11923648983639068,0.06792265741199802,0.01685671789786812,0.015617253346554288,0.02032721864154685,0.07957362419434805,0.0813088745661874,0.04833911750123947,1.0,0.04610808130887457,0.030986613782845812,0.02602875557759048,0.02528507684680218,0.08775409023301933,0.05676747645017353,0.07585523054040655,0.09643034209221617,0.09072880515617253,0.07635101636093208,0.05850272682201289,0.01636093207734259,0.022062469013386217,0.02181457610312345,0.01636093207734259,0.07312840852751612,0.10337134357957363,0.059742191373326724,0.015617253346554288,0.07833415964303421,0.019335647000495785,0.03619236489836391
ALIPY_RANDOM,0.036440257808626676,0.051065939514129896,0.03619236489836391,1.0,0.03148239960337134,0.035696579077838374,0.11031234506693109,0.060981655924640554,0.020079325731284084,0.017848289538919187,0.019335647000495785,0.11452652454139811,0.10981655924640556,0.07263262270699058,0.03619236489836391,0.08924144769459594,0.036440257808626676,0.05924640555280119,0.08106098165592464,0.12320277640059495,0.06891422905304909,0.10609816559246406,0.0857709469509172,0.10535448686167576,0.10585027268220129,0.061973227565691624,0.015617253346554288,0.018591968269707486,0.017104610808130888,0.02404561229548835,0.090233019335647,0.12592959841348536,0.07932573128408528,0.018096182449181954,0.12245909766980664,0.01834407535944472,1.0
ALIPY_UNCERTAINTY_LC,0.054784333168071395,0.08031730292513634,0.024293505205751114,0.03148239960337134,1.0,0.717649975210709,0.06445215666831929,0.06767476450173525,0.07040158651462568,0.07783837382250867,0.06122954883490332,0.06965790778383739,0.06296479920674268,0.07312840852751612,0.024293505205751114,0.06370847793753098,0.054784333168071395,0.11403073872087258,0.05775904809122459,0.06395637084779375,0.07263262270699058,0.06668319286068418,0.07263262270699058,0.05850272682201289,0.061973227565691624,0.07461576598909271,0.06891422905304909,0.07982151710461081,0.059742191373326724,0.11204759543877045,0.06841844323252355,0.07114526524541398,0.07064947942488845,0.21764997521070897,0.06767476450173525,0.12840852751611304,0.03148239960337134
ALIPY_UNCERTAINTY_MM,0.0436291522062469,0.06941001487357462,0.03148239960337134,0.035696579077838374,0.717649975210709,1.0,0.07312840852751612,0.06445215666831929,0.05577590480912246,0.05651958353991076,0.07709469509172037,0.07411998016856718,0.07040158651462568,0.07436787307882994,0.03148239960337134,0.06717897868120971,0.0436291522062469,0.16807139315815567,0.08230044620723848,0.07288051561725335,0.06891422905304909,0.06792265741199802,0.06841844323252355,0.06593951412989589,0.06544372830937036,0.06346058502726822,0.05453644025780863,0.05999008428358949,0.07188894397620228,0.21244422409519087,0.06346058502726822,0.07560733763014378,0.06420426375805652,0.11031234506693109,0.07337630143777887,0.10907288051561725,0.035696579077838374
LIBACT_DWUS,0.09494298463063956,0.1633614278631631,0.11923648983639068,0.11031234506693109,0.06445215666831929,0.07312840852751612,1.0,0.21393158155676748,0.0473475458601884,0.04462072384729797,0.05057015369360436,0.24590976698066436,0.24863658899355479,0.14452156668319285,0.11923648983639068,0.15443728309370353,0.09494298463063956,0.09742191373326722,0.13187902825979178,0.2513634110064452,0.16013882002974714,0.2404561229548835,0.2964799206742687,0.2345066931085771,0.2387208725830441,0.16980664352999505,0.04561229548834903,0.044868616757560736,0.05205751115518096,0.040406544372830935,0.21417947446703026,0.360932077342588,0.18616757560733763,0.03371343579573624,0.2270699058006941,0.043877045116509666,0.11031234506693109
LIBACT_QUIRE,0.32052553296975705,0.3306891422905305,0.06792265741199802,0.060981655924640554,0.06767476450173525,0.06445215666831929,0.21393158155676748,1.0,0.05850272682201289,0.0495785820525533,0.043877045116509666,0.1628656420426376,0.16311353495290035,0.12890431333663857,0.06792265741199802,0.14328210213187903,0.32052553296975705,0.09345562716906297,0.09940505701536936,0.1591472483886961,0.19856222112047595,0.19360436291522062,0.20451165096678234,0.18815071888943977,0.16534457114526524,0.278135845314824,0.060981655924640554,0.057263262270699056,0.051065939514129896,0.034209221616261776,0.2461576598909271,0.19633118492811105,0.3145761031234507,0.04189390183440753,0.17327714427367377,0.051313832424392664,0.060981655924640554
LIBACT_UNCERTAINTY_ENT,0.044124938026772434,0.06618740704015866,0.01685671789786812,0.020079325731284084,0.07040158651462568,0.05577590480912246,0.0473475458601884,0.05850272682201289,1.0,0.7436787307882995,0.7112047595438771,0.05230540406544373,0.05057015369360436,0.054784333168071395,0.01685671789786812,0.04933068914229053,0.044124938026772434,0.045364402578086264,0.039167079821517105,0.056023797719385225,0.0473475458601884,0.05404065443728309,0.043877045116509666,0.0495785820525533,0.044868616757560736,0.059494298463063956,0.08775409023301933,0.08279623202776401,0.05775904809122459,0.049826474962816066,0.05924640555280119,0.05007436787307883,0.054784333168071395,0.07040158651462568,0.0495785820525533,0.09593455627169063,0.020079325731284084
LIBACT_UNCERTAINTY_LC,0.03668815071888944,0.06370847793753098,0.015617253346554288,0.017848289538919187,0.07783837382250867,0.05651958353991076,0.04462072384729797,0.0495785820525533,0.7436787307882995,1.0,0.7307882994546356,0.04685176003966286,0.051065939514129896,0.05503222607833416,0.015617253346554288,0.04784333168071393,0.03668815071888944,0.04238968765493307,0.036440257808626676,0.044868616757560736,0.048834903321764996,0.04685176003966286,0.0436291522062469,0.04313336638572137,0.0406544372830937,0.058254833911750126,0.07858205255329698,0.07882994546355974,0.06494794248884482,0.05528011898859692,0.051065939514129896,0.047595438770451165,0.05057015369360436,0.07783837382250867,0.0480912245909767,0.08081308874566187,0.017848289538919187
LIBACT_UNCERTAINTY_SM,0.03445711452652454,0.05651958353991076,0.02032721864154685,0.019335647000495785,0.06122954883490332,0.07709469509172037,0.05057015369360436,0.043877045116509666,0.7112047595438771,0.7307882994546356,1.0,0.057263262270699056,0.05701536936043629,0.05701536936043629,0.02032721864154685,0.05701536936043629,0.03445711452652454,0.05453644025780863,0.04685176003966286,0.051065939514129896,0.04933068914229053,0.04933068914229053,0.0443728309370352,0.05280118988596926,0.05701536936043629,0.05007436787307883,0.05453644025780863,0.06569162121963312,0.08155676747645017,0.0835399107585523,0.0473475458601884,0.054784333168071395,0.05428854734754586,0.05775904809122459,0.0532969757064948,0.06668319286068418,0.019335647000495785
OPTIMAL_GREEDY_10,0.08155676747645017,0.12667327714427368,0.07957362419434805,0.11452652454139811,0.06965790778383739,0.07411998016856718,0.24590976698066436,0.1628656420426376,0.05230540406544373,0.04685176003966286,0.057263262270699056,1.0,0.2461576598909271,0.14105106593951414,0.07957362419434805,0.15939514129895885,0.08155676747645017,0.10436291522062469,0.1517104610808131,0.23500247892910262,0.14253842340109074,0.20847793753098662,0.1886465047099653,0.22459097669806644,0.22731779871095686,0.14030738720872582,0.05156172533465543,0.05404065443728309,0.05304908279623203,0.0458601883986118,0.19533961328705998,0.2583044124938027,0.18220128904313337,0.0384234010907288,0.22459097669806644,0.0458601883986118,0.11452652454139811
OPTIMAL_GREEDY_20,0.09147248388696083,0.1383242439266237,0.0813088745661874,0.10981655924640556,0.06296479920674268,0.07040158651462568,0.24863658899355479,0.16311353495290035,0.05057015369360436,0.051065939514129896,0.05701536936043629,0.2461576598909271,1.0,0.13658899355478432,0.0813088745661874,0.1576598909271195,0.09147248388696083,0.11576598909271195,0.15096678235002478,0.21789786812097173,0.14476945959345563,0.22161626177491323,0.19261279127416955,0.21913733267228558,0.22607833415964304,0.1338621715418939,0.0451165096678235,0.04908279623202776,0.0495785820525533,0.04462072384729797,0.20401586514625683,0.273921665840357,0.16732771442736738,0.034209221616261776,0.2203767972235994,0.0451165096678235,0.10981655924640556
PLAYGROUND_BANDIT,0.07734258800198314,0.10956866633614279,0.04833911750123947,0.07263262270699058,0.07312840852751612,0.07436787307882994,0.14452156668319285,0.12890431333663857,0.054784333168071395,0.05503222607833416,0.05701536936043629,0.14105106593951414,0.13658899355478432,1.0,0.04833911750123947,0.32821021318790283,0.07734258800198314,0.3321764997521071,0.2967278135845315,0.13262270699058007,0.14154685176003967,0.13931581556767478,0.1360932077342588,0.14105106593951414,0.13634110064452157,0.11551809618244918,0.05205751115518096,0.05280118988596926,0.05156172533465543,0.05404065443728309,0.12915220624690135,0.15518096182449181,0.12766484878532475,0.04933068914229053,0.1405552801189886,0.045364402578086264,0.07263262270699058
PLAYGROUND_GRAPH_DENSITY,0.030986613782845812,0.05999008428358949,1.0,0.03619236489836391,0.024293505205751114,0.03148239960337134,0.11923648983639068,0.06792265741199802,0.01685671789786812,0.015617253346554288,0.02032721864154685,0.07957362419434805,0.0813088745661874,0.04833911750123947,1.0,0.04610808130887457,0.030986613782845812,0.02602875557759048,0.02528507684680218,0.08775409023301933,0.05676747645017353,0.07585523054040655,0.09643034209221617,0.09072880515617253,0.07635101636093208,0.05850272682201289,0.01636093207734259,0.022062469013386217,0.02181457610312345,0.01636093207734259,0.07312840852751612,0.10337134357957363,0.059742191373326724,0.015617253346554288,0.07833415964303421,0.019335647000495785,0.03619236489836391
PLAYGROUND_INFORMATIVE_DIVERSE,0.10089241447694595,0.12915220624690135,0.04610808130887457,0.08924144769459594,0.06370847793753098,0.06717897868120971,0.15443728309370353,0.14328210213187903,0.04933068914229053,0.04784333168071393,0.05701536936043629,0.15939514129895885,0.1576598909271195,0.32821021318790283,0.04610808130887457,1.0,0.10089241447694595,0.2952404561229549,0.31259295984134855,0.15716410510659395,0.14105106593951414,0.16187407040158652,0.1383242439266237,0.15865146256817056,0.16683192860684184,0.13039167079821518,0.05057015369360436,0.0473475458601884,0.05404065443728309,0.0451165096678235,0.14823996033713435,0.17550818046603867,0.15443728309370353,0.043877045116509666,0.15964303420922163,0.04685176003966286,0.08924144769459594
PLAYGROUND_KCENTER_GREEDY,1.0,0.2426871591472484,0.030986613782845812,0.036440257808626676,0.054784333168071395,0.0436291522062469,0.09494298463063956,0.32052553296975705,0.044124938026772434,0.03668815071888944,0.03445711452652454,0.08155676747645017,0.09147248388696083,0.07734258800198314,0.030986613782845812,0.10089241447694595,1.0,0.06569162121963312,0.07734258800198314,0.09122459097669806,0.1494794248884482,0.11576598909271195,0.11279127416955875,0.10262766484878533,0.0880019831432821,0.18468021814576102,0.04015865146256817,0.03346554288547347,0.03346554288547347,0.02181457610312345,0.15270203272186417,0.10089241447694595,0.26103123450669313,0.03371343579573624,0.08775409023301933,0.03891918691125434,0.036440257808626676
PLAYGROUND_MARGIN,0.06569162121963312,0.07709469509172037,0.02602875557759048,0.05924640555280119,0.11403073872087258,0.16807139315815567,0.09742191373326722,0.09345562716906297,0.045364402578086264,0.04238968765493307,0.05453644025780863,0.10436291522062469,0.11576598909271195,0.3321764997521071,0.02602875557759048,0.2952404561229549,0.06569162121963312,1.0,0.45290034705007437,0.11105602379771938,0.09766980664352999,0.10510659395141299,0.09568666336142786,0.10857709469509172,0.10138820029747149,0.0932077342588002,0.03867129400099157,0.0421417947446703,0.0466038671294001,0.14154685176003967,0.08552305404065444,0.11502231036192365,0.08849776896380764,0.09370352007932573,0.11650966782350025,0.0872583044124938,0.05924640555280119
PLAYGROUND_MIXTURE,0.07734258800198314,0.08824987605354487,0.02528507684680218,0.08106098165592464,0.05775904809122459,0.08230044620723848,0.13187902825979178,0.09940505701536936,0.039167079821517105,0.036440257808626676,0.04685176003966286,0.1517104610808131,0.15096678235002478,0.2967278135845315,0.02528507684680218,0.31259295984134855,0.07734258800198314,0.45290034705007437,1.0,0.14402578086266732,0.10312345066931086,0.1427863163113535,0.12245909766980664,0.1346058502726822,0.13782845810609817,0.09419930589985126,0.03594447198810114,0.03396132870599901,0.03991075855230541,0.07288051561725335,0.12171541893901834,0.1648487853247397,0.11948438274665345,0.04462072384729797,0.14972731779871096,0.042637580565195836,0.08106098165592464
PLAYGROUND_UNIFORM,0.09122459097669806,0.1353495290034705,0.08775409023301933,0.12320277640059495,0.06395637084779375,0.07288051561725335,0.2513634110064452,0.1591472483886961,0.056023797719385225,0.044868616757560736,0.051065939514129896,0.23500247892910262,0.21789786812097173,0.13262270699058007,0.08775409023301933,0.15716410510659395,0.09122459097669806,0.11105602379771938,0.14402578086266732,1.0,0.14105106593951414,0.21368368864650472,0.19261279127416955,0.2181457610312345,0.21095686663361427,0.14600892414476946,0.04462072384729797,0.04858701041150223,0.05230540406544373,0.044124938026772434,0.1980664352999504,0.2667327714427367,0.16906296479920674,0.03867129400099157,0.20277640059494298,0.047595438770451165,0.12320277640059495
SKACTIVEML_COST_EMBEDDING,0.1494794248884482,0.18170550322260784,0.05676747645017353,0.06891422905304909,0.07263262270699058,0.06891422905304909,0.16013882002974714,0.19856222112047595,0.0473475458601884,0.048834903321764996,0.04933068914229053,0.14253842340109074,0.14476945959345563,0.14154685176003967,0.05676747645017353,0.14105106593951414,0.1494794248884482,0.09766980664352999,0.10312345066931086,0.14105106593951414,1.0,0.15443728309370353,0.16881507188894398,0.14625681705503224,0.12890431333663857,0.18468021814576102,0.05081804660386713,0.05552801189885969,0.05577590480912246,0.0428854734754586,0.16162617749132374,0.16931085770946952,0.18170550322260784,0.04685176003966286,0.14476945959345563,0.049826474962816066,0.06891422905304909
SKACTIVEML_DAL,0.11576598909271195,0.1499752107089737,0.07585523054040655,0.10609816559246406,0.06668319286068418,0.06792265741199802,0.2404561229548835,0.19360436291522062,0.05404065443728309,0.04685176003966286,0.04933068914229053,0.20847793753098662,0.22161626177491323,0.13931581556767478,0.07585523054040655,0.16187407040158652,0.11576598909271195,0.10510659395141299,0.1427863163113535,0.21368368864650472,0.15443728309370353,1.0,0.1931085770946951,0.22136836886465047,0.23252354982647497,0.17203767972235995,0.045364402578086264,0.0466038671294001,0.04833911750123947,0.0406544372830937,0.21393158155676748,0.25334655428854735,0.2077342588001983,0.03470500743678731,0.22136836886465047,0.04338125929598413,0.10609816559246406
SKACTIVEML_DWUS,0.11279127416955875,0.17922657411998016,0.09643034209221617,0.0857709469509172,0.07263262270699058,0.06841844323252355,0.2964799206742687,0.20451165096678234,0.043877045116509666,0.0436291522062469,0.0443728309370352,0.1886465047099653,0.19261279127416955,0.1360932077342588,0.09643034209221617,0.1383242439266237,0.11279127416955875,0.09568666336142786,0.12245909766980664,0.19261279127416955,0.16881507188894398,0.1931085770946951,1.0,0.2077342588001983,0.18294496777392166,0.15840356965790778,0.053544868616757564,0.051065939514129896,0.0532969757064948,0.0384234010907288,0.18616757560733763,0.26003966286564206,0.18914229053049084,0.04090233019335647,0.18071393158155677,0.0451165096678235,0.0857709469509172
SKACTIVEML_QBC,0.10262766484878533,0.15344571145265246,0.09072880515617253,0.10535448686167576,0.05850272682201289,0.06593951412989589,0.2345066931085771,0.18815071888943977,0.0495785820525533,0.04313336638572137,0.05280118988596926,0.22459097669806644,0.21913733267228558,0.14105106593951414,0.09072880515617253,0.15865146256817056,0.10262766484878533,0.10857709469509172,0.1346058502726822,0.2181457610312345,0.14625681705503224,0.22136836886465047,0.2077342588001983,1.0,0.2270699058006941,0.16063460585027267,0.0480912245909767,0.05007436787307883,0.051313832424392664,0.04238968765493307,0.1943480416460089,0.2555775904809122,0.17129400099157163,0.03247397124442241,0.2107089737233515,0.048834903321764996,0.10535448686167576
SKACTIVEML_QBC_VOTE_ENTROPY,0.0880019831432821,0.13559742191373328,0.07635101636093208,0.10585027268220129,0.061973227565691624,0.06544372830937036,0.2387208725830441,0.16534457114526524,0.044868616757560736,0.0406544372830937,0.05701536936043629,0.22731779871095686,0.22607833415964304,0.13634110064452157,0.07635101636093208,0.16683192860684184,0.0880019831432821,0.10138820029747149,0.13782845810609817,0.21095686663361427,0.12890431333663857,0.23252354982647497,0.18294496777392166,0.2270699058006941,1.0,0.14923153197818542,0.05552801189885969,0.0518096182449182,0.05453644025780863,0.04709965294992563,0.1931085770946951,0.2560733763014378,0.16410510659395142,0.03966286564204264,0.21492315319781854,0.0428854734754586,0.10585027268220129
SKACTIVEML_QUIRE,0.18468021814576102,0.23723351512146754,0.05850272682201289,0.061973227565691624,0.07461576598909271,0.06346058502726822,0.16980664352999505,0.278135845314824,0.059494298463063956,0.058254833911750126,0.05007436787307883,0.14030738720872582,0.1338621715418939,0.11551809618244918,0.05850272682201289,0.13039167079821518,0.18468021814576102,0.0932077342588002,0.09419930589985126,0.14600892414476946,0.18468021814576102,0.17203767972235995,0.15840356965790778,0.16063460585027267,0.14923153197818542,1.0,0.05627169062964799,0.05428854734754586,0.049826474962816066,0.03867129400099157,0.17402082300446206,0.17352503718393653,0.2315319781854239,0.04784333168071393,0.1494794248884482,0.05552801189885969,0.061973227565691624
SKACTIVEML_US_ENTROPY,0.04015865146256817,0.06569162121963312,0.01636093207734259,0.015617253346554288,0.06891422905304909,0.05453644025780863,0.04561229548834903,0.060981655924640554,0.08775409023301933,0.07858205255329698,0.05453644025780863,0.05156172533465543,0.0451165096678235,0.05205751115518096,0.01636093207734259,0.05057015369360436,0.04015865146256817,0.03867129400099157,0.03594447198810114,0.04462072384729797,0.05081804660386713,0.045364402578086264,0.053544868616757564,0.0480912245909767,0.05552801189885969,0.05627169062964799,1.0,0.7464055528011899,0.7243430837878037,0.04462072384729797,0.04685176003966286,0.0532969757064948,0.04462072384729797,0.06395637084779375,0.04933068914229053,0.08626673277144274,0.015617253346554288
SKACTIVEML_US_LC,0.03346554288547347,0.059742191373326724,0.022062469013386217,0.018591968269707486,0.07982151710461081,0.05999008428358949,0.044868616757560736,0.057263262270699056,0.08279623202776401,0.07882994546355974,0.06569162121963312,0.05404065443728309,0.04908279623202776,0.05280118988596926,0.022062469013386217,0.0473475458601884,0.03346554288547347,0.0421417947446703,0.03396132870599901,0.04858701041150223,0.05552801189885969,0.0466038671294001,0.051065939514129896,0.05007436787307883,0.0518096182449182,0.05428854734754586,0.7464055528011899,1.0,0.7278135845314824,0.04858701041150223,0.044868616757560736,0.0451165096678235,0.048834903321764996,0.07362419434804164,0.046355974219137334,0.06990580069410014,0.018591968269707486
SKACTIVEML_US_MARGIN,0.03346554288547347,0.05850272682201289,0.02181457610312345,0.017104610808130888,0.059742191373326724,0.07188894397620228,0.05205751115518096,0.051065939514129896,0.05775904809122459,0.06494794248884482,0.08155676747645017,0.05304908279623203,0.0495785820525533,0.05156172533465543,0.02181457610312345,0.05404065443728309,0.03346554288547347,0.0466038671294001,0.03991075855230541,0.05230540406544373,0.05577590480912246,0.04833911750123947,0.0532969757064948,0.051313832424392664,0.05453644025780863,0.049826474962816066,0.7243430837878037,0.7278135845314824,1.0,0.06792265741199802,0.05999008428358949,0.053544868616757564,0.044868616757560736,0.054784333168071395,0.051065939514129896,0.05304908279623203,0.017104610808130888
SMALLTEXT_BREAKINGTIES,0.02181457610312345,0.04115022310361924,0.01636093207734259,0.02404561229548835,0.11204759543877045,0.21244422409519087,0.040406544372830935,0.034209221616261776,0.049826474962816066,0.05528011898859692,0.0835399107585523,0.0458601883986118,0.04462072384729797,0.05404065443728309,0.01636093207734259,0.0451165096678235,0.02181457610312345,0.14154685176003967,0.07288051561725335,0.044124938026772434,0.0428854734754586,0.0406544372830937,0.0384234010907288,0.04238968765493307,0.04709965294992563,0.03867129400099157,0.04462072384729797,0.04858701041150223,0.06792265741199802,1.0,0.03867129400099157,0.042637580565195836,0.03520079325731284,0.7159147248388696,0.044124938026772434,0.7042637580565195,0.02404561229548835
SMALLTEXT_CONTRASTIVEAL,0.15270203272186417,0.19137332672285573,0.07312840852751612,0.090233019335647,0.06841844323252355,0.06346058502726822,0.21417947446703026,0.2461576598909271,0.05924640555280119,0.051065939514129896,0.0473475458601884,0.19533961328705998,0.20401586514625683,0.12915220624690135,0.07312840852751612,0.14823996033713435,0.15270203272186417,0.08552305404065444,0.12171541893901834,0.1980664352999504,0.16162617749132374,0.21393158155676748,0.18616757560733763,0.1943480416460089,0.1931085770946951,0.17402082300446206,0.04685176003966286,0.044868616757560736,0.05999008428358949,0.03867129400099157,1.0,0.2330193356470005,0.22384729796727815,0.03817550818046604,0.1968269707486366,0.05230540406544373,0.090233019335647
SMALLTEXT_EMBEDDINGKMEANS,0.10089241447694595,0.15220624690133863,0.10337134357957363,0.12592959841348536,0.07114526524541398,0.07560733763014378,0.360932077342588,0.19633118492811105,0.05007436787307883,0.047595438770451165,0.054784333168071395,0.2583044124938027,0.273921665840357,0.15518096182449181,0.10337134357957363,0.17550818046603867,0.10089241447694595,0.11502231036192365,0.1648487853247397,0.2667327714427367,0.16931085770946952,0.25334655428854735,0.26003966286564206,0.2555775904809122,0.2560733763014378,0.17352503718393653,0.0532969757064948,0.0451165096678235,0.053544868616757564,0.042637580565195836,0.2330193356470005,1.0,0.20252850768468023,0.03966286564204264,0.24665344571145265,0.0473475458601884,0.12592959841348536
SMALLTEXT_GREEDYCORESET,0.26103123450669313,0.2518591968269707,0.059742191373326724,0.07932573128408528,0.07064947942488845,0.06420426375805652,0.18616757560733763,0.3145761031234507,0.054784333168071395,0.05057015369360436,0.05428854734754586,0.18220128904313337,0.16732771442736738,0.12766484878532475,0.059742191373326724,0.15443728309370353,0.26103123450669313,0.08849776896380764,0.11948438274665345,0.16906296479920674,0.18170550322260784,0.2077342588001983,0.18914229053049084,0.17129400099157163,0.16410510659395142,0.2315319781854239,0.04462072384729797,0.048834903321764996,0.044868616757560736,0.03520079325731284,0.22384729796727815,0.20252850768468023,1.0,0.03891918691125434,0.180466038671294,0.04313336638572137,0.07932573128408528
SMALLTEXT_LEASTCONFIDENCE,0.03371343579573624,0.053792761527020325,0.015617253346554288,0.018096182449181954,0.21764997521070897,0.11031234506693109,0.03371343579573624,0.04189390183440753,0.07040158651462568,0.07783837382250867,0.05775904809122459,0.0384234010907288,0.034209221616261776,0.04933068914229053,0.015617253346554288,0.043877045116509666,0.03371343579573624,0.09370352007932573,0.04462072384729797,0.03867129400099157,0.04685176003966286,0.03470500743678731,0.04090233019335647,0.03247397124442241,0.03966286564204264,0.04784333168071393,0.06395637084779375,0.07362419434804164,0.054784333168071395,0.7159147248388696,0.03817550818046604,0.03966286564204264,0.03891918691125434,1.0,0.03371343579573624,0.7307882994546356,0.018096182449181954
SMALLTEXT_LIGHTWEIGHTCORESET,0.08775409023301933,0.14452156668319285,0.07833415964303421,0.12245909766980664,0.06767476450173525,0.07337630143777887,0.2270699058006941,0.17327714427367377,0.0495785820525533,0.0480912245909767,0.0532969757064948,0.22459097669806644,0.2203767972235994,0.1405552801189886,0.07833415964303421,0.15964303420922163,0.08775409023301933,0.11650966782350025,0.14972731779871096,0.20277640059494298,0.14476945959345563,0.22136836886465047,0.18071393158155677,0.2107089737233515,0.21492315319781854,0.1494794248884482,0.04933068914229053,0.046355974219137334,0.051065939514129896,0.044124938026772434,0.1968269707486366,0.24665344571145265,0.180466038671294,0.03371343579573624,1.0,0.0458601883986118,0.12245909766980664
SMALLTEXT_PREDICTIONENTROPY,0.03891918691125434,0.06122954883490332,0.019335647000495785,0.01834407535944472,0.12840852751611304,0.10907288051561725,0.043877045116509666,0.051313832424392664,0.09593455627169063,0.08081308874566187,0.06668319286068418,0.0458601883986118,0.0451165096678235,0.045364402578086264,0.019335647000495785,0.04685176003966286,0.03891918691125434,0.0872583044124938,0.042637580565195836,0.047595438770451165,0.049826474962816066,0.04338125929598413,0.0451165096678235,0.048834903321764996,0.0428854734754586,0.05552801189885969,0.08626673277144274,0.06990580069410014,0.05304908279623203,0.7042637580565195,0.05230540406544373,0.0473475458601884,0.04313336638572137,0.7307882994546356,0.0458601883986118,1.0,0.01834407535944472
SMALLTEXT_RANDOM,0.036440257808626676,0.051065939514129896,0.03619236489836391,1.0,0.03148239960337134,0.035696579077838374,0.11031234506693109,0.060981655924640554,0.020079325731284084,0.017848289538919187,0.019335647000495785,0.11452652454139811,0.10981655924640556,0.07263262270699058,0.03619236489836391,0.08924144769459594,0.036440257808626676,0.05924640555280119,0.08106098165592464,0.12320277640059495,0.06891422905304909,0.10609816559246406,0.0857709469509172,0.10535448686167576,0.10585027268220129,0.061973227565691624,0.015617253346554288,0.018591968269707486,0.017104610808130888,0.02404561229548835,0.090233019335647,0.12592959841348536,0.07932573128408528,0.018096182449181954,0.12245909766980664,0.01834407535944472,1.0
