,ALIPY_CORESET_GREEDY,ALIPY_DENSITY_WEIGHTED,ALIPY_GRAPH_DENSITY,ALIPY_RANDOM,ALIPY_UNCERTAINTY_LC,ALIPY_UNCERTAINTY_MM,LIBACT_DWUS,LIBACT_QUIRE,LIBACT_UNCERTAINTY_ENT,LIBACT_UNCERTAINTY_LC,LIBACT_UNCERTAINTY_SM,OPTIMAL_GREEDY_10,OPTIMAL_GREEDY_20,PLAYGROUND_BANDIT,PLAYGROUND_GRAPH_DENSITY,PLAYGROUND_INFORMATIVE_DIVERSE,PLAYGROUND_KCENTER_GREEDY,PLAYGROUND_MARGIN,PLAYGROUND_MIXTURE,PLAYGROUND_UNIFORM,SKACTIVEML_COST_EMBEDDING,SKACTIVEML_DAL,SKACTIVEML_DWUS,SKACTIVEML_QBC,SKACTIVEML_QBC_VOTE_ENTROPY,SKACTIVEML_QUIRE,SKACTIVEML_US_ENTROPY,SKACTIVEML_US_LC,SKACTIVEML_US_MARGIN,SMALLTEXT_BREAKINGTIES,SMALLTEXT_CONTRASTIVEAL,SMALLTEXT_EMBEDDINGKMEANS,SMALLTEXT_GREEDYCORESET,SMALLTEXT_LEASTCONFIDENCE,SMALLTEXT_LIGHTWEIGHTCORESET,SMALLTEXT_PREDICTIONENTROPY,SMALLTEXT_RANDOM
ALIPY_CORESET_GREEDY,1.0,0.124194348041646,0.1264253842340109,0.1331184928111056,0.08973723351512147,0.09395141298958849,0.037927615270203274,0.08701041150223103,0.06668319286068418,0.07089737233515121,0.07362419434804164,0.21988101140307387,0.21219633118492812,0.12196331184928111,0.1264253842340109,0.13039167079821518,0.9995042141794744,0.0954387704511651,0.15716410510659395,0.16584035696579078,0.12915220624690135,0.1536936043629152,0.06717897868120971,0.07982151710461081,0.14898363906792267,0.10981655924640556,0.08403569657907783,0.08601883986117997,0.08378780366881507,0.07932573128408528,0.08676251859196826,0.11774913237481408,0.22459097669806644,0.08106098165592464,0.13262270699058007,0.07907783837382251,0.1331184928111056
ALIPY_DENSITY_WEIGHTED,0.124194348041646,1.0,0.07610312345066932,0.09519087754090233,0.13956370847793753,0.1301437778879524,0.0518096182449182,0.09890927119484383,0.11502231036192365,0.11973227565691621,0.11725334655428855,0.09940505701536936,0.10014873574615767,0.12915220624690135,0.07610312345066932,0.12543381259295985,0.124194348041646,0.12320277640059495,0.13212692117005453,0.10684184432325236,0.1412989588497769,0.11353495290034706,0.11403073872087258,0.06965790778383739,0.10461080813088745,0.12245909766980664,0.12915220624690135,0.12469013386217154,0.12369856222112048,0.11874070401586515,0.07362419434804164,0.08254833911750124,0.10708973723351513,0.13063956370847793,0.11155180961824492,0.1301437778879524,0.09519087754090233
ALIPY_GRAPH_DENSITY,0.1264253842340109,0.07610312345066932,1.0,0.17476450173525038,0.06618740704015866,0.07064947942488845,0.05230540406544373,0.03867129400099157,0.057263262270699056,0.05057015369360436,0.06023797719385226,0.15518096182449181,0.15468517600396628,0.0961824491819534,1.0,0.09890927119484383,0.12692117005453643,0.07337630143777887,0.12518591968269707,0.21913733267228558,0.10808130887456618,0.16782350024789291,0.08973723351512147,0.09122459097669806,0.22012890431333665,0.06023797719385226,0.06370847793753098,0.06172533465542886,0.06866633614278632,0.06370847793753098,0.04933068914229053,0.1442736737729301,0.15691621219633117,0.05999008428358949,0.17699553792761527,0.06668319286068418,0.17476450173525038
ALIPY_RANDOM,0.1331184928111056,0.09519087754090233,0.17476450173525038,1.0,0.09048091224590976,0.09643034209221617,0.051065939514129896,0.07709469509172037,0.08180466038671294,0.07486365889935548,0.08676251859196826,0.21938522558254833,0.21095686663361427,0.13063956370847793,0.17476450173525038,0.1499752107089737,0.13336638572136836,0.11551809618244918,0.16807139315815567,0.2989588497768964,0.13634110064452157,0.24169558750619732,0.0991571641051066,0.12865642042637582,0.3036688150718889,0.09667823500247893,0.0961824491819534,0.09766980664352999,0.09866137828458106,0.09221616261774913,0.07040158651462568,0.21913733267228558,0.1707982151710461,0.08998512642538424,0.263262270699058,0.08899355478433317,1.0
ALIPY_UNCERTAINTY_LC,0.08973723351512147,0.13956370847793753,0.06618740704015866,0.09048091224590976,1.0,0.7825979176995538,0.028011898859692613,0.03941497273177987,0.24144769459593457,0.2892910262766485,0.23103619236489836,0.1611303916707982,0.1576598909271195,0.2521070897372335,0.06618740704015866,0.24293505205751115,0.08998512642538424,0.3106098165592464,0.251611303916708,0.11303916707982152,0.20029747149231533,0.11675756073376302,0.08676251859196826,0.05850272682201289,0.10014873574615767,0.10386712940009915,0.2672285572632623,0.3083787803668815,0.2553296975706495,0.3217649975210709,0.04908279623202776,0.07932573128408528,0.08106098165592464,0.43529995042141795,0.10188398611799702,0.3408527516113039,0.09048091224590976
ALIPY_UNCERTAINTY_MM,0.09395141298958849,0.1301437778879524,0.07064947942488845,0.09643034209221617,0.7825979176995538,1.0,0.03445711452652454,0.03817550818046604,0.20897372335151215,0.23475458601883986,0.288795240456123,0.17649975210708974,0.1752602875557759,0.27962320277640057,0.07064947942488845,0.25359444719881014,0.09395141298958849,0.3624194348041646,0.28011898859692613,0.11650966782350025,0.1923648983639068,0.12444224095190877,0.08378780366881507,0.060981655924640554,0.10089241447694595,0.10461080813088745,0.24169558750619732,0.25483391175012393,0.29821517104610806,0.44199305899851266,0.0466038671294001,0.08155676747645017,0.08155676747645017,0.31978185423896877,0.10783341596430342,0.2922657411998017,0.09643034209221617
LIBACT_DWUS,0.037927615270203274,0.0518096182449182,0.05230540406544373,0.051065939514129896,0.028011898859692613,0.03445711452652454,1.0,0.06544372830937036,0.02528507684680218,0.023549826474962815,0.02949925632126921,0.029251363411006447,0.026524541398116015,0.02949925632126921,0.05230540406544373,0.027764005949429845,0.037927615270203274,0.026772434308378782,0.03222607833415964,0.07362419434804164,0.03817550818046604,0.04858701041150223,0.08998512642538424,0.06643529995042141,0.06792265741199802,0.053792761527020325,0.028507684680218144,0.027268220128904314,0.033217649975210706,0.02900347050074368,0.06941001487357462,0.10064452156668319,0.03817550818046604,0.02528507684680218,0.05627169062964799,0.02478929102627665,0.051065939514129896
LIBACT_QUIRE,0.08701041150223103,0.09890927119484383,0.03867129400099157,0.07709469509172037,0.03941497273177987,0.03817550818046604,0.06544372830937036,1.0,0.03495290034705007,0.03272186415468518,0.03371343579573624,0.048834903321764996,0.05057015369360436,0.0495785820525533,0.03867129400099157,0.057263262270699056,0.08701041150223103,0.044124938026772434,0.06370847793753098,0.08477937530986614,0.06395637084779375,0.07982151710461081,0.05577590480912246,0.07188894397620228,0.0850272682201289,0.10163609320773426,0.03371343579573624,0.033217649975210706,0.03371343579573624,0.034209221616261776,0.09295984134853744,0.07585523054040655,0.07907783837382251,0.03668815071888944,0.09494298463063956,0.03718393653941497,0.07709469509172037
LIBACT_UNCERTAINTY_ENT,0.06668319286068418,0.11502231036192365,0.057263262270699056,0.08180466038671294,0.24144769459593457,0.20897372335151215,0.02528507684680218,0.03495290034705007,1.0,0.8071393158155676,0.7565691621219633,0.1412989588497769,0.13485374318294496,0.1737729300941993,0.057263262270699056,0.20996529499256322,0.06668319286068418,0.1841844323252355,0.1715418939018344,0.11056023797719385,0.16881507188894398,0.1036192364898364,0.08279623202776401,0.04858701041150223,0.09568666336142786,0.0880019831432821,0.27317798710956864,0.22583044124938026,0.19905800694100148,0.2850768468021815,0.05775904809122459,0.07461576598909271,0.0850272682201289,0.3145761031234507,0.09345562716906297,0.35845314823996033,0.08180466038671294
LIBACT_UNCERTAINTY_LC,0.07089737233515121,0.11973227565691621,0.05057015369360436,0.07486365889935548,0.2892910262766485,0.23475458601883986,0.023549826474962815,0.03272186415468518,0.8071393158155676,1.0,0.7910262766484879,0.14328210213187903,0.14154685176003967,0.19137332672285573,0.05057015369360436,0.22285572632622708,0.07114526524541398,0.20228061477441744,0.18542389687654934,0.10039662865642042,0.1737729300941993,0.10188398611799702,0.08304412493802678,0.0436291522062469,0.0887456618740704,0.08279623202776401,0.236737729300942,0.2766484878532474,0.22012890431333665,0.30168567178978684,0.0451165096678235,0.07387208725830441,0.07957362419434805,0.3658899355478433,0.090233019335647,0.32424392662369855,0.07486365889935548
LIBACT_UNCERTAINTY_SM,0.07362419434804164,0.11725334655428855,0.06023797719385226,0.08676251859196826,0.23103619236489836,0.288795240456123,0.02949925632126921,0.03371343579573624,0.7565691621219633,0.7910262766484879,1.0,0.15790778383738224,0.1494794248884482,0.1980664352999504,0.06023797719385226,0.23648983639067922,0.07387208725830441,0.21541893901834408,0.2035200793257313,0.10783341596430342,0.17501239464551313,0.10708973723351513,0.08651462568170551,0.0518096182449182,0.09890927119484383,0.08378780366881507,0.20128904313336637,0.2263262270699058,0.2746653445711453,0.360932077342588,0.040406544372830935,0.07511155180961825,0.07882994546355974,0.30490827962320277,0.09890927119484383,0.29449677739216656,0.08676251859196826
OPTIMAL_GREEDY_10,0.21988101140307387,0.09940505701536936,0.15518096182449181,0.21938522558254833,0.1611303916707982,0.17649975210708974,0.029251363411006447,0.048834903321764996,0.1412989588497769,0.14328210213187903,0.15790778383738224,1.0,0.7424392662369856,0.25706494794248885,0.15518096182449181,0.2890431333663857,0.22012890431333665,0.22682201289043133,0.33118492811105604,0.24714923153197818,0.1871591472483887,0.2278135845314824,0.06569162121963312,0.11675756073376302,0.2424392662369856,0.1279127416955875,0.1648487853247397,0.17203767972235995,0.18393653941497273,0.17426871591472484,0.059494298463063956,0.21566683192860683,0.12320277640059495,0.16212196331184928,0.21616261774913237,0.15790778383738224,0.21938522558254833
OPTIMAL_GREEDY_20,0.21219633118492812,0.10014873574615767,0.15468517600396628,0.21095686663361427,0.1576598909271195,0.1752602875557759,0.026524541398116015,0.05057015369360436,0.13485374318294496,0.14154685176003967,0.1494794248884482,0.7424392662369856,1.0,0.2555775904809122,0.15468517600396628,0.2900347050074368,0.21194843827466534,0.22979672781358454,0.3254833911750124,0.2389687654933069,0.17550818046603867,0.21393158155676748,0.06271690629647993,0.11675756073376302,0.23723351512146754,0.12295488349033218,0.16360932077342588,0.1722855726326227,0.18393653941497273,0.17030242935052056,0.058750619732275654,0.21641051065939515,0.12022806147744175,0.15344571145265246,0.20798215171046108,0.14972731779871096,0.21095686663361427
PLAYGROUND_BANDIT,0.12196331184928111,0.12915220624690135,0.0961824491819534,0.13063956370847793,0.2521070897372335,0.27962320277640057,0.02949925632126921,0.0495785820525533,0.1737729300941993,0.19137332672285573,0.1980664352999504,0.25706494794248885,0.2555775904809122,1.0,0.0961824491819534,0.45066931085770945,0.12196331184928111,0.6584035696579078,0.4947942488844819,0.17302925136341102,0.307882994546356,0.15294992563212692,0.08081308874566187,0.08899355478433317,0.14452156668319285,0.15245413981160139,0.19211700545364402,0.20054536440257809,0.21046108081308876,0.2597917699553793,0.06147744174516609,0.10510659395141299,0.09643034209221617,0.23029251363411007,0.14179474467030243,0.2181457610312345,0.13063956370847793
PLAYGROUND_GRAPH_DENSITY,0.1264253842340109,0.07610312345066932,1.0,0.17476450173525038,0.06618740704015866,0.07064947942488845,0.05230540406544373,0.03867129400099157,0.057263262270699056,0.05057015369360436,0.06023797719385226,0.15518096182449181,0.15468517600396628,0.0961824491819534,1.0,0.09890927119484383,0.12692117005453643,0.07337630143777887,0.12518591968269707,0.21913733267228558,0.10808130887456618,0.16782350024789291,0.08973723351512147,0.09122459097669806,0.22012890431333665,0.06023797719385226,0.06370847793753098,0.06172533465542886,0.06866633614278632,0.06370847793753098,0.04933068914229053,0.1442736737729301,0.15691621219633117,0.05999008428358949,0.17699553792761527,0.06668319286068418,0.17476450173525038
PLAYGROUND_INFORMATIVE_DIVERSE,0.13039167079821518,0.12543381259295985,0.09890927119484383,0.1499752107089737,0.24293505205751115,0.25359444719881014,0.027764005949429845,0.057263262270699056,0.20996529499256322,0.22285572632622708,0.23648983639067922,0.2890431333663857,0.2900347050074368,0.45066931085770945,0.09890927119484383,1.0,0.1308874566187407,0.4652949925632127,0.4365394149727318,0.16360932077342588,0.2697074863658899,0.1554288547347546,0.0842835894893406,0.09196826970748637,0.15592464055528013,0.1427863163113535,0.2035200793257313,0.214427367377293,0.22830937035200793,0.2307882994546356,0.058750619732275654,0.12196331184928111,0.10163609320773426,0.2188894397620228,0.15220624690133863,0.20971740208230044,0.1499752107089737
PLAYGROUND_KCENTER_GREEDY,0.9995042141794744,0.124194348041646,0.12692117005453643,0.13336638572136836,0.08998512642538424,0.09395141298958849,0.037927615270203274,0.08701041150223103,0.06668319286068418,0.07114526524541398,0.07387208725830441,0.22012890431333665,0.21194843827466534,0.12196331184928111,0.12692117005453643,0.1308874566187407,1.0,0.0954387704511651,0.1574119980168567,0.16584035696579078,0.1294000991571641,0.153941497273178,0.06717897868120971,0.08031730292513634,0.1494794248884482,0.10981655924640556,0.08403569657907783,0.08626673277144274,0.08378780366881507,0.07932573128408528,0.08676251859196826,0.11725334655428855,0.2248388696083292,0.0813088745661874,0.1331184928111056,0.07907783837382251,0.13336638572136836
PLAYGROUND_MARGIN,0.0954387704511651,0.12320277640059495,0.07337630143777887,0.11551809618244918,0.3106098165592464,0.3624194348041646,0.026772434308378782,0.044124938026772434,0.1841844323252355,0.20228061477441744,0.21541893901834408,0.22682201289043133,0.22979672781358454,0.6584035696579078,0.07337630143777887,0.4652949925632127,0.0954387704511651,1.0,0.5337134357957363,0.14030738720872582,0.3106098165592464,0.1249380267724343,0.08254833911750124,0.08081308874566187,0.1256817055032226,0.15592464055528013,0.20500743678730787,0.21244422409519087,0.22682201289043133,0.3401090728805156,0.05899851264253842,0.0894893406048587,0.08155676747645017,0.2900347050074368,0.11799702528507684,0.26846802181457613,0.11551809618244918
PLAYGROUND_MIXTURE,0.15716410510659395,0.13212692117005453,0.12518591968269707,0.16807139315815567,0.251611303916708,0.28011898859692613,0.03222607833415964,0.06370847793753098,0.1715418939018344,0.18542389687654934,0.2035200793257313,0.33118492811105604,0.3254833911750124,0.4947942488844819,0.12518591968269707,0.4365394149727318,0.1574119980168567,0.5337134357957363,1.0,0.23029251363411007,0.259048091224591,0.17947446703024295,0.07734258800198314,0.10436291522062469,0.19533961328705998,0.14600892414476946,0.1983143282102132,0.20302429350520576,0.21988101140307387,0.2630143777887952,0.06271690629647993,0.15294992563212692,0.11378284581060982,0.23054040654437283,0.17178978681209717,0.2240951908775409,0.16807139315815567
PLAYGROUND_UNIFORM,0.16584035696579078,0.10684184432325236,0.21913733267228558,0.2989588497768964,0.11303916707982152,0.11650966782350025,0.07362419434804164,0.08477937530986614,0.11056023797719385,0.10039662865642042,0.10783341596430342,0.24714923153197818,0.2389687654933069,0.17302925136341102,0.21913733267228558,0.16360932077342588,0.16584035696579078,0.14030738720872582,0.23029251363411007,1.0,0.1628656420426376,0.25706494794248885,0.11774913237481408,0.1502231036192365,0.3368864650470996,0.11601388200297472,0.11130391670798215,0.11403073872087258,0.12444224095190877,0.11452652454139811,0.09568666336142786,0.2449181953396133,0.17104610808130888,0.10560237977193852,0.2863163113534953,0.10386712940009915,0.2989588497768964
SKACTIVEML_COST_EMBEDDING,0.12915220624690135,0.1412989588497769,0.10808130887456618,0.13634110064452157,0.20029747149231533,0.1923648983639068,0.03817550818046604,0.06395637084779375,0.16881507188894398,0.1737729300941993,0.17501239464551313,0.1871591472483887,0.17550818046603867,0.307882994546356,0.10808130887456618,0.2697074863658899,0.1294000991571641,0.3106098165592464,0.259048091224591,0.1628656420426376,1.0,0.15493306891422906,0.09370352007932573,0.08750619732275657,0.15518096182449181,0.17030242935052056,0.18145761031234506,0.18294496777392166,0.17922657411998016,0.17327714427367377,0.06866633614278632,0.10932077342588002,0.11675756073376302,0.1782350024789291,0.14749628160634606,0.18096182449181952,0.13634110064452157
SKACTIVEML_DAL,0.1536936043629152,0.11353495290034706,0.16782350024789291,0.24169558750619732,0.11675756073376302,0.12444224095190877,0.04858701041150223,0.07982151710461081,0.1036192364898364,0.10188398611799702,0.10708973723351513,0.2278135845314824,0.21393158155676748,0.15294992563212692,0.16782350024789291,0.1554288547347546,0.153941497273178,0.1249380267724343,0.17947446703024295,0.25706494794248885,0.15493306891422906,1.0,0.10510659395141299,0.11973227565691621,0.25409023301933564,0.10758552305404065,0.11403073872087258,0.11874070401586515,0.12270699058006941,0.11179970252850768,0.0917203767972236,0.18170550322260784,0.15443728309370353,0.10857709469509172,0.2426871591472484,0.10758552305404065,0.24169558750619732
SKACTIVEML_DWUS,0.06717897868120971,0.11403073872087258,0.08973723351512147,0.0991571641051066,0.08676251859196826,0.08378780366881507,0.08998512642538424,0.05577590480912246,0.08279623202776401,0.08304412493802678,0.08651462568170551,0.06569162121963312,0.06271690629647993,0.08081308874566187,0.08973723351512147,0.0842835894893406,0.06717897868120971,0.08254833911750124,0.07734258800198314,0.11774913237481408,0.09370352007932573,0.10510659395141299,1.0,0.09271194843827467,0.10585027268220129,0.06817055032226078,0.08477937530986614,0.08824987605354487,0.08899355478433317,0.07833415964303421,0.05800694100148736,0.08750619732275657,0.0768468021814576,0.07858205255329698,0.11303916707982152,0.07858205255329698,0.0991571641051066
SKACTIVEML_QBC,0.07982151710461081,0.06965790778383739,0.09122459097669806,0.12865642042637582,0.05850272682201289,0.060981655924640554,0.06643529995042141,0.07188894397620228,0.04858701041150223,0.0436291522062469,0.0518096182449182,0.11675756073376302,0.11675756073376302,0.08899355478433317,0.09122459097669806,0.09196826970748637,0.08031730292513634,0.08081308874566187,0.10436291522062469,0.1502231036192365,0.08750619732275657,0.11973227565691621,0.09271194843827467,1.0,0.1576598909271195,0.10237977193852256,0.0532969757064948,0.05676747645017353,0.06370847793753098,0.05627169062964799,0.0880019831432821,0.1383242439266237,0.0909766980664353,0.05156172533465543,0.13361427863163114,0.04933068914229053,0.12865642042637582
SKACTIVEML_QBC_VOTE_ENTROPY,0.14898363906792267,0.10461080813088745,0.22012890431333665,0.3036688150718889,0.10014873574615767,0.10089241447694595,0.06792265741199802,0.0850272682201289,0.09568666336142786,0.0887456618740704,0.09890927119484383,0.2424392662369856,0.23723351512146754,0.14452156668319285,0.22012890431333665,0.15592464055528013,0.1494794248884482,0.1256817055032226,0.19533961328705998,0.3368864650470996,0.15518096182449181,0.25409023301933564,0.10585027268220129,0.1576598909271195,1.0,0.10733763014377788,0.1028755577590481,0.10609816559246406,0.11601388200297472,0.09766980664352999,0.07734258800198314,0.23475458601883986,0.1826970748636589,0.09147248388696083,0.2997025285076847,0.09444719881011403,0.3036688150718889
SKACTIVEML_QUIRE,0.10981655924640556,0.12245909766980664,0.06023797719385226,0.09667823500247893,0.10386712940009915,0.10461080813088745,0.053792761527020325,0.10163609320773426,0.0880019831432821,0.08279623202776401,0.08378780366881507,0.1279127416955875,0.12295488349033218,0.15245413981160139,0.06023797719385226,0.1427863163113535,0.10981655924640556,0.15592464055528013,0.14600892414476946,0.11601388200297472,0.17030242935052056,0.10758552305404065,0.06817055032226078,0.10237977193852256,0.10733763014377788,1.0,0.0894893406048587,0.08626673277144274,0.0880019831432821,0.09766980664352999,0.09196826970748637,0.06742687159147248,0.0946950917203768,0.0984134853743183,0.10956866633614279,0.10089241447694595,0.09667823500247893
SKACTIVEML_US_ENTROPY,0.08403569657907783,0.12915220624690135,0.06370847793753098,0.0961824491819534,0.2672285572632623,0.24169558750619732,0.028507684680218144,0.03371343579573624,0.27317798710956864,0.236737729300942,0.20128904313336637,0.1648487853247397,0.16360932077342588,0.19211700545364402,0.06370847793753098,0.2035200793257313,0.08403569657907783,0.20500743678730787,0.1983143282102132,0.11130391670798215,0.18145761031234506,0.11403073872087258,0.08477937530986614,0.0532969757064948,0.1028755577590481,0.0894893406048587,1.0,0.8133366385721368,0.770699058006941,0.22012890431333665,0.05651958353991076,0.07188894397620228,0.0880019831432821,0.244174516608825,0.09766980664352999,0.2964799206742687,0.0961824491819534
SKACTIVEML_US_LC,0.08601883986117997,0.12469013386217154,0.06172533465542886,0.09766980664352999,0.3083787803668815,0.25483391175012393,0.027268220128904314,0.033217649975210706,0.22583044124938026,0.2766484878532474,0.2263262270699058,0.17203767972235995,0.1722855726326227,0.20054536440257809,0.06172533465542886,0.214427367377293,0.08626673277144274,0.21244422409519087,0.20302429350520576,0.11403073872087258,0.18294496777392166,0.11874070401586515,0.08824987605354487,0.05676747645017353,0.10609816559246406,0.08626673277144274,0.8133366385721368,1.0,0.7959841348537432,0.23103619236489836,0.05205751115518096,0.07858205255329698,0.08453148239960337,0.2845810609816559,0.10039662865642042,0.2461576598909271,0.09766980664352999
SKACTIVEML_US_MARGIN,0.08378780366881507,0.12369856222112048,0.06866633614278632,0.09866137828458106,0.2553296975706495,0.29821517104610806,0.033217649975210706,0.03371343579573624,0.19905800694100148,0.22012890431333665,0.2746653445711453,0.18393653941497273,0.18393653941497273,0.21046108081308876,0.06866633614278632,0.22830937035200793,0.08378780366881507,0.22682201289043133,0.21988101140307387,0.12444224095190877,0.17922657411998016,0.12270699058006941,0.08899355478433317,0.06370847793753098,0.11601388200297472,0.0880019831432821,0.770699058006941,0.7959841348537432,1.0,0.28135845314824,0.048834903321764996,0.07808626673277144,0.0835399107585523,0.23475458601883986,0.10461080813088745,0.21467526028755576,0.09866137828458106
SMALLTEXT_BREAKINGTIES,0.07932573128408528,0.11874070401586515,0.06370847793753098,0.09221616261774913,0.3217649975210709,0.44199305899851266,0.02900347050074368,0.034209221616261776,0.2850768468021815,0.30168567178978684,0.360932077342588,0.17426871591472484,0.17030242935052056,0.2597917699553793,0.06370847793753098,0.2307882994546356,0.07932573128408528,0.3401090728805156,0.2630143777887952,0.11452652454139811,0.17327714427367377,0.11179970252850768,0.07833415964303421,0.05627169062964799,0.09766980664352999,0.09766980664352999,0.22012890431333665,0.23103619236489836,0.28135845314824,1.0,0.03991075855230541,0.08254833911750124,0.07932573128408528,0.7892910262766485,0.0999008428358949,0.7602875557759048,0.09221616261774913
SMALLTEXT_CONTRASTIVEAL,0.08676251859196826,0.07362419434804164,0.04933068914229053,0.07040158651462568,0.04908279623202776,0.0466038671294001,0.06941001487357462,0.09295984134853744,0.05775904809122459,0.0451165096678235,0.040406544372830935,0.059494298463063956,0.058750619732275654,0.06147744174516609,0.04933068914229053,0.058750619732275654,0.08676251859196826,0.05899851264253842,0.06271690629647993,0.09568666336142786,0.06866633614278632,0.0917203767972236,0.05800694100148736,0.0880019831432821,0.07734258800198314,0.09196826970748637,0.05651958353991076,0.05205751115518096,0.048834903321764996,0.03991075855230541,1.0,0.09395141298958849,0.10114030738720872,0.044868616757560736,0.08477937530986614,0.046355974219137334,0.07040158651462568
SMALLTEXT_EMBEDDINGKMEANS,0.11774913237481408,0.08254833911750124,0.1442736737729301,0.21913733267228558,0.07932573128408528,0.08155676747645017,0.10064452156668319,0.07585523054040655,0.07461576598909271,0.07387208725830441,0.07511155180961825,0.21566683192860683,0.21641051065939515,0.10510659395141299,0.1442736737729301,0.12196331184928111,0.11725334655428855,0.0894893406048587,0.15294992563212692,0.2449181953396133,0.10932077342588002,0.18170550322260784,0.08750619732275657,0.1383242439266237,0.23475458601883986,0.06742687159147248,0.07188894397620228,0.07858205255329698,0.07808626673277144,0.08254833911750124,0.09395141298958849,1.0,0.1420426375805652,0.07833415964303421,0.2278135845314824,0.07535944471988101,0.21913733267228558
SMALLTEXT_GREEDYCORESET,0.22459097669806644,0.10708973723351513,0.15691621219633117,0.1707982151710461,0.08106098165592464,0.08155676747645017,0.03817550818046604,0.07907783837382251,0.0850272682201289,0.07957362419434805,0.07882994546355974,0.12320277640059495,0.12022806147744175,0.09643034209221617,0.15691621219633117,0.10163609320773426,0.2248388696083292,0.08155676747645017,0.11378284581060982,0.17104610808130888,0.11675756073376302,0.15443728309370353,0.0768468021814576,0.0909766980664353,0.1826970748636589,0.0946950917203768,0.0880019831432821,0.08453148239960337,0.0835399107585523,0.07932573128408528,0.10114030738720872,0.1420426375805652,1.0,0.07907783837382251,0.17922657411998016,0.08601883986117997,0.1707982151710461
SMALLTEXT_LEASTCONFIDENCE,0.08106098165592464,0.13063956370847793,0.05999008428358949,0.08998512642538424,0.43529995042141795,0.31978185423896877,0.02528507684680218,0.03668815071888944,0.3145761031234507,0.3658899355478433,0.30490827962320277,0.16212196331184928,0.15344571145265246,0.23029251363411007,0.05999008428358949,0.2188894397620228,0.0813088745661874,0.2900347050074368,0.23054040654437283,0.10560237977193852,0.1782350024789291,0.10857709469509172,0.07858205255329698,0.05156172533465543,0.09147248388696083,0.0984134853743183,0.244174516608825,0.2845810609816559,0.23475458601883986,0.7892910262766485,0.044868616757560736,0.07833415964303421,0.07907783837382251,1.0,0.08775409023301933,0.8108577094695092,0.08998512642538424
SMALLTEXT_LIGHTWEIGHTCORESET,0.13262270699058007,0.11155180961824492,0.17699553792761527,0.263262270699058,0.10188398611799702,0.10783341596430342,0.05627169062964799,0.09494298463063956,0.09345562716906297,0.090233019335647,0.09890927119484383,0.21616261774913237,0.20798215171046108,0.14179474467030243,0.17699553792761527,0.15220624690133863,0.1331184928111056,0.11799702528507684,0.17178978681209717,0.2863163113534953,0.14749628160634606,0.2426871591472484,0.11303916707982152,0.13361427863163114,0.2997025285076847,0.10956866633614279,0.09766980664352999,0.10039662865642042,0.10461080813088745,0.0999008428358949,0.08477937530986614,0.2278135845314824,0.17922657411998016,0.08775409023301933,1.0,0.09048091224590976,0.263262270699058
SMALLTEXT_PREDICTIONENTROPY,0.07907783837382251,0.1301437778879524,0.06668319286068418,0.08899355478433317,0.3408527516113039,0.2922657411998017,0.02478929102627665,0.03718393653941497,0.35845314823996033,0.32424392662369855,0.29449677739216656,0.15790778383738224,0.14972731779871096,0.2181457610312345,0.06668319286068418,0.20971740208230044,0.07907783837382251,0.26846802181457613,0.2240951908775409,0.10386712940009915,0.18096182449181952,0.10758552305404065,0.07858205255329698,0.04933068914229053,0.09444719881011403,0.10089241447694595,0.2964799206742687,0.2461576598909271,0.21467526028755576,0.7602875557759048,0.046355974219137334,0.07535944471988101,0.08601883986117997,0.8108577094695092,0.09048091224590976,1.0,0.08899355478433317
SMALLTEXT_RANDOM,0.1331184928111056,0.09519087754090233,0.17476450173525038,1.0,0.09048091224590976,0.09643034209221617,0.051065939514129896,0.07709469509172037,0.08180466038671294,0.07486365889935548,0.08676251859196826,0.21938522558254833,0.21095686663361427,0.13063956370847793,0.17476450173525038,0.1499752107089737,0.13336638572136836,0.11551809618244918,0.16807139315815567,0.2989588497768964,0.13634110064452157,0.24169558750619732,0.0991571641051066,0.12865642042637582,0.3036688150718889,0.09667823500247893,0.0961824491819534,0.09766980664352999,0.09866137828458106,0.09221616261774913,0.07040158651462568,0.21913733267228558,0.1707982151710461,0.08998512642538424,0.263262270699058,0.08899355478433317,1.0
