,ALIPY_CORESET_GREEDY,ALIPY_DENSITY_WEIGHTED,ALIPY_GRAPH_DENSITY,ALIPY_RANDOM,ALIPY_UNCERTAINTY_LC,ALIPY_UNCERTAINTY_MM,LIBACT_DWUS,LIBACT_QUIRE,LIBACT_UNCERTAINTY_ENT,LIBACT_UNCERTAINTY_LC,LIBACT_UNCERTAINTY_SM,OPTIMAL_GREEDY_10,OPTIMAL_GREEDY_20,PLAYGROUND_BANDIT,PLAYGROUND_GRAPH_DENSITY,PLAYGROUND_INFORMATIVE_DIVERSE,PLAYGROUND_KCENTER_GREEDY,PLAYGROUND_MARGIN,PLAYGROUND_MIXTURE,PLAYGROUND_UNIFORM,SKACTIVEML_COST_EMBEDDING,SKACTIVEML_DAL,SKACTIVEML_DWUS,SKACTIVEML_QBC,SKACTIVEML_QBC_VOTE_ENTROPY,SKACTIVEML_QUIRE,SKACTIVEML_US_ENTROPY,SKACTIVEML_US_LC,SKACTIVEML_US_MARGIN,SMALLTEXT_BREAKINGTIES,SMALLTEXT_CONTRASTIVEAL,SMALLTEXT_EMBEDDINGKMEANS,SMALLTEXT_GREEDYCORESET,SMALLTEXT_LEASTCONFIDENCE,SMALLTEXT_LIGHTWEIGHTCORESET,SMALLTEXT_PREDICTIONENTROPY,SMALLTEXT_RANDOM
ALIPY_CORESET_GREEDY,1.0,0.1301437778879524,0.14352999504214178,0.131631135349529,0.09370352007932573,0.0932077342588002,0.0421417947446703,0.08676251859196826,0.07238472979672782,0.07238472979672782,0.07709469509172037,0.21566683192860683,0.20426375805651958,0.12097174020823004,0.14352999504214178,0.12766484878532475,0.9992563212692117,0.09122459097669806,0.15443728309370353,0.16063460585027267,0.12320277640059495,0.16385721368368864,0.07511155180961825,0.08205255329697571,0.15121467526028756,0.11080813088745661,0.08527516113039167,0.09048091224590976,0.0857709469509172,0.08106098165592464,0.08304412493802678,0.10907288051561725,0.2330193356470005,0.08155676747645017,0.1412989588497769,0.07882994546355974,0.131631135349529
ALIPY_DENSITY_WEIGHTED,0.1301437778879524,1.0,0.07858205255329698,0.09643034209221617,0.1420426375805652,0.14005949429846307,0.031234506693108576,0.11229548834903322,0.12295488349033218,0.12816063460585028,0.12196331184928111,0.11477441745166088,0.10808130887456618,0.13634110064452157,0.07858205255329698,0.1346058502726822,0.13039167079821518,0.12890431333663857,0.131631135349529,0.11774913237481408,0.15964303420922163,0.11056023797719385,0.11527020327218641,0.06445215666831929,0.10114030738720872,0.14402578086266732,0.14005949429846307,0.1405552801189886,0.12741695587506197,0.13287059990084282,0.08031730292513634,0.0850272682201289,0.12444224095190877,0.139067922657412,0.11328705999008429,0.14402578086266732,0.09643034209221617
ALIPY_GRAPH_DENSITY,0.14352999504214178,0.07858205255329698,1.0,0.16385721368368864,0.06494794248884482,0.07635101636093208,0.06618740704015866,0.04784333168071393,0.060981655924640554,0.05503222607833416,0.06246901338621715,0.16534457114526524,0.1591472483886961,0.09816559246405553,1.0,0.0917203767972236,0.14377788795240456,0.06817055032226078,0.11105602379771938,0.19707486365889937,0.10485870104115022,0.16212196331184928,0.09072880515617253,0.08849776896380764,0.19657907783837383,0.07387208725830441,0.06420426375805652,0.059494298463063956,0.06370847793753098,0.06668319286068418,0.05577590480912246,0.13287059990084282,0.16013882002974714,0.06172533465542886,0.16955875061973227,0.06346058502726822,0.16385721368368864
ALIPY_RANDOM,0.131631135349529,0.09643034209221617,0.16385721368368864,1.0,0.09444719881011403,0.10386712940009915,0.05850272682201289,0.0872583044124938,0.08254833911750124,0.07932573128408528,0.08750619732275657,0.2255825483391175,0.22533465542885472,0.1375805651958354,0.16385721368368864,0.14749628160634606,0.13212692117005453,0.11948438274665345,0.16906296479920674,0.2635101636093208,0.14700049578582053,0.22012890431333665,0.09494298463063956,0.13237481408031732,0.28383738225086763,0.09766980664352999,0.09221616261774913,0.0932077342588002,0.10163609320773426,0.09147248388696083,0.08081308874566187,0.20277640059494298,0.17947446703024295,0.08403569657907783,0.248388696083292,0.0857709469509172,1.0
ALIPY_UNCERTAINTY_LC,0.09370352007932573,0.1420426375805652,0.06494794248884482,0.09444719881011403,1.0,0.7749132374814081,0.025532969757064948,0.0451165096678235,0.2240951908775409,0.2659890927119484,0.21021318790282598,0.16435299950421417,0.16757560733763013,0.24293505205751115,0.06494794248884482,0.22434308378780368,0.09419930589985126,0.2962320277640059,0.24367873078829946,0.11948438274665345,0.19335647000495787,0.10708973723351513,0.09395141298958849,0.06023797719385226,0.11056023797719385,0.09742191373326722,0.26152702032721864,0.29449677739216656,0.24169558750619732,0.3145761031234507,0.05800694100148736,0.07585523054040655,0.09295984134853744,0.4325731284085275,0.10262766484878533,0.3406048587010411,0.09444719881011403
ALIPY_UNCERTAINTY_MM,0.0932077342588002,0.14005949429846307,0.07635101636093208,0.10386712940009915,0.7749132374814081,1.0,0.03346554288547347,0.0458601883986118,0.18468021814576102,0.21740208230044622,0.26871591472483886,0.17649975210708974,0.1812097174020823,0.26003966286564206,0.07635101636093208,0.23500247892910262,0.09345562716906297,0.3448190381755082,0.26227069905800693,0.1271690629647992,0.18691125433812594,0.12072384729796728,0.10014873574615767,0.06767476450173525,0.11750123946455131,0.09766980664352999,0.21988101140307387,0.2374814080317303,0.2922657411998017,0.4328210213187903,0.05230540406544373,0.0805651958353991,0.0894893406048587,0.31308874566187406,0.11502231036192365,0.28582052553296977,0.10386712940009915
LIBACT_DWUS,0.0421417947446703,0.031234506693108576,0.06618740704015866,0.05850272682201289,0.025532969757064948,0.03346554288547347,1.0,0.06717897868120971,0.026524541398116015,0.025037183936539417,0.03024293505205751,0.04784333168071393,0.04338125929598413,0.03718393653941497,0.06618740704015866,0.033217649975210706,0.0421417947446703,0.03396132870599901,0.0443728309370352,0.07288051561725335,0.04784333168071393,0.053544868616757564,0.06445215666831929,0.0894893406048587,0.07263262270699058,0.047595438770451165,0.029251363411006447,0.02751611303916708,0.03445711452652454,0.030986613782845812,0.07982151710461081,0.09667823500247893,0.04833911750123947,0.027020327218641546,0.06073376301437779,0.027268220128904314,0.05850272682201289
LIBACT_QUIRE,0.08676251859196826,0.11229548834903322,0.04784333168071393,0.0872583044124938,0.0451165096678235,0.0458601883986118,0.06717897868120971,1.0,0.042637580565195836,0.03891918691125434,0.0451165096678235,0.07387208725830441,0.07263262270699058,0.06147744174516609,0.04784333168071393,0.05775904809122459,0.08676251859196826,0.05453644025780863,0.06643529995042141,0.09866137828458106,0.07064947942488845,0.0909766980664353,0.058254833911750126,0.09791769955379276,0.09866137828458106,0.1065939514129896,0.036440257808626676,0.03718393653941497,0.03891918691125434,0.0428854734754586,0.11006445215666832,0.08279623202776401,0.09866137828458106,0.03966286564204264,0.10312345066931086,0.037927615270203274,0.0872583044124938
LIBACT_UNCERTAINTY_ENT,0.07238472979672782,0.12295488349033218,0.060981655924640554,0.08254833911750124,0.2240951908775409,0.18468021814576102,0.026524541398116015,0.042637580565195836,1.0,0.8081308874566188,0.7501239464551314,0.14402578086266732,0.1375805651958354,0.1588993554784333,0.060981655924640554,0.19781854238968766,0.07238472979672782,0.16311353495290035,0.16311353495290035,0.10485870104115022,0.1487357461576599,0.0961824491819534,0.08750619732275657,0.0495785820525533,0.0999008428358949,0.0887456618740704,0.2602875557759048,0.22136836886465047,0.18988596926127913,0.25632126921170056,0.06122954883490332,0.06395637084779375,0.0880019831432821,0.29449677739216656,0.09048091224590976,0.3430837878036688,0.08254833911750124
LIBACT_UNCERTAINTY_LC,0.07238472979672782,0.12816063460585028,0.05503222607833416,0.07932573128408528,0.2659890927119484,0.21740208230044622,0.025037183936539417,0.03891918691125434,0.8081308874566188,1.0,0.7902825979176995,0.1442736737729301,0.13956370847793753,0.17649975210708974,0.05503222607833416,0.2129400099157164,0.07288051561725335,0.18517600396628656,0.18145761031234506,0.09494298463063956,0.15493306891422906,0.09519087754090233,0.08924144769459594,0.050322260783341594,0.0961824491819534,0.08329201784828955,0.2322756569162122,0.2640059494298463,0.21368368864650472,0.2848289538919187,0.05081804660386713,0.06346058502726822,0.07982151710461081,0.34134853743182947,0.08849776896380764,0.3098661378284581,0.07932573128408528
LIBACT_UNCERTAINTY_SM,0.07709469509172037,0.12196331184928111,0.06246901338621715,0.08750619732275657,0.21021318790282598,0.26871591472483886,0.03024293505205751,0.0451165096678235,0.7501239464551314,0.7902825979176995,1.0,0.15468517600396628,0.15518096182449181,0.1849281110560238,0.06246901338621715,0.22285572632622708,0.07759048091224591,0.19261279127416955,0.18889439762022806,0.10535448686167576,0.15617253346554288,0.10213187902825979,0.09271194843827467,0.05577590480912246,0.10014873574615767,0.08329201784828955,0.1960832920178483,0.21938522558254833,0.26202280614774415,0.34705007436787305,0.0428854734754586,0.07015369360436291,0.07882994546355974,0.27565691621219635,0.09295984134853744,0.2672285572632623,0.08750619732275657
OPTIMAL_GREEDY_10,0.21566683192860683,0.11477441745166088,0.16534457114526524,0.2255825483391175,0.16435299950421417,0.17649975210708974,0.04784333168071393,0.07387208725830441,0.14402578086266732,0.1442736737729301,0.15468517600396628,1.0,0.6517104610808131,0.23797719385225583,0.16534457114526524,0.26103123450669313,0.21616261774913237,0.20897372335151215,0.3182944967773922,0.2461576598909271,0.1886465047099653,0.24590976698066436,0.0805651958353991,0.11998016856717898,0.24888448190381754,0.1331184928111056,0.16236985622211206,0.16807139315815567,0.1834407535944472,0.16584035696579078,0.06965790778383739,0.20228061477441744,0.14625681705503224,0.1554288547347546,0.2337630143777888,0.15146256817055032,0.2255825483391175
OPTIMAL_GREEDY_20,0.20426375805651958,0.10808130887456618,0.1591472483886961,0.22533465542885472,0.16757560733763013,0.1812097174020823,0.04338125929598413,0.07263262270699058,0.1375805651958354,0.13956370847793753,0.15518096182449181,0.6517104610808131,1.0,0.2387208725830441,0.1591472483886961,0.26152702032721864,0.20426375805651958,0.21467526028755576,0.30862667327714427,0.24095190877540903,0.1812097174020823,0.2337630143777888,0.07957362419434805,0.11725334655428855,0.23723351512146754,0.13212692117005453,0.1628656420426376,0.1722855726326227,0.18244918195339613,0.16980664352999505,0.07882994546355974,0.19732275656916212,0.1487357461576599,0.15691621219633117,0.23946455131383243,0.15071888943976203,0.22533465542885472
PLAYGROUND_BANDIT,0.12097174020823004,0.13634110064452157,0.09816559246405553,0.1375805651958354,0.24293505205751115,0.26003966286564206,0.03718393653941497,0.06147744174516609,0.1588993554784333,0.17649975210708974,0.1849281110560238,0.23797719385225583,0.2387208725830441,1.0,0.09816559246405553,0.433068914229053,0.1212196331184928,0.6355974219137333,0.4739712444224095,0.180466038671294,0.29796727813584534,0.16187407040158652,0.08775409023301933,0.08775409023301933,0.15592464055528013,0.15071888943976203,0.19757064947942488,0.20451165096678234,0.2114526524541398,0.2449181953396133,0.06346058502726822,0.0924640555280119,0.09816559246405553,0.22285572632622708,0.14253842340109074,0.21591472483886961,0.1375805651958354
PLAYGROUND_GRAPH_DENSITY,0.14352999504214178,0.07858205255329698,1.0,0.16385721368368864,0.06494794248884482,0.07635101636093208,0.06618740704015866,0.04784333168071393,0.060981655924640554,0.05503222607833416,0.06246901338621715,0.16534457114526524,0.1591472483886961,0.09816559246405553,1.0,0.0917203767972236,0.14377788795240456,0.06817055032226078,0.11105602379771938,0.19707486365889937,0.10485870104115022,0.16212196331184928,0.09072880515617253,0.08849776896380764,0.19657907783837383,0.07387208725830441,0.06420426375805652,0.059494298463063956,0.06370847793753098,0.06668319286068418,0.05577590480912246,0.13287059990084282,0.16013882002974714,0.06172533465542886,0.16955875061973227,0.06346058502726822,0.16385721368368864
PLAYGROUND_INFORMATIVE_DIVERSE,0.12766484878532475,0.1346058502726822,0.0917203767972236,0.14749628160634606,0.22434308378780368,0.23500247892910262,0.033217649975210706,0.05775904809122459,0.19781854238968766,0.2129400099157164,0.22285572632622708,0.26103123450669313,0.26152702032721864,0.433068914229053,0.0917203767972236,1.0,0.12816063460585028,0.4305899851264254,0.409766980664353,0.16980664352999505,0.2617749132374814,0.15071888943976203,0.08824987605354487,0.09370352007932573,0.16683192860684184,0.139067922657412,0.21120475954387705,0.22087258304412494,0.2330193356470005,0.21988101140307387,0.06420426375805652,0.11527020327218641,0.10461080813088745,0.20897372335151215,0.15344571145265246,0.20252850768468023,0.14749628160634606
PLAYGROUND_KCENTER_GREEDY,0.9992563212692117,0.13039167079821518,0.14377788795240456,0.13212692117005453,0.09419930589985126,0.09345562716906297,0.0421417947446703,0.08676251859196826,0.07238472979672782,0.07288051561725335,0.07759048091224591,0.21616261774913237,0.20426375805651958,0.1212196331184928,0.14377788795240456,0.12816063460585028,1.0,0.09147248388696083,0.15493306891422906,0.16088249876053545,0.12320277640059495,0.16410510659395142,0.07535944471988101,0.08230044620723848,0.1517104610808131,0.11080813088745661,0.08552305404065444,0.0909766980664353,0.08601883986117997,0.0813088745661874,0.08304412493802678,0.10882498760535449,0.2330193356470005,0.08205255329697571,0.14179474467030243,0.07882994546355974,0.13212692117005453
PLAYGROUND_MARGIN,0.09122459097669806,0.12890431333663857,0.06817055032226078,0.11948438274665345,0.2962320277640059,0.3448190381755082,0.03396132870599901,0.05453644025780863,0.16311353495290035,0.18517600396628656,0.19261279127416955,0.20897372335151215,0.21467526028755576,0.6355974219137333,0.06817055032226078,0.4305899851264254,0.09147248388696083,1.0,0.5200793257312841,0.1450173525037184,0.2935052057511155,0.131631135349529,0.08824987605354487,0.0835399107585523,0.13336638572136836,0.1499752107089737,0.20376797223599405,0.2114526524541398,0.22830937035200793,0.3381259295984135,0.06147744174516609,0.07808626673277144,0.08626673277144274,0.2885473475458602,0.12022806147744175,0.27243430837878035,0.11948438274665345
PLAYGROUND_MIXTURE,0.15443728309370353,0.131631135349529,0.11105602379771938,0.16906296479920674,0.24367873078829946,0.26227069905800693,0.0443728309370352,0.06643529995042141,0.16311353495290035,0.18145761031234506,0.18889439762022806,0.3182944967773922,0.30862667327714427,0.4739712444224095,0.11105602379771938,0.409766980664353,0.15493306891422906,0.5200793257312841,1.0,0.23425880019831433,0.24541398116013882,0.18096182449181952,0.09519087754090233,0.10312345066931086,0.19162121963311848,0.14030738720872582,0.20128904313336637,0.20327218641546851,0.2188894397620228,0.25409023301933564,0.06569162121963312,0.1271690629647992,0.11378284581060982,0.23103619236489836,0.17773921665840356,0.22087258304412494,0.16906296479920674
PLAYGROUND_UNIFORM,0.16063460585027267,0.11774913237481408,0.19707486365889937,0.2635101636093208,0.11948438274665345,0.1271690629647992,0.07288051561725335,0.09866137828458106,0.10485870104115022,0.09494298463063956,0.10535448686167576,0.2461576598909271,0.24095190877540903,0.180466038671294,0.19707486365889937,0.16980664352999505,0.16088249876053545,0.1450173525037184,0.23425880019831433,1.0,0.16881507188894398,0.24194348041646008,0.11527020327218641,0.14105106593951414,0.28383738225086763,0.11973227565691621,0.11427863163113534,0.11427863163113534,0.12221120475954388,0.11725334655428855,0.10808130887456618,0.2057511155180962,0.20451165096678234,0.10510659395141299,0.2630143777887952,0.1065939514129896,0.2635101636093208
SKACTIVEML_COST_EMBEDDING,0.12320277640059495,0.15964303420922163,0.10485870104115022,0.14700049578582053,0.19335647000495787,0.18691125433812594,0.04784333168071393,0.07064947942488845,0.1487357461576599,0.15493306891422906,0.15617253346554288,0.1886465047099653,0.1812097174020823,0.29796727813584534,0.10485870104115022,0.2617749132374814,0.12320277640059495,0.2935052057511155,0.24541398116013882,0.16881507188894398,1.0,0.15865146256817056,0.11056023797719385,0.10114030738720872,0.16460089241447695,0.1700545364402578,0.17550818046603867,0.17501239464551313,0.17773921665840356,0.1745166088249876,0.07164105106593951,0.10485870104115022,0.1375805651958354,0.17550818046603867,0.1517104610808131,0.1745166088249876,0.14700049578582053
SKACTIVEML_DAL,0.16385721368368864,0.11056023797719385,0.16212196331184928,0.22012890431333665,0.10708973723351513,0.12072384729796728,0.053544868616757564,0.0909766980664353,0.0961824491819534,0.09519087754090233,0.10213187902825979,0.24590976698066436,0.2337630143777888,0.16187407040158652,0.16212196331184928,0.15071888943976203,0.16410510659395142,0.131631135349529,0.18096182449181952,0.24194348041646008,0.15865146256817056,1.0,0.1065939514129896,0.12394645513138325,0.24144769459593457,0.10560237977193852,0.10684184432325236,0.10386712940009915,0.11155180961824492,0.10312345066931086,0.10337134357957363,0.17575607337630145,0.17203767972235995,0.09643034209221617,0.23648983639067922,0.09742191373326722,0.22012890431333665
SKACTIVEML_DWUS,0.07511155180961825,0.11527020327218641,0.09072880515617253,0.09494298463063956,0.09395141298958849,0.10014873574615767,0.06445215666831929,0.058254833911750126,0.08750619732275657,0.08924144769459594,0.09271194843827467,0.0805651958353991,0.07957362419434805,0.08775409023301933,0.09072880515617253,0.08824987605354487,0.07535944471988101,0.08824987605354487,0.09519087754090233,0.11527020327218641,0.11056023797719385,0.1065939514129896,1.0,0.0835399107585523,0.11105602379771938,0.08254833911750124,0.08701041150223103,0.08701041150223103,0.09444719881011403,0.0850272682201289,0.05205751115518096,0.0917203767972236,0.08924144769459594,0.08279623202776401,0.0984134853743183,0.0842835894893406,0.09494298463063956
SKACTIVEML_QBC,0.08205255329697571,0.06445215666831929,0.08849776896380764,0.13237481408031732,0.06023797719385226,0.06767476450173525,0.0894893406048587,0.09791769955379276,0.0495785820525533,0.050322260783341594,0.05577590480912246,0.11998016856717898,0.11725334655428855,0.08775409023301933,0.08849776896380764,0.09370352007932573,0.08230044620723848,0.0835399107585523,0.10312345066931086,0.14105106593951414,0.10114030738720872,0.12394645513138325,0.0835399107585523,1.0,0.15592464055528013,0.10337134357957363,0.05528011898859692,0.05552801189885969,0.06593951412989589,0.05577590480912246,0.11675756073376302,0.12766484878532475,0.10733763014377788,0.0480912245909767,0.12667327714427368,0.04833911750123947,0.13237481408031732
SKACTIVEML_QBC_VOTE_ENTROPY,0.15121467526028756,0.10114030738720872,0.19657907783837383,0.28383738225086763,0.11056023797719385,0.11750123946455131,0.07263262270699058,0.09866137828458106,0.0999008428358949,0.0961824491819534,0.10014873574615767,0.24888448190381754,0.23723351512146754,0.15592464055528013,0.19657907783837383,0.16683192860684184,0.1517104610808131,0.13336638572136836,0.19162121963311848,0.28383738225086763,0.16460089241447695,0.24144769459593457,0.11105602379771938,0.15592464055528013,1.0,0.11601388200297472,0.11006445215666832,0.10783341596430342,0.11973227565691621,0.09667823500247893,0.08651462568170551,0.22012890431333665,0.19657907783837383,0.0909766980664353,0.2878036688150719,0.09122459097669806,0.28383738225086763
SKACTIVEML_QUIRE,0.11080813088745661,0.14402578086266732,0.07387208725830441,0.09766980664352999,0.09742191373326722,0.09766980664352999,0.047595438770451165,0.1065939514129896,0.0887456618740704,0.08329201784828955,0.08329201784828955,0.1331184928111056,0.13212692117005453,0.15071888943976203,0.07387208725830441,0.139067922657412,0.11080813088745661,0.1499752107089737,0.14030738720872582,0.11973227565691621,0.1700545364402578,0.10560237977193852,0.08254833911750124,0.10337134357957363,0.11601388200297472,1.0,0.08973723351512147,0.0894893406048587,0.08477937530986614,0.08329201784828955,0.10485870104115022,0.0835399107585523,0.11056023797719385,0.08676251859196826,0.10758552305404065,0.0887456618740704,0.09766980664352999
SKACTIVEML_US_ENTROPY,0.08527516113039167,0.14005949429846307,0.06420426375805652,0.09221616261774913,0.26152702032721864,0.21988101140307387,0.029251363411006447,0.036440257808626676,0.2602875557759048,0.2322756569162122,0.1960832920178483,0.16236985622211206,0.1628656420426376,0.19757064947942488,0.06420426375805652,0.21120475954387705,0.08552305404065444,0.20376797223599405,0.20128904313336637,0.11427863163113534,0.17550818046603867,0.10684184432325236,0.08701041150223103,0.05528011898859692,0.11006445215666832,0.08973723351512147,1.0,0.8168071393158156,0.7637580565195835,0.20376797223599405,0.051313832424392664,0.07114526524541398,0.0894893406048587,0.2411998016856718,0.09519087754090233,0.28755577590480913,0.09221616261774913
SKACTIVEML_US_LC,0.09048091224590976,0.1405552801189886,0.059494298463063956,0.0932077342588002,0.29449677739216656,0.2374814080317303,0.02751611303916708,0.03718393653941497,0.22136836886465047,0.2640059494298463,0.21938522558254833,0.16807139315815567,0.1722855726326227,0.20451165096678234,0.059494298463063956,0.22087258304412494,0.0909766980664353,0.2114526524541398,0.20327218641546851,0.11427863163113534,0.17501239464551313,0.10386712940009915,0.08701041150223103,0.05552801189885969,0.10783341596430342,0.0894893406048587,0.8168071393158156,1.0,0.7907783837382251,0.22087258304412494,0.05205751115518096,0.06990580069410014,0.08453148239960337,0.2776400594942985,0.0932077342588002,0.23996033713435796,0.0932077342588002
SKACTIVEML_US_MARGIN,0.0857709469509172,0.12741695587506197,0.06370847793753098,0.10163609320773426,0.24169558750619732,0.2922657411998017,0.03445711452652454,0.03891918691125434,0.18988596926127913,0.21368368864650472,0.26202280614774415,0.1834407535944472,0.18244918195339613,0.2114526524541398,0.06370847793753098,0.2330193356470005,0.08601883986117997,0.22830937035200793,0.2188894397620228,0.12221120475954388,0.17773921665840356,0.11155180961824492,0.09444719881011403,0.06593951412989589,0.11973227565691621,0.08477937530986614,0.7637580565195835,0.7907783837382251,1.0,0.2746653445711453,0.04610808130887457,0.08329201784828955,0.08453148239960337,0.22310361923648983,0.10014873574615767,0.20054536440257809,0.10163609320773426
SMALLTEXT_BREAKINGTIES,0.08106098165592464,0.13287059990084282,0.06668319286068418,0.09147248388696083,0.3145761031234507,0.4328210213187903,0.030986613782845812,0.0428854734754586,0.25632126921170056,0.2848289538919187,0.34705007436787305,0.16584035696579078,0.16980664352999505,0.2449181953396133,0.06668319286068418,0.21988101140307387,0.0813088745661874,0.3381259295984135,0.25409023301933564,0.11725334655428855,0.1745166088249876,0.10312345066931086,0.0850272682201289,0.05577590480912246,0.09667823500247893,0.08329201784828955,0.20376797223599405,0.22087258304412494,0.2746653445711453,1.0,0.04908279623202776,0.07436787307882994,0.07783837382250867,0.7833415964303421,0.10138820029747149,0.7545860188398612,0.09147248388696083
SMALLTEXT_CONTRASTIVEAL,0.08304412493802678,0.08031730292513634,0.05577590480912246,0.08081308874566187,0.05800694100148736,0.05230540406544373,0.07982151710461081,0.11006445215666832,0.06122954883490332,0.05081804660386713,0.0428854734754586,0.06965790778383739,0.07882994546355974,0.06346058502726822,0.05577590480912246,0.06420426375805652,0.08304412493802678,0.06147744174516609,0.06569162121963312,0.10808130887456618,0.07164105106593951,0.10337134357957363,0.05205751115518096,0.11675756073376302,0.08651462568170551,0.10485870104115022,0.051313832424392664,0.05205751115518096,0.04610808130887457,0.04908279623202776,1.0,0.0946950917203768,0.11204759543877045,0.058254833911750126,0.10089241447694595,0.05676747645017353,0.08081308874566187
SMALLTEXT_EMBEDDINGKMEANS,0.10907288051561725,0.0850272682201289,0.13287059990084282,0.20277640059494298,0.07585523054040655,0.0805651958353991,0.09667823500247893,0.08279623202776401,0.06395637084779375,0.06346058502726822,0.07015369360436291,0.20228061477441744,0.19732275656916212,0.0924640555280119,0.13287059990084282,0.11527020327218641,0.10882498760535449,0.07808626673277144,0.1271690629647992,0.2057511155180962,0.10485870104115022,0.17575607337630145,0.0917203767972236,0.12766484878532475,0.22012890431333665,0.0835399107585523,0.07114526524541398,0.06990580069410014,0.08329201784828955,0.07436787307882994,0.0946950917203768,1.0,0.14625681705503224,0.06792265741199802,0.22979672781358454,0.06569162121963312,0.20277640059494298
SMALLTEXT_GREEDYCORESET,0.2330193356470005,0.12444224095190877,0.16013882002974714,0.17947446703024295,0.09295984134853744,0.0894893406048587,0.04833911750123947,0.09866137828458106,0.0880019831432821,0.07982151710461081,0.07882994546355974,0.14625681705503224,0.1487357461576599,0.09816559246405553,0.16013882002974714,0.10461080813088745,0.2330193356470005,0.08626673277144274,0.11378284581060982,0.20451165096678234,0.1375805651958354,0.17203767972235995,0.08924144769459594,0.10733763014377788,0.19657907783837383,0.11056023797719385,0.0894893406048587,0.08453148239960337,0.08453148239960337,0.07783837382250867,0.11204759543877045,0.14625681705503224,1.0,0.08403569657907783,0.1908775409023302,0.09345562716906297,0.17947446703024295
SMALLTEXT_LEASTCONFIDENCE,0.08155676747645017,0.139067922657412,0.06172533465542886,0.08403569657907783,0.4325731284085275,0.31308874566187406,0.027020327218641546,0.03966286564204264,0.29449677739216656,0.34134853743182947,0.27565691621219635,0.1554288547347546,0.15691621219633117,0.22285572632622708,0.06172533465542886,0.20897372335151215,0.08205255329697571,0.2885473475458602,0.23103619236489836,0.10510659395141299,0.17550818046603867,0.09643034209221617,0.08279623202776401,0.0480912245909767,0.0909766980664353,0.08676251859196826,0.2411998016856718,0.2776400594942985,0.22310361923648983,0.7833415964303421,0.058254833911750126,0.06792265741199802,0.08403569657907783,1.0,0.08899355478433317,0.8128408527516113,0.08403569657907783
SMALLTEXT_LIGHTWEIGHTCORESET,0.1412989588497769,0.11328705999008429,0.16955875061973227,0.248388696083292,0.10262766484878533,0.11502231036192365,0.06073376301437779,0.10312345066931086,0.09048091224590976,0.08849776896380764,0.09295984134853744,0.2337630143777888,0.23946455131383243,0.14253842340109074,0.16955875061973227,0.15344571145265246,0.14179474467030243,0.12022806147744175,0.17773921665840356,0.2630143777887952,0.1517104610808131,0.23648983639067922,0.0984134853743183,0.12667327714427368,0.2878036688150719,0.10758552305404065,0.09519087754090233,0.0932077342588002,0.10014873574615767,0.10138820029747149,0.10089241447694595,0.22979672781358454,0.1908775409023302,0.08899355478433317,1.0,0.09370352007932573,0.248388696083292
SMALLTEXT_PREDICTIONENTROPY,0.07882994546355974,0.14402578086266732,0.06346058502726822,0.0857709469509172,0.3406048587010411,0.28582052553296977,0.027268220128904314,0.037927615270203274,0.3430837878036688,0.3098661378284581,0.2672285572632623,0.15146256817055032,0.15071888943976203,0.21591472483886961,0.06346058502726822,0.20252850768468023,0.07882994546355974,0.27243430837878035,0.22087258304412494,0.1065939514129896,0.1745166088249876,0.09742191373326722,0.0842835894893406,0.04833911750123947,0.09122459097669806,0.0887456618740704,0.28755577590480913,0.23996033713435796,0.20054536440257809,0.7545860188398612,0.05676747645017353,0.06569162121963312,0.09345562716906297,0.8128408527516113,0.09370352007932573,1.0,0.0857709469509172
SMALLTEXT_RANDOM,0.131631135349529,0.09643034209221617,0.16385721368368864,1.0,0.09444719881011403,0.10386712940009915,0.05850272682201289,0.0872583044124938,0.08254833911750124,0.07932573128408528,0.08750619732275657,0.2255825483391175,0.22533465542885472,0.1375805651958354,0.16385721368368864,0.14749628160634606,0.13212692117005453,0.11948438274665345,0.16906296479920674,0.2635101636093208,0.14700049578582053,0.22012890431333665,0.09494298463063956,0.13237481408031732,0.28383738225086763,0.09766980664352999,0.09221616261774913,0.0932077342588002,0.10163609320773426,0.09147248388696083,0.08081308874566187,0.20277640059494298,0.17947446703024295,0.08403569657907783,0.248388696083292,0.0857709469509172,1.0
