,ALIPY_CORESET_GREEDY,ALIPY_DENSITY_WEIGHTED,ALIPY_GRAPH_DENSITY,ALIPY_RANDOM,ALIPY_UNCERTAINTY_LC,ALIPY_UNCERTAINTY_MM,LIBACT_DWUS,LIBACT_QUIRE,LIBACT_UNCERTAINTY_ENT,LIBACT_UNCERTAINTY_LC,LIBACT_UNCERTAINTY_SM,OPTIMAL_GREEDY_10,OPTIMAL_GREEDY_20,PLAYGROUND_BANDIT,PLAYGROUND_GRAPH_DENSITY,PLAYGROUND_INFORMATIVE_DIVERSE,PLAYGROUND_KCENTER_GREEDY,PLAYGROUND_MARGIN,PLAYGROUND_MIXTURE,PLAYGROUND_UNIFORM,SKACTIVEML_COST_EMBEDDING,SKACTIVEML_DAL,SKACTIVEML_DWUS,SKACTIVEML_QBC,SKACTIVEML_QBC_VOTE_ENTROPY,SKACTIVEML_QUIRE,SKACTIVEML_US_ENTROPY,SKACTIVEML_US_LC,SKACTIVEML_US_MARGIN,SMALLTEXT_BREAKINGTIES,SMALLTEXT_CONTRASTIVEAL,SMALLTEXT_EMBEDDINGKMEANS,SMALLTEXT_GREEDYCORESET,SMALLTEXT_LEASTCONFIDENCE,SMALLTEXT_LIGHTWEIGHTCORESET,SMALLTEXT_PREDICTIONENTROPY,SMALLTEXT_RANDOM
ALIPY_CORESET_GREEDY,1.0,0.29176995537927614,0.005701536936043629,0.030490827962320277,0.0384234010907288,0.029251363411006447,0.03991075855230541,0.3676251859196827,0.03668815071888944,0.03148239960337134,0.028507684680218144,0.04338125929598413,0.0532969757064948,0.04189390183440753,0.005701536936043629,0.04462072384729797,1.0,0.029747149231531978,0.036936043629152204,0.053792761527020325,0.07982151710461081,0.07833415964303421,0.05528011898859692,0.04189390183440753,0.04933068914229053,0.12592959841348536,0.031978185423896875,0.030986613782845812,0.022062469013386217,0.02478929102627665,0.15840356965790778,0.05404065443728309,0.33614278631631134,0.030738720872583045,0.06767476450173525,0.03470500743678731,0.030490827962320277
ALIPY_DENSITY_WEIGHTED,0.29176995537927614,1.0,0.014377788795240456,0.02330193356470005,0.14154685176003967,0.12667327714427368,0.034209221616261776,0.32821021318790283,0.11279127416955875,0.11254338125929599,0.10386712940009915,0.04858701041150223,0.051065939514129896,0.09593455627169063,0.014377788795240456,0.13435795736241943,0.29176995537927614,0.12221120475954388,0.07808626673277144,0.048834903321764996,0.14625681705503224,0.07486365889935548,0.08378780366881507,0.053544868616757564,0.05453644025780863,0.18591968269707487,0.11576598909271195,0.11378284581060982,0.10386712940009915,0.08601883986117997,0.1412989588497769,0.051065939514129896,0.25756073376301436,0.10039662865642042,0.059494298463063956,0.11378284581060982,0.02330193356470005
ALIPY_GRAPH_DENSITY,0.005701536936043629,0.014377788795240456,1.0,0.06122954883490332,0.02404561229548835,0.028507684680218144,0.036440257808626676,0.021318790282597918,0.013386217154189391,0.01611303916707982,0.018096182449181954,0.07932573128408528,0.07808626673277144,0.037927615270203274,1.0,0.030490827962320277,0.005701536936043629,0.02330193356470005,0.03445711452652454,0.07585523054040655,0.04858701041150223,0.06445215666831929,0.051313832424392664,0.06990580069410014,0.06494794248884482,0.022310361923648984,0.013882002974714923,0.015121467526028755,0.016608824987605353,0.020823004462072386,0.04933068914229053,0.07164105106593951,0.027764005949429845,0.017104610808130888,0.07486365889935548,0.015865146256817054,0.06122954883490332
ALIPY_RANDOM,0.030490827962320277,0.02330193356470005,0.06122954883490332,1.0,0.03594447198810114,0.04015865146256817,0.06668319286068418,0.04238968765493307,0.02478929102627665,0.022062469013386217,0.02478929102627665,0.2307882994546356,0.22830937035200793,0.09568666336142786,0.06122954883490332,0.06172533465542886,0.030490827962320277,0.04709965294992563,0.0969261279127417,0.2518591968269707,0.10014873574615767,0.1931085770946951,0.09419930589985126,0.19781854238968766,0.2322756569162122,0.06172533465542886,0.02454139811601388,0.02454139811601388,0.02900347050074368,0.029747149231531978,0.124194348041646,0.1722855726326227,0.08279623202776401,0.02454139811601388,0.19038175508180466,0.025037183936539417,1.0
ALIPY_UNCERTAINTY_LC,0.0384234010907288,0.14154685176003967,0.02404561229548835,0.03594447198810114,1.0,0.7726822012890431,0.01264253842340109,0.06693108577094695,0.23500247892910262,0.24690133862171543,0.2107089737233515,0.06445215666831929,0.06618740704015866,0.14154685176003967,0.02404561229548835,0.1938522558254834,0.0384234010907288,0.26524541398116014,0.12617749132374814,0.06445215666831929,0.1450173525037184,0.06122954883490332,0.04561229548834903,0.05230540406544373,0.07411998016856718,0.07411998016856718,0.2315319781854239,0.2387208725830441,0.20475954387704512,0.24938026772434307,0.08973723351512147,0.044868616757560736,0.06965790778383739,0.3477937530986614,0.0909766980664353,0.27689638076351014,0.03594447198810114
ALIPY_UNCERTAINTY_MM,0.029251363411006447,0.12667327714427368,0.028507684680218144,0.04015865146256817,0.7726822012890431,1.0,0.014625681705503223,0.05404065443728309,0.19211700545364402,0.20500743678730787,0.236737729300942,0.06866633614278632,0.07040158651462568,0.14080317302925136,0.028507684680218144,0.19881011403073873,0.029251363411006447,0.30490827962320277,0.14724838869608328,0.06941001487357462,0.14229053049082796,0.07263262270699058,0.04709965294992563,0.062221120475954385,0.07808626673277144,0.06395637084779375,0.1980664352999504,0.20228061477441744,0.23351512146752604,0.3440753594447199,0.08924144769459594,0.05428854734754586,0.06172533465542886,0.2530986613782846,0.09419930589985126,0.244174516608825,0.04015865146256817
LIBACT_DWUS,0.03991075855230541,0.034209221616261776,0.036440257808626676,0.06668319286068418,0.01264253842340109,0.014625681705503223,1.0,0.06544372830937036,0.00917203767972236,0.00917203767972236,0.013386217154189391,0.11031234506693109,0.12072384729796728,0.04015865146256817,0.036440257808626676,0.032969757064947945,0.03991075855230541,0.017104610808130888,0.030738720872583045,0.10485870104115022,0.04313336638572137,0.10907288051561725,0.21690629647992068,0.14700049578582053,0.10832920178482895,0.0894893406048587,0.011155180961824492,0.008676251859196828,0.011403073872087258,0.007684680218145761,0.09494298463063956,0.2513634110064452,0.05999008428358949,0.005453644025780862,0.09048091224590976,0.008676251859196828,0.06668319286068418
LIBACT_QUIRE,0.3676251859196827,0.32821021318790283,0.021318790282597918,0.04238968765493307,0.06693108577094695,0.05404065443728309,0.06544372830937036,1.0,0.05552801189885969,0.05676747645017353,0.0480912245909767,0.09345562716906297,0.09196826970748637,0.06445215666831929,0.021318790282597918,0.06941001487357462,0.3676251859196827,0.0518096182449182,0.06494794248884482,0.08378780366881507,0.11179970252850768,0.10634605850272683,0.08924144769459594,0.08081308874566187,0.09370352007932573,0.1980664352999504,0.05552801189885969,0.05304908279623203,0.046355974219137334,0.035696579077838374,0.18591968269707487,0.10089241447694595,0.349281110560238,0.0458601883986118,0.10386712940009915,0.0532969757064948,0.04238968765493307
LIBACT_UNCERTAINTY_ENT,0.03668815071888944,0.11279127416955875,0.013386217154189391,0.02478929102627665,0.23500247892910262,0.19211700545364402,0.00917203767972236,0.05552801189885969,1.0,0.812097174020823,0.7657411998016856,0.050322260783341594,0.05428854734754586,0.10461080813088745,0.013386217154189391,0.13039167079821518,0.03668815071888944,0.15071888943976203,0.08031730292513634,0.06420426375805652,0.09295984134853744,0.03743182944967774,0.030986613782845812,0.03941497273177987,0.051065939514129896,0.05627169062964799,0.24367873078829946,0.21616261774913237,0.1856717897868121,0.1983143282102132,0.06990580069410014,0.03941497273177987,0.06717897868120971,0.24144769459593457,0.06420426375805652,0.26574119980168565,0.02478929102627665
LIBACT_UNCERTAINTY_LC,0.03148239960337134,0.11254338125929599,0.01611303916707982,0.022062469013386217,0.24690133862171543,0.20500743678730787,0.00917203767972236,0.05676747645017353,0.812097174020823,1.0,0.7816063460585028,0.057263262270699056,0.054784333168071395,0.11006445215666832,0.01611303916707982,0.14377788795240456,0.03148239960337134,0.16360932077342588,0.07858205255329698,0.0480912245909767,0.09890927119484383,0.03743182944967774,0.035448686167575606,0.0406544372830937,0.04933068914229053,0.04858701041150223,0.22533465542885472,0.23996033713435796,0.20327218641546851,0.2203767972235994,0.06792265741199802,0.041398116013882005,0.06122954883490332,0.2627664848785325,0.06420426375805652,0.26078334159643035,0.022062469013386217
LIBACT_UNCERTAINTY_SM,0.028507684680218144,0.10386712940009915,0.018096182449181954,0.02478929102627665,0.2107089737233515,0.236737729300942,0.013386217154189391,0.0480912245909767,0.7657411998016856,0.7816063460585028,1.0,0.05800694100148736,0.06246901338621715,0.10857709469509172,0.018096182449181954,0.1450173525037184,0.028507684680218144,0.1628656420426376,0.08304412493802678,0.06593951412989589,0.10039662865642042,0.0473475458601884,0.034209221616261776,0.04238968765493307,0.05775904809122459,0.04313336638572137,0.1983143282102132,0.20674268715914726,0.23921665840356965,0.251611303916708,0.06841844323252355,0.051313832424392664,0.05651958353991076,0.22533465542885472,0.06965790778383739,0.229300941993059,0.02478929102627665
OPTIMAL_GREEDY_10,0.04338125929598413,0.04858701041150223,0.07932573128408528,0.2307882994546356,0.06445215666831929,0.06866633614278632,0.11031234506693109,0.09345562716906297,0.050322260783341594,0.057263262270699056,0.05800694100148736,1.0,0.3735746157659891,0.14848785324739713,0.07932573128408528,0.11527020327218641,0.04338125929598413,0.08006941001487357,0.1383242439266237,0.3517600396628656,0.15989092711948438,0.25855230540406543,0.14229053049082796,0.2853247397124442,0.341844323252355,0.11155180961824492,0.0532969757064948,0.05205751115518096,0.06346058502726822,0.05577590480912246,0.17674764501735252,0.24962816063460586,0.13187902825979178,0.05081804660386713,0.3026772434308379,0.054784333168071395,0.2307882994546356
OPTIMAL_GREEDY_20,0.0532969757064948,0.051065939514129896,0.07808626673277144,0.22830937035200793,0.06618740704015866,0.07040158651462568,0.12072384729796728,0.09196826970748637,0.05428854734754586,0.054784333168071395,0.06246901338621715,0.3735746157659891,1.0,0.1494794248884482,0.07808626673277144,0.11898859692612791,0.0532969757064948,0.07312840852751612,0.1346058502726822,0.3401090728805156,0.15989092711948438,0.2709469509172038,0.13931581556767478,0.2808626673277144,0.3448190381755082,0.11229548834903322,0.05280118988596926,0.04858701041150223,0.05751115518096182,0.05057015369360436,0.19881011403073873,0.25111551809618243,0.139067922657412,0.0451165096678235,0.30069410014873577,0.05304908279623203,0.22830937035200793
PLAYGROUND_BANDIT,0.04189390183440753,0.09593455627169063,0.037927615270203274,0.09568666336142786,0.14154685176003967,0.14080317302925136,0.04015865146256817,0.06445215666831929,0.10461080813088745,0.11006445215666832,0.10857709469509172,0.14848785324739713,0.1494794248884482,1.0,0.037927615270203274,0.4221616261774913,0.04189390183440753,0.38720872583044125,0.4732275656916212,0.1554288547347546,0.21740208230044622,0.1368368864650471,0.07362419434804164,0.12444224095190877,0.1420426375805652,0.10237977193852256,0.09643034209221617,0.10064452156668319,0.10783341596430342,0.10485870104115022,0.14253842340109074,0.0924640555280119,0.10510659395141299,0.11279127416955875,0.1715418939018344,0.10832920178482895,0.09568666336142786
PLAYGROUND_GRAPH_DENSITY,0.005701536936043629,0.014377788795240456,1.0,0.06122954883490332,0.02404561229548835,0.028507684680218144,0.036440257808626676,0.021318790282597918,0.013386217154189391,0.01611303916707982,0.018096182449181954,0.07932573128408528,0.07808626673277144,0.037927615270203274,1.0,0.030490827962320277,0.005701536936043629,0.02330193356470005,0.03445711452652454,0.07585523054040655,0.04858701041150223,0.06445215666831929,0.051313832424392664,0.06990580069410014,0.06494794248884482,0.022310361923648984,0.013882002974714923,0.015121467526028755,0.016608824987605353,0.020823004462072386,0.04933068914229053,0.07164105106593951,0.027764005949429845,0.017104610808130888,0.07486365889935548,0.015865146256817054,0.06122954883490332
PLAYGROUND_INFORMATIVE_DIVERSE,0.04462072384729797,0.13435795736241943,0.030490827962320277,0.06172533465542886,0.1938522558254834,0.19881011403073873,0.032969757064947945,0.06941001487357462,0.13039167079821518,0.14377788795240456,0.1450173525037184,0.11527020327218641,0.11898859692612791,0.4221616261774913,0.030490827962320277,1.0,0.04462072384729797,0.43133366385721367,0.3802677243430838,0.10932077342588002,0.22136836886465047,0.11551809618244918,0.07535944471988101,0.09494298463063956,0.11080813088745661,0.09122459097669806,0.14700049578582053,0.15121467526028756,0.16088249876053545,0.13956370847793753,0.12865642042637582,0.08849776896380764,0.10014873574615767,0.13113534952900346,0.1576598909271195,0.13931581556767478,0.06172533465542886
PLAYGROUND_KCENTER_GREEDY,1.0,0.29176995537927614,0.005701536936043629,0.030490827962320277,0.0384234010907288,0.029251363411006447,0.03991075855230541,0.3676251859196827,0.03668815071888944,0.03148239960337134,0.028507684680218144,0.04338125929598413,0.0532969757064948,0.04189390183440753,0.005701536936043629,0.04462072384729797,1.0,0.029747149231531978,0.036936043629152204,0.053792761527020325,0.07982151710461081,0.07833415964303421,0.05528011898859692,0.04189390183440753,0.04933068914229053,0.12592959841348536,0.031978185423896875,0.030986613782845812,0.022062469013386217,0.02478929102627665,0.15840356965790778,0.05404065443728309,0.33614278631631134,0.030738720872583045,0.06767476450173525,0.03470500743678731,0.030490827962320277
PLAYGROUND_MARGIN,0.029747149231531978,0.12221120475954388,0.02330193356470005,0.04709965294992563,0.26524541398116014,0.30490827962320277,0.017104610808130888,0.0518096182449182,0.15071888943976203,0.16360932077342588,0.1628656420426376,0.08006941001487357,0.07312840852751612,0.38720872583044125,0.02330193356470005,0.43133366385721367,0.029747149231531978,1.0,0.5091720376797224,0.06767476450173525,0.15071888943976203,0.07164105106593951,0.05577590480912246,0.06519583539910759,0.07759048091224591,0.06742687159147248,0.16013882002974714,0.16212196331184928,0.1633614278631631,0.24169558750619732,0.0887456618740704,0.05528011898859692,0.07238472979672782,0.1980664352999504,0.0991571641051066,0.19137332672285573,0.04709965294992563
PLAYGROUND_MIXTURE,0.036936043629152204,0.07808626673277144,0.03445711452652454,0.0969261279127417,0.12617749132374814,0.14724838869608328,0.030738720872583045,0.06494794248884482,0.08031730292513634,0.07858205255329698,0.08304412493802678,0.1383242439266237,0.1346058502726822,0.4732275656916212,0.03445711452652454,0.3802677243430838,0.036936043629152204,0.5091720376797224,1.0,0.13361427863163114,0.17178978681209717,0.1368368864650471,0.06321269211700545,0.10436291522062469,0.12840852751611304,0.08155676747645017,0.08081308874566187,0.07734258800198314,0.08403569657907783,0.11750123946455131,0.12394645513138325,0.0999008428358949,0.09940505701536936,0.09345562716906297,0.1650966782350025,0.0954387704511651,0.0969261279127417
PLAYGROUND_UNIFORM,0.053792761527020325,0.048834903321764996,0.07585523054040655,0.2518591968269707,0.06445215666831929,0.06941001487357462,0.10485870104115022,0.08378780366881507,0.06420426375805652,0.0480912245909767,0.06593951412989589,0.3517600396628656,0.3401090728805156,0.1554288547347546,0.07585523054040655,0.10932077342588002,0.053792761527020325,0.06767476450173525,0.13361427863163114,1.0,0.16236985622211206,0.27193852255825485,0.1420426375805652,0.2892910262766485,0.3331680713931582,0.08899355478433317,0.04709965294992563,0.04858701041150223,0.05304908279623203,0.05081804660386713,0.20847793753098662,0.2602875557759048,0.13187902825979178,0.04238968765493307,0.3011898859692613,0.05007436787307883,0.2518591968269707
SKACTIVEML_COST_EMBEDDING,0.07982151710461081,0.14625681705503224,0.04858701041150223,0.10014873574615767,0.1450173525037184,0.14229053049082796,0.04313336638572137,0.11179970252850768,0.09295984134853744,0.09890927119484383,0.10039662865642042,0.15989092711948438,0.15989092711948438,0.21740208230044622,0.04858701041150223,0.22136836886465047,0.07982151710461081,0.15071888943976203,0.17178978681209717,0.16236985622211206,1.0,0.15121467526028756,0.07659890927119484,0.1249380267724343,0.15939514129895885,0.15567674764501735,0.0999008428358949,0.0961824491819534,0.0969261279127417,0.08924144769459594,0.17402082300446206,0.09667823500247893,0.1574119980168567,0.09147248388696083,0.20128904313336637,0.0969261279127417,0.10014873574615767
SKACTIVEML_DAL,0.07833415964303421,0.07486365889935548,0.06445215666831929,0.1931085770946951,0.06122954883490332,0.07263262270699058,0.10907288051561725,0.10634605850272683,0.03743182944967774,0.03743182944967774,0.0473475458601884,0.25855230540406543,0.2709469509172038,0.1368368864650471,0.06445215666831929,0.11551809618244918,0.07833415964303421,0.07164105106593951,0.1368368864650471,0.27193852255825485,0.15121467526028756,1.0,0.1442736737729301,0.2374814080317303,0.2803668815071889,0.11576598909271195,0.04338125929598413,0.0436291522062469,0.050322260783341594,0.044124938026772434,0.23103619236489836,0.23500247892910262,0.16782350024789291,0.039167079821517105,0.2848289538919187,0.04313336638572137,0.1931085770946951
SKACTIVEML_DWUS,0.05528011898859692,0.08378780366881507,0.051313832424392664,0.09419930589985126,0.04561229548834903,0.04709965294992563,0.21690629647992068,0.08924144769459594,0.030986613782845812,0.035448686167575606,0.034209221616261776,0.14229053049082796,0.13931581556767478,0.07362419434804164,0.051313832424392664,0.07535944471988101,0.05528011898859692,0.05577590480912246,0.06321269211700545,0.1420426375805652,0.07659890927119484,0.1442736737729301,1.0,0.17278135845314824,0.15220624690133863,0.0984134853743183,0.03767972235994051,0.03817550818046604,0.0428854734754586,0.026772434308378782,0.10485870104115022,0.22583044124938026,0.08750619732275657,0.02751611303916708,0.12369856222112048,0.02825979176995538,0.09419930589985126
SKACTIVEML_QBC,0.04189390183440753,0.053544868616757564,0.06990580069410014,0.19781854238968766,0.05230540406544373,0.062221120475954385,0.14700049578582053,0.08081308874566187,0.03941497273177987,0.0406544372830937,0.04238968765493307,0.2853247397124442,0.2808626673277144,0.12444224095190877,0.06990580069410014,0.09494298463063956,0.04189390183440753,0.06519583539910759,0.10436291522062469,0.2892910262766485,0.1249380267724343,0.2374814080317303,0.17278135845314824,1.0,0.29028259791769956,0.10436291522062469,0.04115022310361924,0.041398116013882005,0.051065939514129896,0.04164600892414477,0.18393653941497273,0.26499752107089736,0.11750123946455131,0.03445711452652454,0.229300941993059,0.039167079821517105,0.19781854238968766
SKACTIVEML_QBC_VOTE_ENTROPY,0.04933068914229053,0.05453644025780863,0.06494794248884482,0.2322756569162122,0.07411998016856718,0.07808626673277144,0.10832920178482895,0.09370352007932573,0.051065939514129896,0.04933068914229053,0.05775904809122459,0.341844323252355,0.3448190381755082,0.1420426375805652,0.06494794248884482,0.11080813088745661,0.04933068914229053,0.07759048091224591,0.12840852751611304,0.3331680713931582,0.15939514129895885,0.2803668815071889,0.15220624690133863,0.29028259791769956,1.0,0.11080813088745661,0.05651958353991076,0.05899851264253842,0.07114526524541398,0.05428854734754586,0.19781854238968766,0.2345066931085771,0.146504709965295,0.052553296975706494,0.29102627664848785,0.05453644025780863,0.2322756569162122
SKACTIVEML_QUIRE,0.12592959841348536,0.18591968269707487,0.022310361923648984,0.06172533465542886,0.07411998016856718,0.06395637084779375,0.0894893406048587,0.1980664352999504,0.05627169062964799,0.04858701041150223,0.04313336638572137,0.11155180961824492,0.11229548834903322,0.10237977193852256,0.022310361923648984,0.09122459097669806,0.12592959841348536,0.06742687159147248,0.08155676747645017,0.08899355478433317,0.15567674764501735,0.11576598909271195,0.0984134853743183,0.10436291522062469,0.11080813088745661,1.0,0.04933068914229053,0.044124938026772434,0.035448686167575606,0.03173029251363411,0.15096678235002478,0.07858205255329698,0.17476450173525038,0.039167079821517105,0.1353495290034705,0.04709965294992563,0.06172533465542886
SKACTIVEML_US_ENTROPY,0.031978185423896875,0.11576598909271195,0.013882002974714923,0.02454139811601388,0.2315319781854239,0.1980664352999504,0.011155180961824492,0.05552801189885969,0.24367873078829946,0.22533465542885472,0.1983143282102132,0.0532969757064948,0.05280118988596926,0.09643034209221617,0.013882002974714923,0.14700049578582053,0.031978185423896875,0.16013882002974714,0.08081308874566187,0.04709965294992563,0.0999008428358949,0.04338125929598413,0.03767972235994051,0.04115022310361924,0.05651958353991076,0.04933068914229053,1.0,0.8155676747645018,0.7746653445711452,0.1745166088249876,0.06271690629647993,0.0384234010907288,0.06693108577094695,0.2092216162617749,0.06792265741199802,0.23971244422409518,0.02454139811601388
SKACTIVEML_US_LC,0.030986613782845812,0.11378284581060982,0.015121467526028755,0.02454139811601388,0.2387208725830441,0.20228061477441744,0.008676251859196828,0.05304908279623203,0.21616261774913237,0.23996033713435796,0.20674268715914726,0.05205751115518096,0.04858701041150223,0.10064452156668319,0.015121467526028755,0.15121467526028756,0.030986613782845812,0.16212196331184928,0.07734258800198314,0.04858701041150223,0.0961824491819534,0.0436291522062469,0.03817550818046604,0.041398116013882005,0.05899851264253842,0.044124938026772434,0.8155676747645018,1.0,0.7860684184432325,0.1834407535944472,0.06445215666831929,0.04115022310361924,0.060981655924640554,0.2211204759543877,0.06941001487357462,0.2211204759543877,0.02454139811601388
SKACTIVEML_US_MARGIN,0.022062469013386217,0.10386712940009915,0.016608824987605353,0.02900347050074368,0.20475954387704512,0.23351512146752604,0.011403073872087258,0.046355974219137334,0.1856717897868121,0.20327218641546851,0.23921665840356965,0.06346058502726822,0.05751115518096182,0.10783341596430342,0.016608824987605353,0.16088249876053545,0.022062469013386217,0.1633614278631631,0.08403569657907783,0.05304908279623203,0.0969261279127417,0.050322260783341594,0.0428854734754586,0.051065939514129896,0.07114526524541398,0.035448686167575606,0.7746653445711452,0.7860684184432325,1.0,0.214427367377293,0.05999008428358949,0.0480912245909767,0.057263262270699056,0.18889439762022806,0.0805651958353991,0.1945959345562717,0.02900347050074368
SMALLTEXT_BREAKINGTIES,0.02478929102627665,0.08601883986117997,0.020823004462072386,0.029747149231531978,0.24938026772434307,0.3440753594447199,0.007684680218145761,0.035696579077838374,0.1983143282102132,0.2203767972235994,0.251611303916708,0.05577590480912246,0.05057015369360436,0.10485870104115022,0.020823004462072386,0.13956370847793753,0.02478929102627665,0.24169558750619732,0.11750123946455131,0.05081804660386713,0.08924144769459594,0.044124938026772434,0.026772434308378782,0.04164600892414477,0.05428854734754586,0.03173029251363411,0.1745166088249876,0.1834407535944472,0.214427367377293,1.0,0.05280118988596926,0.04610808130887457,0.044868616757560736,0.7697074863658899,0.07114526524541398,0.7657411998016856,0.029747149231531978
SMALLTEXT_CONTRASTIVEAL,0.15840356965790778,0.1412989588497769,0.04933068914229053,0.124194348041646,0.08973723351512147,0.08924144769459594,0.09494298463063956,0.18591968269707487,0.06990580069410014,0.06792265741199802,0.06841844323252355,0.17674764501735252,0.19881011403073873,0.14253842340109074,0.04933068914229053,0.12865642042637582,0.15840356965790778,0.0887456618740704,0.12394645513138325,0.20847793753098662,0.17402082300446206,0.23103619236489836,0.10485870104115022,0.18393653941497273,0.19781854238968766,0.15096678235002478,0.06271690629647993,0.06445215666831929,0.05999008428358949,0.05280118988596926,1.0,0.15220624690133863,0.22731779871095686,0.05156172533465543,0.20624690133862172,0.06073376301437779,0.124194348041646
SMALLTEXT_EMBEDDINGKMEANS,0.05404065443728309,0.051065939514129896,0.07164105106593951,0.1722855726326227,0.044868616757560736,0.05428854734754586,0.2513634110064452,0.10089241447694595,0.03941497273177987,0.041398116013882005,0.051313832424392664,0.24962816063460586,0.25111551809618243,0.0924640555280119,0.07164105106593951,0.08849776896380764,0.05404065443728309,0.05528011898859692,0.0999008428358949,0.2602875557759048,0.09667823500247893,0.23500247892910262,0.22583044124938026,0.26499752107089736,0.2345066931085771,0.07858205255329698,0.0384234010907288,0.04115022310361924,0.0480912245909767,0.04610808130887457,0.15220624690133863,1.0,0.11080813088745661,0.039167079821517105,0.2233515121467526,0.0421417947446703,0.1722855726326227
SMALLTEXT_GREEDYCORESET,0.33614278631631134,0.25756073376301436,0.027764005949429845,0.08279623202776401,0.06965790778383739,0.06172533465542886,0.05999008428358949,0.349281110560238,0.06717897868120971,0.06122954883490332,0.05651958353991076,0.13187902825979178,0.139067922657412,0.10510659395141299,0.027764005949429845,0.10014873574615767,0.33614278631631134,0.07238472979672782,0.09940505701536936,0.13187902825979178,0.1574119980168567,0.16782350024789291,0.08750619732275657,0.11750123946455131,0.146504709965295,0.17476450173525038,0.06693108577094695,0.060981655924640554,0.057263262270699056,0.044868616757560736,0.22731779871095686,0.11080813088745661,1.0,0.05304908279623203,0.15468517600396628,0.05800694100148736,0.08279623202776401
SMALLTEXT_LEASTCONFIDENCE,0.030738720872583045,0.10039662865642042,0.017104610808130888,0.02454139811601388,0.3477937530986614,0.2530986613782846,0.005453644025780862,0.0458601883986118,0.24144769459593457,0.2627664848785325,0.22533465542885472,0.05081804660386713,0.0451165096678235,0.11279127416955875,0.017104610808130888,0.13113534952900346,0.030738720872583045,0.1980664352999504,0.09345562716906297,0.04238968765493307,0.09147248388696083,0.039167079821517105,0.02751611303916708,0.03445711452652454,0.052553296975706494,0.039167079821517105,0.2092216162617749,0.2211204759543877,0.18889439762022806,0.7697074863658899,0.05156172533465543,0.039167079821517105,0.05304908279623203,1.0,0.06593951412989589,0.8026772434308379,0.02454139811601388
SMALLTEXT_LIGHTWEIGHTCORESET,0.06767476450173525,0.059494298463063956,0.07486365889935548,0.19038175508180466,0.0909766980664353,0.09419930589985126,0.09048091224590976,0.10386712940009915,0.06420426375805652,0.06420426375805652,0.06965790778383739,0.3026772434308379,0.30069410014873577,0.1715418939018344,0.07486365889935548,0.1576598909271195,0.06767476450173525,0.0991571641051066,0.1650966782350025,0.3011898859692613,0.20128904313336637,0.2848289538919187,0.12369856222112048,0.229300941993059,0.29102627664848785,0.1353495290034705,0.06792265741199802,0.06941001487357462,0.0805651958353991,0.07114526524541398,0.20624690133862172,0.2233515121467526,0.15468517600396628,0.06593951412989589,1.0,0.06891422905304909,0.19038175508180466
SMALLTEXT_PREDICTIONENTROPY,0.03470500743678731,0.11378284581060982,0.015865146256817054,0.025037183936539417,0.27689638076351014,0.244174516608825,0.008676251859196828,0.0532969757064948,0.26574119980168565,0.26078334159643035,0.229300941993059,0.054784333168071395,0.05304908279623203,0.10832920178482895,0.015865146256817054,0.13931581556767478,0.03470500743678731,0.19137332672285573,0.0954387704511651,0.05007436787307883,0.0969261279127417,0.04313336638572137,0.02825979176995538,0.039167079821517105,0.05453644025780863,0.04709965294992563,0.23971244422409518,0.2211204759543877,0.1945959345562717,0.7657411998016856,0.06073376301437779,0.0421417947446703,0.05800694100148736,0.8026772434308379,0.06891422905304909,1.0,0.025037183936539417
SMALLTEXT_RANDOM,0.030490827962320277,0.02330193356470005,0.06122954883490332,1.0,0.03594447198810114,0.04015865146256817,0.06668319286068418,0.04238968765493307,0.02478929102627665,0.022062469013386217,0.02478929102627665,0.2307882994546356,0.22830937035200793,0.09568666336142786,0.06122954883490332,0.06172533465542886,0.030490827962320277,0.04709965294992563,0.0969261279127417,0.2518591968269707,0.10014873574615767,0.1931085770946951,0.09419930589985126,0.19781854238968766,0.2322756569162122,0.06172533465542886,0.02454139811601388,0.02454139811601388,0.02900347050074368,0.029747149231531978,0.124194348041646,0.1722855726326227,0.08279623202776401,0.02454139811601388,0.19038175508180466,0.025037183936539417,1.0
