,ALIPY_CORESET_GREEDY,ALIPY_DENSITY_WEIGHTED,ALIPY_GRAPH_DENSITY,ALIPY_RANDOM,ALIPY_UNCERTAINTY_LC,ALIPY_UNCERTAINTY_MM,LIBACT_DWUS,LIBACT_QUIRE,LIBACT_UNCERTAINTY_ENT,LIBACT_UNCERTAINTY_LC,LIBACT_UNCERTAINTY_SM,OPTIMAL_GREEDY_10,OPTIMAL_GREEDY_20,PLAYGROUND_BANDIT,PLAYGROUND_GRAPH_DENSITY,PLAYGROUND_INFORMATIVE_DIVERSE,PLAYGROUND_KCENTER_GREEDY,PLAYGROUND_MARGIN,PLAYGROUND_MIXTURE,PLAYGROUND_UNIFORM,SKACTIVEML_COST_EMBEDDING,SKACTIVEML_DAL,SKACTIVEML_DWUS,SKACTIVEML_QBC,SKACTIVEML_QBC_VOTE_ENTROPY,SKACTIVEML_QUIRE,SKACTIVEML_US_ENTROPY,SKACTIVEML_US_LC,SKACTIVEML_US_MARGIN,SMALLTEXT_BREAKINGTIES,SMALLTEXT_CONTRASTIVEAL,SMALLTEXT_EMBEDDINGKMEANS,SMALLTEXT_GREEDYCORESET,SMALLTEXT_LEASTCONFIDENCE,SMALLTEXT_LIGHTWEIGHTCORESET,SMALLTEXT_PREDICTIONENTROPY,SMALLTEXT_RANDOM
ALIPY_CORESET_GREEDY,1.0,0.08998512642538424,0.10808130887456618,0.11204759543877045,0.07387208725830441,0.07188894397620228,0.08279623202776401,0.10064452156668319,0.07040158651462568,0.07312840852751612,0.07535944471988101,0.1212196331184928,0.11502231036192365,0.08750619732275657,0.10808130887456618,0.08081308874566187,0.9856222112047596,0.07511155180961825,0.08924144769459594,0.1271690629647992,0.10237977193852256,0.13510163609320774,0.10213187902825979,0.10014873574615767,0.13336638572136836,0.0894893406048587,0.07635101636093208,0.07288051561725335,0.07114526524541398,0.07337630143777887,0.09643034209221617,0.11675756073376302,0.16311353495290035,0.07759048091224591,0.11799702528507684,0.07213683688646505,0.11229548834903322
ALIPY_DENSITY_WEIGHTED,0.08998512642538424,1.0,0.08527516113039167,0.0805651958353991,0.153941497273178,0.15443728309370353,0.08180466038671294,0.08973723351512147,0.1420426375805652,0.14675260287555775,0.14848785324739713,0.08899355478433317,0.08403569657907783,0.14724838869608328,0.0850272682201289,0.1502231036192365,0.09147248388696083,0.1576598909271195,0.1499752107089737,0.09048091224590976,0.14724838869608328,0.10312345066931086,0.11700545364402579,0.07635101636093208,0.09717402082300446,0.12592959841348536,0.15071888943976203,0.15195835399107585,0.14724838869608328,0.14625681705503224,0.10188398611799702,0.09221616261774913,0.10114030738720872,0.146504709965295,0.08701041150223103,0.14749628160634606,0.08031730292513634
ALIPY_GRAPH_DENSITY,0.10808130887456618,0.08527516113039167,1.0,0.10956866633614279,0.07015369360436291,0.06817055032226078,0.0842835894893406,0.0835399107585523,0.07188894397620228,0.06519583539910759,0.06841844323252355,0.11551809618244918,0.10882498760535449,0.08651462568170551,0.9995042141794744,0.07783837382250867,0.11254338125929599,0.07635101636093208,0.09345562716906297,0.1331184928111056,0.09122459097669806,0.13584531482399603,0.09295984134853744,0.10634605850272683,0.11923648983639068,0.0842835894893406,0.07362419434804164,0.07064947942488845,0.06891422905304909,0.06742687159147248,0.08180466038671294,0.11279127416955875,0.1264253842340109,0.06941001487357462,0.12543381259295985,0.07535944471988101,0.10956866633614279
ALIPY_RANDOM,0.11204759543877045,0.0805651958353991,0.10956866633614279,1.0,0.07064947942488845,0.07040158651462568,0.10138820029747149,0.08701041150223103,0.06693108577094695,0.06494794248884482,0.06891422905304909,0.1294000991571641,0.139067922657412,0.08899355478433317,0.10981655924640556,0.08477937530986614,0.11527020327218641,0.07833415964303421,0.0946950917203768,0.13559742191373328,0.09444719881011403,0.13237481408031732,0.09519087754090233,0.11080813088745661,0.13882002974714924,0.08899355478433317,0.07015369360436291,0.07139315815567675,0.07114526524541398,0.06122954883490332,0.08701041150223103,0.11849281110560238,0.13336638572136836,0.06445215666831929,0.1331184928111056,0.06668319286068418,0.9975210708973723
ALIPY_UNCERTAINTY_LC,0.07387208725830441,0.153941497273178,0.07015369360436291,0.07064947942488845,1.0,0.7389687654933069,0.06668319286068418,0.06321269211700545,0.16088249876053545,0.1752602875557759,0.1591472483886961,0.08031730292513634,0.08205255329697571,0.16534457114526524,0.07015369360436291,0.16088249876053545,0.07858205255329698,0.20699058006941,0.15071888943976203,0.08601883986117997,0.15344571145265246,0.08998512642538424,0.10609816559246406,0.07411998016856718,0.0872583044124938,0.11502231036192365,0.1576598909271195,0.17278135845314824,0.15319781854238967,0.21269211700545365,0.09072880515617253,0.07312840852751612,0.0842835894893406,0.2860684184432325,0.07709469509172037,0.2166584035696579,0.06990580069410014
ALIPY_UNCERTAINTY_MM,0.07188894397620228,0.15443728309370353,0.06817055032226078,0.07040158651462568,0.7389687654933069,1.0,0.06841844323252355,0.06122954883490332,0.14625681705503224,0.15865146256817056,0.16782350024789291,0.08254833911750124,0.08081308874566187,0.1650966782350025,0.06841844323252355,0.16435299950421417,0.07659890927119484,0.23128408527516114,0.16435299950421417,0.08254833911750124,0.15815567674764502,0.0932077342588002,0.10585027268220129,0.06965790778383739,0.090233019335647,0.11874070401586515,0.15220624690133863,0.15815567674764502,0.16782350024789291,0.2811105602379772,0.08676251859196826,0.0768468021814576,0.08155676747645017,0.21021318790282598,0.07461576598909271,0.1980664352999504,0.06965790778383739
LIBACT_DWUS,0.08279623202776401,0.08180466038671294,0.0842835894893406,0.10138820029747149,0.06668319286068418,0.06841844323252355,1.0,0.10808130887456618,0.06742687159147248,0.06841844323252355,0.06891422905304909,0.09816559246405553,0.0924640555280119,0.08329201784828955,0.08453148239960337,0.07560733763014378,0.08527516113039167,0.07188894397620228,0.0768468021814576,0.11105602379771938,0.09048091224590976,0.09866137828458106,0.1036192364898364,0.10609816559246406,0.09965294992563213,0.09519087754090233,0.06296479920674268,0.06246901338621715,0.062221120475954385,0.06767476450173525,0.11328705999008429,0.12989588497768964,0.10213187902825979,0.06544372830937036,0.11477441745166088,0.06792265741199802,0.10089241447694595
LIBACT_QUIRE,0.10064452156668319,0.08973723351512147,0.0835399107585523,0.08701041150223103,0.06321269211700545,0.06122954883490332,0.10808130887456618,1.0,0.06941001487357462,0.06346058502726822,0.06296479920674268,0.09643034209221617,0.09271194843827467,0.07907783837382251,0.0835399107585523,0.07015369360436291,0.0999008428358949,0.07064947942488845,0.08006941001487357,0.11502231036192365,0.09048091224590976,0.10956866633614279,0.0894893406048587,0.11105602379771938,0.10188398611799702,0.09816559246405553,0.07213683688646505,0.07064947942488845,0.06767476450173525,0.059494298463063956,0.11303916707982152,0.10560237977193852,0.10386712940009915,0.06395637084779375,0.1065939514129896,0.06470004957858205,0.08676251859196826
LIBACT_UNCERTAINTY_ENT,0.07040158651462568,0.1420426375805652,0.07188894397620228,0.06693108577094695,0.16088249876053545,0.14625681705503224,0.06742687159147248,0.06941001487357462,1.0,0.7464055528011899,0.7325235498264749,0.0842835894893406,0.08279623202776401,0.13857213683688646,0.07213683688646505,0.15518096182449181,0.07312840852751612,0.14303420922161625,0.12840852751611304,0.08998512642538424,0.14476945959345563,0.09295984134853744,0.09791769955379276,0.07213683688646505,0.08899355478433317,0.10882498760535449,0.15691621219633117,0.1457610312345067,0.13857213683688646,0.1494794248884482,0.08701041150223103,0.07610312345066932,0.09072880515617253,0.16013882002974714,0.0813088745661874,0.16881507188894398,0.06593951412989589
LIBACT_UNCERTAINTY_LC,0.07312840852751612,0.14675260287555775,0.06519583539910759,0.06494794248884482,0.1752602875557759,0.15865146256817056,0.06841844323252355,0.06346058502726822,0.7464055528011899,1.0,0.7573128408527516,0.08329201784828955,0.07783837382250867,0.15220624690133863,0.06519583539910759,0.16980664352999505,0.07560733763014378,0.15294992563212692,0.13658899355478432,0.08750619732275657,0.14476945959345563,0.08626673277144274,0.10386712940009915,0.06792265741199802,0.08626673277144274,0.10907288051561725,0.1517104610808131,0.16410510659395142,0.14724838869608328,0.1633614278631631,0.08527516113039167,0.07932573128408528,0.08899355478433317,0.17302925136341102,0.07982151710461081,0.16360932077342588,0.06370847793753098
LIBACT_UNCERTAINTY_SM,0.07535944471988101,0.14848785324739713,0.06841844323252355,0.06891422905304909,0.1591472483886961,0.16782350024789291,0.06891422905304909,0.06296479920674268,0.7325235498264749,0.7573128408527516,1.0,0.0872583044124938,0.07858205255329698,0.15319781854238967,0.06841844323252355,0.1648487853247397,0.07808626673277144,0.1517104610808131,0.13857213683688646,0.08775409023301933,0.14551313832424392,0.0909766980664353,0.10609816559246406,0.07089737233515121,0.08775409023301933,0.10560237977193852,0.1442736737729301,0.14526524541398117,0.15865146256817056,0.16906296479920674,0.08254833911750124,0.07535944471988101,0.08750619732275657,0.15691621219633117,0.08205255329697571,0.15617253346554288,0.06792265741199802
OPTIMAL_GREEDY_10,0.1212196331184928,0.08899355478433317,0.11551809618244918,0.1294000991571641,0.08031730292513634,0.08254833911750124,0.09816559246405553,0.09643034209221617,0.0842835894893406,0.08329201784828955,0.0872583044124938,1.0,0.20451165096678234,0.0999008428358949,0.11551809618244918,0.09221616261774913,0.1264253842340109,0.0880019831432821,0.1028755577590481,0.15840356965790778,0.10237977193852256,0.14476945959345563,0.11601388200297472,0.12667327714427368,0.1368368864650471,0.08304412493802678,0.07709469509172037,0.08081308874566187,0.0813088745661874,0.07882994546355974,0.09072880515617253,0.1264253842340109,0.12245909766980664,0.07734258800198314,0.14972731779871096,0.08254833911750124,0.12890431333663857
OPTIMAL_GREEDY_20,0.11502231036192365,0.08403569657907783,0.10882498760535449,0.139067922657412,0.08205255329697571,0.08081308874566187,0.0924640555280119,0.09271194843827467,0.08279623202776401,0.07783837382250867,0.07858205255329698,0.20451165096678234,1.0,0.0961824491819534,0.10882498760535449,0.10262766484878533,0.11923648983639068,0.08824987605354487,0.09742191373326722,0.15071888943976203,0.10262766484878533,0.1338621715418939,0.10882498760535449,0.12196331184928111,0.1427863163113535,0.09147248388696083,0.07585523054040655,0.08031730292513634,0.08304412493802678,0.07659890927119484,0.09295984134853744,0.13063956370847793,0.12543381259295985,0.07461576598909271,0.14377788795240456,0.07957362419434805,0.13807635101636093
PLAYGROUND_BANDIT,0.08750619732275657,0.14724838869608328,0.08651462568170551,0.08899355478433317,0.16534457114526524,0.1650966782350025,0.08329201784828955,0.07907783837382251,0.13857213683688646,0.15220624690133863,0.15319781854238967,0.0999008428358949,0.0961824491819534,1.0,0.08651462568170551,0.3145761031234507,0.0909766980664353,0.35374318294496776,0.3210213187902826,0.11155180961824492,0.1856717897868121,0.11080813088745661,0.10560237977193852,0.07709469509172037,0.10411502231036192,0.13063956370847793,0.13733267228557264,0.14923153197818542,0.1442736737729301,0.15592464055528013,0.09766980664352999,0.07907783837382251,0.0969261279127417,0.1479920674268716,0.0887456618740704,0.1457610312345067,0.08849776896380764
PLAYGROUND_GRAPH_DENSITY,0.10808130887456618,0.0850272682201289,0.9995042141794744,0.10981655924640556,0.07015369360436291,0.06841844323252355,0.08453148239960337,0.0835399107585523,0.07213683688646505,0.06519583539910759,0.06841844323252355,0.11551809618244918,0.10882498760535449,0.08651462568170551,1.0,0.07783837382250867,0.11254338125929599,0.07635101636093208,0.09345562716906297,0.13336638572136836,0.09147248388696083,0.13584531482399603,0.09295984134853744,0.1065939514129896,0.11973227565691621,0.08453148239960337,0.07387208725830441,0.07089737233515121,0.06916212196331185,0.06767476450173525,0.08205255329697571,0.11279127416955875,0.12667327714427368,0.06941001487357462,0.12543381259295985,0.07511155180961825,0.10932077342588002
PLAYGROUND_INFORMATIVE_DIVERSE,0.08081308874566187,0.1502231036192365,0.07783837382250867,0.08477937530986614,0.16088249876053545,0.16435299950421417,0.07560733763014378,0.07015369360436291,0.15518096182449181,0.16980664352999505,0.1648487853247397,0.09221616261774913,0.10262766484878533,0.3145761031234507,0.07783837382250867,1.0,0.0850272682201289,0.3202776400594943,0.29474467030242935,0.10684184432325236,0.16807139315815567,0.10758552305404065,0.10981655924640556,0.07783837382250867,0.10114030738720872,0.12964799206742686,0.15294992563212692,0.15518096182449181,0.15245413981160139,0.16088249876053545,0.09519087754090233,0.08329201784828955,0.09742191373326722,0.1591472483886961,0.10262766484878533,0.15592464055528013,0.08403569657907783
PLAYGROUND_KCENTER_GREEDY,0.9856222112047596,0.09147248388696083,0.11254338125929599,0.11527020327218641,0.07858205255329698,0.07659890927119484,0.08527516113039167,0.0999008428358949,0.07312840852751612,0.07560733763014378,0.07808626673277144,0.1264253842340109,0.11923648983639068,0.0909766980664353,0.11254338125929599,0.0850272682201289,1.0,0.07982151710461081,0.09419930589985126,0.1301437778879524,0.10585027268220129,0.13882002974714924,0.10535448686167576,0.10337134357957363,0.13584531482399603,0.08998512642538424,0.07882994546355974,0.07635101636093208,0.07436787307882994,0.07610312345066932,0.09742191373326722,0.1212196331184928,0.1665840356965791,0.07932573128408528,0.12072384729796728,0.07461576598909271,0.11502231036192365
PLAYGROUND_MARGIN,0.07511155180961825,0.1576598909271195,0.07635101636093208,0.07833415964303421,0.20699058006941,0.23128408527516114,0.07188894397620228,0.07064947942488845,0.14303420922161625,0.15294992563212692,0.1517104610808131,0.0880019831432821,0.08824987605354487,0.35374318294496776,0.07635101636093208,0.3202776400594943,0.07982151710461081,1.0,0.44992563212692116,0.09791769955379276,0.1648487853247397,0.09295984134853744,0.10262766484878533,0.07610312345066932,0.08775409023301933,0.12444224095190877,0.1502231036192365,0.15716410510659395,0.15344571145265246,0.2307882994546356,0.0969261279127417,0.06792265741199802,0.09444719881011403,0.20029747149231533,0.07114526524541398,0.1906296479920674,0.07759048091224591
PLAYGROUND_MIXTURE,0.08924144769459594,0.1499752107089737,0.09345562716906297,0.0946950917203768,0.15071888943976203,0.16435299950421417,0.0768468021814576,0.08006941001487357,0.12840852751611304,0.13658899355478432,0.13857213683688646,0.1028755577590481,0.09742191373326722,0.3210213187902826,0.09345562716906297,0.29474467030242935,0.09419930589985126,0.44992563212692116,1.0,0.11527020327218641,0.16980664352999505,0.10337134357957363,0.10213187902825979,0.07833415964303421,0.10857709469509172,0.12592959841348536,0.1338621715418939,0.1360932077342588,0.13956370847793753,0.1665840356965791,0.09766980664352999,0.08824987605354487,0.10485870104115022,0.1479920674268716,0.08973723351512147,0.14724838869608328,0.09419930589985126
PLAYGROUND_UNIFORM,0.1271690629647992,0.09048091224590976,0.1331184928111056,0.13559742191373328,0.08601883986117997,0.08254833911750124,0.11105602379771938,0.11502231036192365,0.08998512642538424,0.08750619732275657,0.08775409023301933,0.15840356965790778,0.15071888943976203,0.11155180961824492,0.13336638572136836,0.10684184432325236,0.1301437778879524,0.09791769955379276,0.11527020327218641,1.0,0.11204759543877045,0.1494794248884482,0.11279127416955875,0.12270699058006941,0.16807139315815567,0.09791769955379276,0.08180466038671294,0.08279623202776401,0.08006941001487357,0.0917203767972236,0.10981655924640556,0.13559742191373328,0.13708477937530986,0.08304412493802678,0.16410510659395142,0.0813088745661874,0.13485374318294496
SKACTIVEML_COST_EMBEDDING,0.10237977193852256,0.14724838869608328,0.09122459097669806,0.09444719881011403,0.15344571145265246,0.15815567674764502,0.09048091224590976,0.09048091224590976,0.14476945959345563,0.14476945959345563,0.14551313832424392,0.10237977193852256,0.10262766484878533,0.1856717897868121,0.09147248388696083,0.16807139315815567,0.10585027268220129,0.1648487853247397,0.16980664352999505,0.11204759543877045,1.0,0.11675756073376302,0.11576598909271195,0.09494298463063956,0.11527020327218641,0.13138324243926625,0.14402578086266732,0.13882002974714924,0.1412989588497769,0.13708477937530986,0.11155180961824492,0.09444719881011403,0.11179970252850768,0.13510163609320774,0.11378284581060982,0.13807635101636093,0.09395141298958849
SKACTIVEML_DAL,0.13510163609320774,0.10312345066931086,0.13584531482399603,0.13237481408031732,0.08998512642538424,0.0932077342588002,0.09866137828458106,0.10956866633614279,0.09295984134853744,0.08626673277144274,0.0909766980664353,0.14476945959345563,0.1338621715418939,0.11080813088745661,0.13584531482399603,0.10758552305404065,0.13882002974714924,0.09295984134853744,0.10337134357957363,0.1494794248884482,0.11675756073376302,1.0,0.12072384729796728,0.11204759543877045,0.14823996033713435,0.0991571641051066,0.09221616261774913,0.09147248388696083,0.08849776896380764,0.0887456618740704,0.10832920178482895,0.13510163609320774,0.14105106593951414,0.09072880515617253,0.14600892414476946,0.08924144769459594,0.131631135349529
SKACTIVEML_DWUS,0.10213187902825979,0.11700545364402579,0.09295984134853744,0.09519087754090233,0.10609816559246406,0.10585027268220129,0.1036192364898364,0.0894893406048587,0.09791769955379276,0.10386712940009915,0.10609816559246406,0.11601388200297472,0.10882498760535449,0.10560237977193852,0.09295984134853744,0.10981655924640556,0.10535448686167576,0.10262766484878533,0.10213187902825979,0.11279127416955875,0.11576598909271195,0.12072384729796728,1.0,0.09791769955379276,0.11700545364402579,0.10213187902825979,0.11006445215666832,0.10634605850272683,0.10089241447694595,0.10708973723351513,0.09667823500247893,0.10237977193852256,0.10956866633614279,0.10312345066931086,0.11056023797719385,0.10609816559246406,0.09444719881011403
SKACTIVEML_QBC,0.10014873574615767,0.07635101636093208,0.10634605850272683,0.11080813088745661,0.07411998016856718,0.06965790778383739,0.10609816559246406,0.11105602379771938,0.07213683688646505,0.06792265741199802,0.07089737233515121,0.12667327714427368,0.12196331184928111,0.07709469509172037,0.1065939514129896,0.07783837382250867,0.10337134357957363,0.07610312345066932,0.07833415964303421,0.12270699058006941,0.09494298463063956,0.11204759543877045,0.09791769955379276,1.0,0.12320277640059495,0.09717402082300446,0.07709469509172037,0.07858205255329698,0.07610312345066932,0.06346058502726822,0.12047595438770452,0.11948438274665345,0.11551809618244918,0.06122954883490332,0.12617749132374814,0.06346058502726822,0.11031234506693109
SKACTIVEML_QBC_VOTE_ENTROPY,0.13336638572136836,0.09717402082300446,0.11923648983639068,0.13882002974714924,0.0872583044124938,0.090233019335647,0.09965294992563213,0.10188398611799702,0.08899355478433317,0.08626673277144274,0.08775409023301933,0.1368368864650471,0.1427863163113535,0.10411502231036192,0.11973227565691621,0.10114030738720872,0.13584531482399603,0.08775409023301933,0.10857709469509172,0.16807139315815567,0.11527020327218641,0.14823996033713435,0.11700545364402579,0.12320277640059495,1.0,0.0894893406048587,0.08304412493802678,0.0894893406048587,0.08899355478433317,0.08527516113039167,0.09444719881011403,0.12989588497768964,0.14179474467030243,0.08304412493802678,0.17178978681209717,0.08477937530986614,0.13782845810609817
SKACTIVEML_QUIRE,0.0894893406048587,0.12592959841348536,0.0842835894893406,0.08899355478433317,0.11502231036192365,0.11874070401586515,0.09519087754090233,0.09816559246405553,0.10882498760535449,0.10907288051561725,0.10560237977193852,0.08304412493802678,0.09147248388696083,0.13063956370847793,0.08453148239960337,0.12964799206742686,0.08998512642538424,0.12444224095190877,0.12592959841348536,0.09791769955379276,0.13138324243926625,0.0991571641051066,0.10213187902825979,0.09717402082300446,0.0894893406048587,1.0,0.11229548834903322,0.10981655924640556,0.10609816559246406,0.11303916707982152,0.11774913237481408,0.09122459097669806,0.10461080813088745,0.10634605850272683,0.09742191373326722,0.11204759543877045,0.08849776896380764
SKACTIVEML_US_ENTROPY,0.07635101636093208,0.15071888943976203,0.07362419434804164,0.07015369360436291,0.1576598909271195,0.15220624690133863,0.06296479920674268,0.07213683688646505,0.15691621219633117,0.1517104610808131,0.1442736737729301,0.07709469509172037,0.07585523054040655,0.13733267228557264,0.07387208725830441,0.15294992563212692,0.07882994546355974,0.1502231036192365,0.1338621715418939,0.08180466038671294,0.14402578086266732,0.09221616261774913,0.11006445215666832,0.07709469509172037,0.08304412493802678,0.11229548834903322,1.0,0.7521070897372335,0.7384729796727814,0.14352999504214178,0.0872583044124938,0.07089737233515121,0.08477937530986614,0.14749628160634606,0.08155676747645017,0.15964303420922163,0.06965790778383739
SKACTIVEML_US_LC,0.07288051561725335,0.15195835399107585,0.07064947942488845,0.07139315815567675,0.17278135845314824,0.15815567674764502,0.06246901338621715,0.07064947942488845,0.1457610312345067,0.16410510659395142,0.14526524541398117,0.08081308874566187,0.08031730292513634,0.14923153197818542,0.07089737233515121,0.15518096182449181,0.07635101636093208,0.15716410510659395,0.1360932077342588,0.08279623202776401,0.13882002974714924,0.09147248388696083,0.10634605850272683,0.07858205255329698,0.0894893406048587,0.10981655924640556,0.7521070897372335,1.0,0.7483886960832921,0.14303420922161625,0.0857709469509172,0.07461576598909271,0.08453148239960337,0.16559246405552802,0.08254833911750124,0.14476945959345563,0.07040158651462568
SKACTIVEML_US_MARGIN,0.07114526524541398,0.14724838869608328,0.06891422905304909,0.07114526524541398,0.15319781854238967,0.16782350024789291,0.062221120475954385,0.06767476450173525,0.13857213683688646,0.14724838869608328,0.15865146256817056,0.0813088745661874,0.08304412493802678,0.1442736737729301,0.06916212196331185,0.15245413981160139,0.07436787307882994,0.15344571145265246,0.13956370847793753,0.08006941001487357,0.1412989588497769,0.08849776896380764,0.10089241447694595,0.07610312345066932,0.08899355478433317,0.10609816559246406,0.7384729796727814,0.7483886960832921,1.0,0.15840356965790778,0.08899355478433317,0.07288051561725335,0.0805651958353991,0.13782845810609817,0.08403569657907783,0.13882002974714924,0.07064947942488845
SMALLTEXT_BREAKINGTIES,0.07337630143777887,0.14625681705503224,0.06742687159147248,0.06122954883490332,0.21269211700545365,0.2811105602379772,0.06767476450173525,0.059494298463063956,0.1494794248884482,0.1633614278631631,0.16906296479920674,0.07882994546355974,0.07659890927119484,0.15592464055528013,0.06767476450173525,0.16088249876053545,0.07610312345066932,0.2307882994546356,0.1665840356965791,0.0917203767972236,0.13708477937530986,0.0887456618740704,0.10708973723351513,0.06346058502726822,0.08527516113039167,0.11303916707982152,0.14352999504214178,0.14303420922161625,0.15840356965790778,1.0,0.08527516113039167,0.07312840852751612,0.07511155180961825,0.7434308378780367,0.08304412493802678,0.7307882994546356,0.06048587010411502
SMALLTEXT_CONTRASTIVEAL,0.09643034209221617,0.10188398611799702,0.08180466038671294,0.08701041150223103,0.09072880515617253,0.08676251859196826,0.11328705999008429,0.11303916707982152,0.08701041150223103,0.08527516113039167,0.08254833911750124,0.09072880515617253,0.09295984134853744,0.09766980664352999,0.08205255329697571,0.09519087754090233,0.09742191373326722,0.0969261279127417,0.09766980664352999,0.10981655924640556,0.11155180961824492,0.10832920178482895,0.09667823500247893,0.12047595438770452,0.09444719881011403,0.11774913237481408,0.0872583044124938,0.0857709469509172,0.08899355478433317,0.08527516113039167,1.0,0.09940505701536936,0.1212196331184928,0.08750619732275657,0.10684184432325236,0.08998512642538424,0.08651462568170551
SMALLTEXT_EMBEDDINGKMEANS,0.11675756073376302,0.09221616261774913,0.11279127416955875,0.11849281110560238,0.07312840852751612,0.0768468021814576,0.12989588497768964,0.10560237977193852,0.07610312345066932,0.07932573128408528,0.07535944471988101,0.1264253842340109,0.13063956370847793,0.07907783837382251,0.11279127416955875,0.08329201784828955,0.1212196331184928,0.06792265741199802,0.08824987605354487,0.13559742191373328,0.09444719881011403,0.13510163609320774,0.10237977193852256,0.11948438274665345,0.12989588497768964,0.09122459097669806,0.07089737233515121,0.07461576598909271,0.07288051561725335,0.07312840852751612,0.09940505701536936,1.0,0.11700545364402579,0.06990580069410014,0.13658899355478432,0.07114526524541398,0.11799702528507684
SMALLTEXT_GREEDYCORESET,0.16311353495290035,0.10114030738720872,0.1264253842340109,0.13336638572136836,0.0842835894893406,0.08155676747645017,0.10213187902825979,0.10386712940009915,0.09072880515617253,0.08899355478433317,0.08750619732275657,0.12245909766980664,0.12543381259295985,0.0969261279127417,0.12667327714427368,0.09742191373326722,0.1665840356965791,0.09444719881011403,0.10485870104115022,0.13708477937530986,0.11179970252850768,0.14105106593951414,0.10956866633614279,0.11551809618244918,0.14179474467030243,0.10461080813088745,0.08477937530986614,0.08453148239960337,0.0805651958353991,0.07511155180961825,0.1212196331184928,0.11700545364402579,1.0,0.07635101636093208,0.14303420922161625,0.07957362419434805,0.13212692117005453
SMALLTEXT_LEASTCONFIDENCE,0.07759048091224591,0.146504709965295,0.06941001487357462,0.06445215666831929,0.2860684184432325,0.21021318790282598,0.06544372830937036,0.06395637084779375,0.16013882002974714,0.17302925136341102,0.15691621219633117,0.07734258800198314,0.07461576598909271,0.1479920674268716,0.06941001487357462,0.1591472483886961,0.07932573128408528,0.20029747149231533,0.1479920674268716,0.08304412493802678,0.13510163609320774,0.09072880515617253,0.10312345066931086,0.06122954883490332,0.08304412493802678,0.10634605850272683,0.14749628160634606,0.16559246405552802,0.13782845810609817,0.7434308378780367,0.08750619732275657,0.06990580069410014,0.07635101636093208,1.0,0.07957362419434805,0.7476450173525038,0.06519583539910759
SMALLTEXT_LIGHTWEIGHTCORESET,0.11799702528507684,0.08701041150223103,0.12543381259295985,0.1331184928111056,0.07709469509172037,0.07461576598909271,0.11477441745166088,0.1065939514129896,0.0813088745661874,0.07982151710461081,0.08205255329697571,0.14972731779871096,0.14377788795240456,0.0887456618740704,0.12543381259295985,0.10262766484878533,0.12072384729796728,0.07114526524541398,0.08973723351512147,0.16410510659395142,0.11378284581060982,0.14600892414476946,0.11056023797719385,0.12617749132374814,0.17178978681209717,0.09742191373326722,0.08155676747645017,0.08254833911750124,0.08403569657907783,0.08304412493802678,0.10684184432325236,0.13658899355478432,0.14303420922161625,0.07957362419434805,1.0,0.0813088745661874,0.13411006445215667
SMALLTEXT_PREDICTIONENTROPY,0.07213683688646505,0.14749628160634606,0.07535944471988101,0.06668319286068418,0.2166584035696579,0.1980664352999504,0.06792265741199802,0.06470004957858205,0.16881507188894398,0.16360932077342588,0.15617253346554288,0.08254833911750124,0.07957362419434805,0.1457610312345067,0.07511155180961825,0.15592464055528013,0.07461576598909271,0.1906296479920674,0.14724838869608328,0.0813088745661874,0.13807635101636093,0.08924144769459594,0.10609816559246406,0.06346058502726822,0.08477937530986614,0.11204759543877045,0.15964303420922163,0.14476945959345563,0.13882002974714924,0.7307882994546356,0.08998512642538424,0.07114526524541398,0.07957362419434805,0.7476450173525038,0.0813088745661874,1.0,0.06767476450173525
SMALLTEXT_RANDOM,0.11229548834903322,0.08031730292513634,0.10956866633614279,0.9975210708973723,0.06990580069410014,0.06965790778383739,0.10089241447694595,0.08676251859196826,0.06593951412989589,0.06370847793753098,0.06792265741199802,0.12890431333663857,0.13807635101636093,0.08849776896380764,0.10932077342588002,0.08403569657907783,0.11502231036192365,0.07759048091224591,0.09419930589985126,0.13485374318294496,0.09395141298958849,0.131631135349529,0.09444719881011403,0.11031234506693109,0.13782845810609817,0.08849776896380764,0.06965790778383739,0.07040158651462568,0.07064947942488845,0.06048587010411502,0.08651462568170551,0.11799702528507684,0.13212692117005453,0.06519583539910759,0.13411006445215667,0.06767476450173525,1.0
