,ALIPY_CORESET_GREEDY,ALIPY_DENSITY_WEIGHTED,ALIPY_GRAPH_DENSITY,ALIPY_RANDOM,ALIPY_UNCERTAINTY_LC,ALIPY_UNCERTAINTY_MM,LIBACT_DWUS,LIBACT_QUIRE,LIBACT_UNCERTAINTY_ENT,LIBACT_UNCERTAINTY_LC,LIBACT_UNCERTAINTY_SM,OPTIMAL_GREEDY_10,OPTIMAL_GREEDY_20,PLAYGROUND_BANDIT,PLAYGROUND_GRAPH_DENSITY,PLAYGROUND_INFORMATIVE_DIVERSE,PLAYGROUND_KCENTER_GREEDY,PLAYGROUND_MARGIN,PLAYGROUND_MIXTURE,PLAYGROUND_UNIFORM,SKACTIVEML_COST_EMBEDDING,SKACTIVEML_DAL,SKACTIVEML_DWUS,SKACTIVEML_QBC,SKACTIVEML_QBC_VOTE_ENTROPY,SKACTIVEML_QUIRE,SKACTIVEML_US_ENTROPY,SKACTIVEML_US_LC,SKACTIVEML_US_MARGIN,SMALLTEXT_BREAKINGTIES,SMALLTEXT_CONTRASTIVEAL,SMALLTEXT_EMBEDDINGKMEANS,SMALLTEXT_GREEDYCORESET,SMALLTEXT_LEASTCONFIDENCE,SMALLTEXT_LIGHTWEIGHTCORESET,SMALLTEXT_PREDICTIONENTROPY,SMALLTEXT_RANDOM
ALIPY_CORESET_GREEDY,1.0,0.15617253346554288,0.0954387704511651,0.10882498760535449,0.06073376301437779,0.06494794248884482,0.09345562716906297,0.180466038671294,0.060981655924640554,0.05627169062964799,0.05627169062964799,0.16088249876053545,0.16063460585027267,0.06941001487357462,0.0954387704511651,0.1279127416955875,1.0,0.05230540406544373,0.10114030738720872,0.13187902825979178,0.09419930589985126,0.13287059990084282,0.07535944471988101,0.10907288051561725,0.14402578086266732,0.09519087754090233,0.05627169062964799,0.05156172533465543,0.05850272682201289,0.04784333168071393,0.12741695587506197,0.16311353495290035,0.24194348041646008,0.04709965294992563,0.12915220624690135,0.050322260783341594,0.10882498760535449
ALIPY_DENSITY_WEIGHTED,0.15617253346554288,1.0,0.06147744174516609,0.06023797719385226,0.10337134357957363,0.10138820029747149,0.11849281110560238,0.1849281110560238,0.09419930589985126,0.0946950917203768,0.0872583044124938,0.07337630143777887,0.07932573128408528,0.07312840852751612,0.06147744174516609,0.06147744174516609,0.15617253346554288,0.07040158651462568,0.06593951412989589,0.07238472979672782,0.09519087754090233,0.0999008428358949,0.1264253842340109,0.08329201784828955,0.08601883986117997,0.13138324243926625,0.10560237977193852,0.09766980664352999,0.09593455627169063,0.0909766980664353,0.12295488349033218,0.09419930589985126,0.15195835399107585,0.09791769955379276,0.08477937530986614,0.10064452156668319,0.06023797719385226
ALIPY_GRAPH_DENSITY,0.0954387704511651,0.06147744174516609,1.0,0.0946950917203768,0.04115022310361924,0.042637580565195836,0.13658899355478432,0.07560733763014378,0.035696579077838374,0.03371343579573624,0.040406544372830935,0.11626177491323748,0.10708973723351513,0.05627169062964799,1.0,0.0961824491819534,0.0954387704511651,0.036936043629152204,0.07635101636093208,0.0954387704511651,0.05627169062964799,0.10907288051561725,0.16955875061973227,0.1065939514129896,0.11353495290034706,0.03966286564204264,0.03222607833415964,0.033217649975210706,0.035696579077838374,0.03470500743678731,0.07882994546355974,0.1353495290034705,0.0961824491819534,0.03371343579573624,0.09940505701536936,0.03470500743678731,0.0946950917203768
ALIPY_RANDOM,0.10882498760535449,0.06023797719385226,0.0946950917203768,1.0,0.05453644025780863,0.05999008428358949,0.10163609320773426,0.06817055032226078,0.052553296975706494,0.04685176003966286,0.052553296975706494,0.19509172037679723,0.1908775409023302,0.0813088745661874,0.0946950917203768,0.13138324243926625,0.10882498760535449,0.05552801189885969,0.11675756073376302,0.1980664352999504,0.08081308874566187,0.15518096182449181,0.06792265741199802,0.12072384729796728,0.16584035696579078,0.05528011898859692,0.0451165096678235,0.047595438770451165,0.051065939514129896,0.04908279623202776,0.08006941001487357,0.18616757560733763,0.11204759543877045,0.04610808130887457,0.161378284581061,0.0443728309370352,1.0
ALIPY_UNCERTAINTY_LC,0.06073376301437779,0.10337134357957363,0.04115022310361924,0.05453644025780863,1.0,0.7317798710956867,0.06296479920674268,0.06965790778383739,0.12915220624690135,0.1715418939018344,0.10857709469509172,0.07188894397620228,0.07089737233515121,0.10461080813088745,0.04115022310361924,0.07114526524541398,0.06073376301437779,0.16236985622211206,0.09791769955379276,0.06767476450173525,0.08180466038671294,0.08329201784828955,0.08180466038671294,0.07139315815567675,0.06618740704015866,0.07486365889935548,0.1346058502726822,0.16782350024789291,0.11155180961824492,0.1945959345562717,0.06990580069410014,0.07213683688646505,0.07188894397620228,0.34630639563708476,0.06593951412989589,0.23500247892910262,0.05453644025780863
ALIPY_UNCERTAINTY_MM,0.06494794248884482,0.10138820029747149,0.042637580565195836,0.05999008428358949,0.7317798710956867,1.0,0.07511155180961825,0.06246901338621715,0.0984134853743183,0.10708973723351513,0.1611303916707982,0.07610312345066932,0.07610312345066932,0.12766484878532475,0.042637580565195836,0.07734258800198314,0.06494794248884482,0.2387208725830441,0.13138324243926625,0.07139315815567675,0.08304412493802678,0.08279623202776401,0.0850272682201289,0.07759048091224591,0.07610312345066932,0.07114526524541398,0.09965294992563213,0.10411502231036192,0.16385721368368864,0.3448190381755082,0.06891422905304909,0.07709469509172037,0.0768468021814576,0.19410014873574616,0.07635101636093208,0.17501239464551313,0.05999008428358949
LIBACT_DWUS,0.09345562716906297,0.11849281110560238,0.13658899355478432,0.10163609320773426,0.06296479920674268,0.07511155180961825,1.0,0.14229053049082796,0.05850272682201289,0.05577590480912246,0.06618740704015866,0.1353495290034705,0.13584531482399603,0.06990580069410014,0.13658899355478432,0.09271194843827467,0.09345562716906297,0.05775904809122459,0.08601883986117997,0.12345066931085771,0.07957362419434805,0.1375805651958354,0.17575607337630145,0.1442736737729301,0.12047595438770452,0.10213187902825979,0.05651958353991076,0.05428854734754586,0.06817055032226078,0.05899851264253842,0.11279127416955875,0.18839861179970252,0.139067922657412,0.05156172533465543,0.1308874566187407,0.05453644025780863,0.10163609320773426
LIBACT_QUIRE,0.180466038671294,0.1849281110560238,0.07560733763014378,0.06817055032226078,0.06965790778383739,0.06246901338621715,0.14229053049082796,1.0,0.058254833911750126,0.05552801189885969,0.0518096182449182,0.08106098165592464,0.08849776896380764,0.06519583539910759,0.07560733763014378,0.06693108577094695,0.180466038671294,0.04933068914229053,0.07461576598909271,0.08924144769459594,0.08230044620723848,0.10114030738720872,0.12221120475954388,0.10237977193852256,0.08676251859196826,0.12989588497768964,0.06445215666831929,0.05999008428358949,0.053792761527020325,0.0532969757064948,0.17699553792761527,0.11427863163113534,0.17327714427367377,0.05800694100148736,0.10312345066931086,0.05999008428358949,0.06817055032226078
LIBACT_UNCERTAINTY_ENT,0.060981655924640554,0.09419930589985126,0.035696579077838374,0.052553296975706494,0.12915220624690135,0.0984134853743183,0.05850272682201289,0.058254833911750126,1.0,0.7741695587506198,0.7228557263262271,0.07188894397620228,0.07387208725830441,0.07213683688646505,0.035696579077838374,0.06693108577094695,0.060981655924640554,0.06866633614278632,0.06296479920674268,0.06643529995042141,0.07436787307882994,0.07635101636093208,0.07213683688646505,0.05428854734754586,0.06742687159147248,0.07114526524541398,0.1648487853247397,0.11824491819533961,0.08899355478433317,0.16534457114526524,0.07387208725830441,0.06941001487357462,0.06147744174516609,0.20426375805651958,0.06916212196331185,0.2518591968269707,0.052553296975706494
LIBACT_UNCERTAINTY_LC,0.05627169062964799,0.0946950917203768,0.03371343579573624,0.04685176003966286,0.1715418939018344,0.10708973723351513,0.05577590480912246,0.05552801189885969,0.7741695587506198,1.0,0.7421913733267228,0.06346058502726822,0.06742687159147248,0.06941001487357462,0.03371343579573624,0.06891422905304909,0.05627169062964799,0.07486365889935548,0.06767476450173525,0.05651958353991076,0.07982151710461081,0.06866633614278632,0.06941001487357462,0.05577590480912246,0.06569162121963312,0.06569162121963312,0.12543381259295985,0.16410510659395142,0.09643034209221617,0.17873078829945463,0.06296479920674268,0.06271690629647993,0.05850272682201289,0.24938026772434307,0.06569162121963312,0.21715418939018344,0.04685176003966286
LIBACT_UNCERTAINTY_SM,0.05627169062964799,0.0872583044124938,0.040406544372830935,0.052553296975706494,0.10857709469509172,0.1611303916707982,0.06618740704015866,0.0518096182449182,0.7228557263262271,0.7421913733267228,1.0,0.07188894397620228,0.07858205255329698,0.07635101636093208,0.040406544372830935,0.07858205255329698,0.05627169062964799,0.08006941001487357,0.06792265741199802,0.062221120475954385,0.08254833911750124,0.07164105106593951,0.07362419434804164,0.061973227565691624,0.08180466038671294,0.06519583539910759,0.0887456618740704,0.10014873574615767,0.1576598909271195,0.2389687654933069,0.06246901338621715,0.07015369360436291,0.061973227565691624,0.17997025285076848,0.06817055032226078,0.17922657411998016,0.052553296975706494
OPTIMAL_GREEDY_10,0.16088249876053545,0.07337630143777887,0.11626177491323748,0.19509172037679723,0.07188894397620228,0.07610312345066932,0.1353495290034705,0.08106098165592464,0.07188894397620228,0.06346058502726822,0.07188894397620228,1.0,0.40877540902330195,0.1036192364898364,0.11626177491323748,0.1737729300941993,0.16088249876053545,0.08155676747645017,0.1487357461576599,0.23500247892910262,0.09965294992563213,0.19137332672285573,0.0880019831432821,0.15146256817055032,0.229300941993059,0.08031730292513634,0.06891422905304909,0.06668319286068418,0.07288051561725335,0.06296479920674268,0.10535448686167576,0.26574119980168565,0.14774417451660882,0.059494298463063956,0.20426375805651958,0.05999008428358949,0.19509172037679723
OPTIMAL_GREEDY_20,0.16063460585027267,0.07932573128408528,0.10708973723351513,0.1908775409023302,0.07089737233515121,0.07610312345066932,0.13584531482399603,0.08849776896380764,0.07387208725830441,0.06742687159147248,0.07858205255329698,0.40877540902330195,1.0,0.11006445215666832,0.10708973723351513,0.1737729300941993,0.16063460585027267,0.0813088745661874,0.15716410510659395,0.22806147744174515,0.11254338125929599,0.1923648983639068,0.08973723351512147,0.15245413981160139,0.23648983639067922,0.07560733763014378,0.06891422905304909,0.06693108577094695,0.07461576598909271,0.07362419434804164,0.10907288051561725,0.2560733763014378,0.1494794248884482,0.06544372830937036,0.20277640059494298,0.06891422905304909,0.1908775409023302
PLAYGROUND_BANDIT,0.06941001487357462,0.07312840852751612,0.05627169062964799,0.0813088745661874,0.10461080813088745,0.12766484878532475,0.06990580069410014,0.06519583539910759,0.07213683688646505,0.06941001487357462,0.07635101636093208,0.1036192364898364,0.11006445215666832,1.0,0.05627169062964799,0.30143777887952405,0.06941001487357462,0.6070897372335151,0.31284085275161133,0.10014873574615767,0.15071888943976203,0.09816559246405553,0.07164105106593951,0.09940505701536936,0.10436291522062469,0.10163609320773426,0.07263262270699058,0.07461576598909271,0.07833415964303421,0.11105602379771938,0.07139315815567675,0.09048091224590976,0.07585523054040655,0.0880019831432821,0.08626673277144274,0.08527516113039167,0.0813088745661874
PLAYGROUND_GRAPH_DENSITY,0.0954387704511651,0.06147744174516609,1.0,0.0946950917203768,0.04115022310361924,0.042637580565195836,0.13658899355478432,0.07560733763014378,0.035696579077838374,0.03371343579573624,0.040406544372830935,0.11626177491323748,0.10708973723351513,0.05627169062964799,1.0,0.0961824491819534,0.0954387704511651,0.036936043629152204,0.07635101636093208,0.0954387704511651,0.05627169062964799,0.10907288051561725,0.16955875061973227,0.1065939514129896,0.11353495290034706,0.03966286564204264,0.03222607833415964,0.033217649975210706,0.035696579077838374,0.03470500743678731,0.07882994546355974,0.1353495290034705,0.0961824491819534,0.03371343579573624,0.09940505701536936,0.03470500743678731,0.0946950917203768
PLAYGROUND_INFORMATIVE_DIVERSE,0.1279127416955875,0.06147744174516609,0.0961824491819534,0.13138324243926625,0.07114526524541398,0.07734258800198314,0.09271194843827467,0.06693108577094695,0.06693108577094695,0.06891422905304909,0.07858205255329698,0.1737729300941993,0.1737729300941993,0.30143777887952405,0.0961824491819534,1.0,0.1279127416955875,0.2821021318790283,0.2937530986613783,0.14179474467030243,0.12245909766980664,0.139067922657412,0.07188894397620228,0.11527020327218641,0.1494794248884482,0.08824987605354487,0.06693108577094695,0.06321269211700545,0.07064947942488845,0.06717897868120971,0.08403569657907783,0.15195835399107585,0.09940505701536936,0.05999008428358949,0.13138324243926625,0.06073376301437779,0.13138324243926625
PLAYGROUND_KCENTER_GREEDY,1.0,0.15617253346554288,0.0954387704511651,0.10882498760535449,0.06073376301437779,0.06494794248884482,0.09345562716906297,0.180466038671294,0.060981655924640554,0.05627169062964799,0.05627169062964799,0.16088249876053545,0.16063460585027267,0.06941001487357462,0.0954387704511651,0.1279127416955875,1.0,0.05230540406544373,0.10114030738720872,0.13187902825979178,0.09419930589985126,0.13287059990084282,0.07535944471988101,0.10907288051561725,0.14402578086266732,0.09519087754090233,0.05627169062964799,0.05156172533465543,0.05850272682201289,0.04784333168071393,0.12741695587506197,0.16311353495290035,0.24194348041646008,0.04709965294992563,0.12915220624690135,0.050322260783341594,0.10882498760535449
PLAYGROUND_MARGIN,0.05230540406544373,0.07040158651462568,0.036936043629152204,0.05552801189885969,0.16236985622211206,0.2387208725830441,0.05775904809122459,0.04933068914229053,0.06866633614278632,0.07486365889935548,0.08006941001487357,0.08155676747645017,0.0813088745661874,0.6070897372335151,0.036936043629152204,0.2821021318790283,0.05230540406544373,1.0,0.4186911254338126,0.07188894397620228,0.1420426375805652,0.07213683688646505,0.06445215666831929,0.07783837382250867,0.07858205255329698,0.0991571641051066,0.06792265741199802,0.07511155180961825,0.07932573128408528,0.22062469013386218,0.050322260783341594,0.05528011898859692,0.059494298463063956,0.14848785324739713,0.07213683688646505,0.1360932077342588,0.05552801189885969
PLAYGROUND_MIXTURE,0.10114030738720872,0.06593951412989589,0.07635101636093208,0.11675756073376302,0.09791769955379276,0.13138324243926625,0.08601883986117997,0.07461576598909271,0.06296479920674268,0.06767476450173525,0.06792265741199802,0.1487357461576599,0.15716410510659395,0.31284085275161133,0.07635101636093208,0.2937530986613783,0.10114030738720872,0.4186911254338126,1.0,0.14749628160634606,0.11502231036192365,0.12345066931085771,0.07511155180961825,0.11824491819533961,0.13733267228557264,0.07288051561725335,0.05800694100148736,0.06494794248884482,0.06965790778383739,0.11229548834903322,0.07709469509172037,0.13039167079821518,0.11155180961824492,0.08006941001487357,0.1294000991571641,0.07461576598909271,0.11675756073376302
PLAYGROUND_UNIFORM,0.13187902825979178,0.07238472979672782,0.0954387704511651,0.1980664352999504,0.06767476450173525,0.07139315815567675,0.12345066931085771,0.08924144769459594,0.06643529995042141,0.05651958353991076,0.062221120475954385,0.23500247892910262,0.22806147744174515,0.10014873574615767,0.0954387704511651,0.14179474467030243,0.13187902825979178,0.07188894397620228,0.14749628160634606,1.0,0.10585027268220129,0.18096182449181952,0.08477937530986614,0.15567674764501735,0.22062469013386218,0.07610312345066932,0.06643529995042141,0.06370847793753098,0.07164105106593951,0.06321269211700545,0.12047595438770452,0.23277144273673772,0.15096678235002478,0.053544868616757564,0.19484382746653445,0.05899851264253842,0.1980664352999504
SKACTIVEML_COST_EMBEDDING,0.09419930589985126,0.09519087754090233,0.05627169062964799,0.08081308874566187,0.08180466038671294,0.08304412493802678,0.07957362419434805,0.08230044620723848,0.07436787307882994,0.07982151710461081,0.08254833911750124,0.09965294992563213,0.11254338125929599,0.15071888943976203,0.05627169062964799,0.12245909766980664,0.09419930589985126,0.1420426375805652,0.11502231036192365,0.10585027268220129,1.0,0.08651462568170551,0.08651462568170551,0.0991571641051066,0.10560237977193852,0.13733267228557264,0.07833415964303421,0.07783837382250867,0.08006941001487357,0.07015369360436291,0.08453148239960337,0.0887456618740704,0.08626673277144274,0.07064947942488845,0.10411502231036192,0.07635101636093208,0.08081308874566187
SKACTIVEML_DAL,0.13287059990084282,0.0999008428358949,0.10907288051561725,0.15518096182449181,0.08329201784828955,0.08279623202776401,0.1375805651958354,0.10114030738720872,0.07635101636093208,0.06866633614278632,0.07164105106593951,0.19137332672285573,0.1923648983639068,0.09816559246405553,0.10907288051561725,0.139067922657412,0.13287059990084282,0.07213683688646505,0.12345066931085771,0.18096182449181952,0.08651462568170551,1.0,0.10832920178482895,0.12543381259295985,0.18244918195339613,0.07659890927119484,0.07213683688646505,0.07213683688646505,0.07362419434804164,0.07486365889935548,0.11130391670798215,0.2055032226078334,0.1301437778879524,0.06643529995042141,0.17030242935052056,0.07164105106593951,0.15518096182449181
SKACTIVEML_DWUS,0.07535944471988101,0.1264253842340109,0.16955875061973227,0.06792265741199802,0.08180466038671294,0.0850272682201289,0.17575607337630145,0.12221120475954388,0.07213683688646505,0.06941001487357462,0.07362419434804164,0.0880019831432821,0.08973723351512147,0.07164105106593951,0.16955875061973227,0.07188894397620228,0.07535944471988101,0.06445215666831929,0.07511155180961825,0.08477937530986614,0.08651462568170551,0.10832920178482895,1.0,0.10312345066931086,0.09048091224590976,0.08626673277144274,0.07089737233515121,0.06817055032226078,0.07362419434804164,0.07535944471988101,0.10114030738720872,0.11799702528507684,0.09940505701536936,0.06643529995042141,0.09766980664352999,0.07511155180961825,0.06792265741199802
SKACTIVEML_QBC,0.10907288051561725,0.08329201784828955,0.1065939514129896,0.12072384729796728,0.07139315815567675,0.07759048091224591,0.1442736737729301,0.10237977193852256,0.05428854734754586,0.05577590480912246,0.061973227565691624,0.15146256817055032,0.15245413981160139,0.09940505701536936,0.1065939514129896,0.11527020327218641,0.10907288051561725,0.07783837382250867,0.11824491819533961,0.15567674764501735,0.0991571641051066,0.12543381259295985,0.10312345066931086,1.0,0.15964303420922163,0.07436787307882994,0.05057015369360436,0.05304908279623203,0.05651958353991076,0.05552801189885969,0.11601388200297472,0.1663361427863163,0.11576598909271195,0.05156172533465543,0.14328210213187903,0.0532969757064948,0.12072384729796728
SKACTIVEML_QBC_VOTE_ENTROPY,0.14402578086266732,0.08601883986117997,0.11353495290034706,0.16584035696579078,0.06618740704015866,0.07610312345066932,0.12047595438770452,0.08676251859196826,0.06742687159147248,0.06569162121963312,0.08180466038671294,0.229300941993059,0.23648983639067922,0.10436291522062469,0.11353495290034706,0.1494794248884482,0.14402578086266732,0.07858205255329698,0.13733267228557264,0.22062469013386218,0.10560237977193852,0.18244918195339613,0.09048091224590976,0.15964303420922163,1.0,0.07139315815567675,0.06767476450173525,0.06891422905304909,0.07337630143777887,0.06321269211700545,0.11105602379771938,0.229300941993059,0.15642042637580567,0.05503222607833416,0.18963807635101637,0.05676747645017353,0.16584035696579078
SKACTIVEML_QUIRE,0.09519087754090233,0.13138324243926625,0.03966286564204264,0.05528011898859692,0.07486365889935548,0.07114526524541398,0.10213187902825979,0.12989588497768964,0.07114526524541398,0.06569162121963312,0.06519583539910759,0.08031730292513634,0.07560733763014378,0.10163609320773426,0.03966286564204264,0.08824987605354487,0.09519087754090233,0.0991571641051066,0.07288051561725335,0.07610312345066932,0.13733267228557264,0.07659890927119484,0.08626673277144274,0.07436787307882994,0.07139315815567675,1.0,0.07461576598909271,0.06891422905304909,0.06965790778383739,0.06271690629647993,0.0954387704511651,0.06395637084779375,0.10684184432325236,0.06519583539910759,0.07337630143777887,0.06941001487357462,0.05528011898859692
SKACTIVEML_US_ENTROPY,0.05627169062964799,0.10560237977193852,0.03222607833415964,0.0451165096678235,0.1346058502726822,0.09965294992563213,0.05651958353991076,0.06445215666831929,0.1648487853247397,0.12543381259295985,0.0887456618740704,0.06891422905304909,0.06891422905304909,0.07263262270699058,0.03222607833415964,0.06693108577094695,0.05627169062964799,0.06792265741199802,0.05800694100148736,0.06643529995042141,0.07833415964303421,0.07213683688646505,0.07089737233515121,0.05057015369360436,0.06767476450173525,0.07461576598909271,1.0,0.7813584531482399,0.7263262270699058,0.08180466038671294,0.06965790778383739,0.06073376301437779,0.06073376301437779,0.12171541893901834,0.06445215666831929,0.17278135845314824,0.0451165096678235
SKACTIVEML_US_LC,0.05156172533465543,0.09766980664352999,0.033217649975210706,0.047595438770451165,0.16782350024789291,0.10411502231036192,0.05428854734754586,0.05999008428358949,0.11824491819533961,0.16410510659395142,0.10014873574615767,0.06668319286068418,0.06693108577094695,0.07461576598909271,0.033217649975210706,0.06321269211700545,0.05156172533465543,0.07511155180961825,0.06494794248884482,0.06370847793753098,0.07783837382250867,0.07213683688646505,0.06817055032226078,0.05304908279623203,0.06891422905304909,0.06891422905304909,0.7813584531482399,1.0,0.7493802677243431,0.10163609320773426,0.06941001487357462,0.05627169062964799,0.06321269211700545,0.15468517600396628,0.06445215666831929,0.12295488349033218,0.047595438770451165
SKACTIVEML_US_MARGIN,0.05850272682201289,0.09593455627169063,0.035696579077838374,0.051065939514129896,0.11155180961824492,0.16385721368368864,0.06817055032226078,0.053792761527020325,0.08899355478433317,0.09643034209221617,0.1576598909271195,0.07288051561725335,0.07461576598909271,0.07833415964303421,0.035696579077838374,0.07064947942488845,0.05850272682201289,0.07932573128408528,0.06965790778383739,0.07164105106593951,0.08006941001487357,0.07362419434804164,0.07362419434804164,0.05651958353991076,0.07337630143777887,0.06965790778383739,0.7263262270699058,0.7493802677243431,1.0,0.15146256817055032,0.06420426375805652,0.06395637084779375,0.06767476450173525,0.09866137828458106,0.07139315815567675,0.0880019831432821,0.051065939514129896
SMALLTEXT_BREAKINGTIES,0.04784333168071393,0.0909766980664353,0.03470500743678731,0.04908279623202776,0.1945959345562717,0.3448190381755082,0.05899851264253842,0.0532969757064948,0.16534457114526524,0.17873078829945463,0.2389687654933069,0.06296479920674268,0.07362419434804164,0.11105602379771938,0.03470500743678731,0.06717897868120971,0.04784333168071393,0.22062469013386218,0.11229548834903322,0.06321269211700545,0.07015369360436291,0.07486365889935548,0.07535944471988101,0.05552801189885969,0.06321269211700545,0.06271690629647993,0.08180466038671294,0.10163609320773426,0.15146256817055032,1.0,0.05800694100148736,0.054784333168071395,0.062221120475954385,0.7320277640059494,0.06742687159147248,0.7134357957362419,0.04908279623202776
SMALLTEXT_CONTRASTIVEAL,0.12741695587506197,0.12295488349033218,0.07882994546355974,0.08006941001487357,0.06990580069410014,0.06891422905304909,0.11279127416955875,0.17699553792761527,0.07387208725830441,0.06296479920674268,0.06246901338621715,0.10535448686167576,0.10907288051561725,0.07139315815567675,0.07882994546355974,0.08403569657907783,0.12741695587506197,0.050322260783341594,0.07709469509172037,0.12047595438770452,0.08453148239960337,0.11130391670798215,0.10114030738720872,0.11601388200297472,0.11105602379771938,0.0954387704511651,0.06965790778383739,0.06941001487357462,0.06420426375805652,0.05800694100148736,1.0,0.13411006445215667,0.18765493306891423,0.060981655924640554,0.11452652454139811,0.06593951412989589,0.08006941001487357
SMALLTEXT_EMBEDDINGKMEANS,0.16311353495290035,0.09419930589985126,0.1353495290034705,0.18616757560733763,0.07213683688646505,0.07709469509172037,0.18839861179970252,0.11427863163113534,0.06941001487357462,0.06271690629647993,0.07015369360436291,0.26574119980168565,0.2560733763014378,0.09048091224590976,0.1353495290034705,0.15195835399107585,0.16311353495290035,0.05528011898859692,0.13039167079821518,0.23277144273673772,0.0887456618740704,0.2055032226078334,0.11799702528507684,0.1663361427863163,0.229300941993059,0.06395637084779375,0.06073376301437779,0.05627169062964799,0.06395637084779375,0.054784333168071395,0.13411006445215667,1.0,0.1760039662865642,0.053544868616757564,0.2211204759543877,0.057263262270699056,0.18616757560733763
SMALLTEXT_GREEDYCORESET,0.24194348041646008,0.15195835399107585,0.0961824491819534,0.11204759543877045,0.07188894397620228,0.0768468021814576,0.139067922657412,0.17327714427367377,0.06147744174516609,0.05850272682201289,0.061973227565691624,0.14774417451660882,0.1494794248884482,0.07585523054040655,0.0961824491819534,0.09940505701536936,0.24194348041646008,0.059494298463063956,0.11155180961824492,0.15096678235002478,0.08626673277144274,0.1301437778879524,0.09940505701536936,0.11576598909271195,0.15642042637580567,0.10684184432325236,0.06073376301437779,0.06321269211700545,0.06767476450173525,0.062221120475954385,0.18765493306891423,0.1760039662865642,1.0,0.060981655924640554,0.146504709965295,0.059742191373326724,0.11204759543877045
SMALLTEXT_LEASTCONFIDENCE,0.04709965294992563,0.09791769955379276,0.03371343579573624,0.04610808130887457,0.34630639563708476,0.19410014873574616,0.05156172533465543,0.05800694100148736,0.20426375805651958,0.24938026772434307,0.17997025285076848,0.059494298463063956,0.06544372830937036,0.0880019831432821,0.03371343579573624,0.05999008428358949,0.04709965294992563,0.14848785324739713,0.08006941001487357,0.053544868616757564,0.07064947942488845,0.06643529995042141,0.06643529995042141,0.05156172533465543,0.05503222607833416,0.06519583539910759,0.12171541893901834,0.15468517600396628,0.09866137828458106,0.7320277640059494,0.060981655924640554,0.053544868616757564,0.060981655924640554,1.0,0.060981655924640554,0.782350024789291,0.04610808130887457
SMALLTEXT_LIGHTWEIGHTCORESET,0.12915220624690135,0.08477937530986614,0.09940505701536936,0.161378284581061,0.06593951412989589,0.07635101636093208,0.1308874566187407,0.10312345066931086,0.06916212196331185,0.06569162121963312,0.06817055032226078,0.20426375805651958,0.20277640059494298,0.08626673277144274,0.09940505701536936,0.13138324243926625,0.12915220624690135,0.07213683688646505,0.1294000991571641,0.19484382746653445,0.10411502231036192,0.17030242935052056,0.09766980664352999,0.14328210213187903,0.18963807635101637,0.07337630143777887,0.06445215666831929,0.06445215666831929,0.07139315815567675,0.06742687159147248,0.11452652454139811,0.2211204759543877,0.146504709965295,0.060981655924640554,1.0,0.06494794248884482,0.161378284581061
SMALLTEXT_PREDICTIONENTROPY,0.050322260783341594,0.10064452156668319,0.03470500743678731,0.0443728309370352,0.23500247892910262,0.17501239464551313,0.05453644025780863,0.05999008428358949,0.2518591968269707,0.21715418939018344,0.17922657411998016,0.05999008428358949,0.06891422905304909,0.08527516113039167,0.03470500743678731,0.06073376301437779,0.050322260783341594,0.1360932077342588,0.07461576598909271,0.05899851264253842,0.07635101636093208,0.07164105106593951,0.07511155180961825,0.0532969757064948,0.05676747645017353,0.06941001487357462,0.17278135845314824,0.12295488349033218,0.0880019831432821,0.7134357957362419,0.06593951412989589,0.057263262270699056,0.059742191373326724,0.782350024789291,0.06494794248884482,1.0,0.0443728309370352
SMALLTEXT_RANDOM,0.10882498760535449,0.06023797719385226,0.0946950917203768,1.0,0.05453644025780863,0.05999008428358949,0.10163609320773426,0.06817055032226078,0.052553296975706494,0.04685176003966286,0.052553296975706494,0.19509172037679723,0.1908775409023302,0.0813088745661874,0.0946950917203768,0.13138324243926625,0.10882498760535449,0.05552801189885969,0.11675756073376302,0.1980664352999504,0.08081308874566187,0.15518096182449181,0.06792265741199802,0.12072384729796728,0.16584035696579078,0.05528011898859692,0.0451165096678235,0.047595438770451165,0.051065939514129896,0.04908279623202776,0.08006941001487357,0.18616757560733763,0.11204759543877045,0.04610808130887457,0.161378284581061,0.0443728309370352,1.0
