,ALIPY_CORESET_GREEDY,ALIPY_DENSITY_WEIGHTED,ALIPY_GRAPH_DENSITY,ALIPY_RANDOM,ALIPY_UNCERTAINTY_LC,ALIPY_UNCERTAINTY_MM,LIBACT_DWUS,LIBACT_QUIRE,LIBACT_UNCERTAINTY_ENT,LIBACT_UNCERTAINTY_LC,LIBACT_UNCERTAINTY_SM,OPTIMAL_GREEDY_10,OPTIMAL_GREEDY_20,PLAYGROUND_BANDIT,PLAYGROUND_GRAPH_DENSITY,PLAYGROUND_INFORMATIVE_DIVERSE,PLAYGROUND_KCENTER_GREEDY,PLAYGROUND_MARGIN,PLAYGROUND_MIXTURE,PLAYGROUND_UNIFORM,SKACTIVEML_COST_EMBEDDING,SKACTIVEML_DAL,SKACTIVEML_DWUS,SKACTIVEML_QBC,SKACTIVEML_QBC_VOTE_ENTROPY,SKACTIVEML_QUIRE,SKACTIVEML_US_ENTROPY,SKACTIVEML_US_LC,SKACTIVEML_US_MARGIN,SMALLTEXT_BREAKINGTIES,SMALLTEXT_CONTRASTIVEAL,SMALLTEXT_EMBEDDINGKMEANS,SMALLTEXT_GREEDYCORESET,SMALLTEXT_LEASTCONFIDENCE,SMALLTEXT_LIGHTWEIGHTCORESET,SMALLTEXT_PREDICTIONENTROPY,SMALLTEXT_RANDOM
ALIPY_CORESET_GREEDY,1.0,0.1065939514129896,0.03891918691125434,0.05676747645017353,0.0428854734754586,0.04115022310361924,0.09196826970748637,0.12741695587506197,0.03445711452652454,0.025780862667327716,0.031978185423896875,0.10064452156668319,0.0909766980664353,0.05800694100148736,0.03891918691125434,0.07089737233515121,0.9997521070897373,0.052553296975706494,0.07362419434804164,0.08205255329697571,0.08899355478433317,0.0961824491819534,0.07288051561725335,0.08849776896380764,0.0961824491819534,0.10163609320773426,0.03346554288547347,0.029995042141794746,0.028507684680218144,0.025780862667327716,0.09890927119484383,0.0954387704511651,0.12171541893901834,0.024293505205751114,0.09221616261774913,0.02900347050074368,0.05676747645017353
ALIPY_DENSITY_WEIGHTED,0.1065939514129896,1.0,0.07188894397620228,0.07858205255329698,0.0857709469509172,0.0813088745661874,0.16088249876053545,0.18666336142786316,0.06445215666831929,0.06296479920674268,0.06891422905304909,0.15195835399107585,0.16460089241447695,0.09643034209221617,0.07188894397620228,0.13039167079821518,0.1065939514129896,0.09791769955379276,0.10857709469509172,0.15518096182449181,0.13956370847793753,0.14774417451660882,0.139067922657412,0.14774417451660882,0.15071888943976203,0.16980664352999505,0.07238472979672782,0.06569162121963312,0.07263262270699058,0.05999008428358949,0.15840356965790778,0.15691621219633117,0.161378284581061,0.05999008428358949,0.1574119980168567,0.06519583539910759,0.07858205255329698
ALIPY_GRAPH_DENSITY,0.03891918691125434,0.07188894397620228,1.0,0.06544372830937036,0.03470500743678731,0.03619236489836391,0.11998016856717898,0.090233019335647,0.023054040654437283,0.025780862667327716,0.02454139811601388,0.12097174020823004,0.11229548834903322,0.05404065443728309,1.0,0.05775904809122459,0.03891918691125434,0.03941497273177987,0.04338125929598413,0.11130391670798215,0.07858205255329698,0.10808130887456618,0.11179970252850768,0.11130391670798215,0.11328705999008429,0.08552305404065444,0.020823004462072386,0.020079325731284084,0.025532969757064948,0.02107089737233515,0.10436291522062469,0.11898859692612791,0.11303916707982152,0.021318790282597918,0.10783341596430342,0.019583539910758552,0.06544372830937036
ALIPY_RANDOM,0.05676747645017353,0.07858205255329698,0.06544372830937036,1.0,0.03718393653941497,0.03817550818046604,0.14253842340109074,0.10832920178482895,0.025780862667327716,0.025532969757064948,0.027764005949429845,0.13138324243926625,0.13287059990084282,0.06767476450173525,0.06544372830937036,0.07337630143777887,0.05676747645017353,0.0518096182449182,0.07015369360436291,0.13237481408031732,0.08279623202776401,0.1212196331184928,0.10857709469509172,0.12667327714427368,0.12592959841348536,0.08527516113039167,0.02404561229548835,0.025532969757064948,0.02528507684680218,0.024293505205751114,0.11774913237481408,0.1308874566187407,0.11700545364402579,0.025532969757064948,0.1264253842340109,0.02404561229548835,1.0
ALIPY_UNCERTAINTY_LC,0.0428854734754586,0.0857709469509172,0.03470500743678731,0.03718393653941497,1.0,0.7156668319286068,0.07139315815567675,0.07188894397620228,0.06916212196331185,0.08081308874566187,0.061973227565691624,0.08081308874566187,0.07783837382250867,0.07188894397620228,0.03470500743678731,0.08403569657907783,0.0428854734754586,0.12840852751611304,0.07982151710461081,0.0857709469509172,0.0813088745661874,0.08006941001487357,0.07362419434804164,0.07759048091224591,0.07114526524541398,0.08155676747645017,0.06841844323252355,0.07783837382250867,0.06990580069410014,0.12072384729796728,0.07907783837382251,0.08453148239960337,0.07858205255329698,0.22533465542885472,0.07139315815567675,0.1301437778879524,0.03718393653941497
ALIPY_UNCERTAINTY_MM,0.04115022310361924,0.0813088745661874,0.03619236489836391,0.03817550818046604,0.7156668319286068,1.0,0.07064947942488845,0.06965790778383739,0.057263262270699056,0.058750619732275654,0.07635101636093208,0.07560733763014378,0.08106098165592464,0.07882994546355974,0.03619236489836391,0.07833415964303421,0.04115022310361924,0.17798710956866634,0.0954387704511651,0.08403569657907783,0.07734258800198314,0.07535944471988101,0.07957362419434805,0.07659890927119484,0.07882994546355974,0.07932573128408528,0.05999008428358949,0.061973227565691624,0.07982151710461081,0.21839365394149726,0.07759048091224591,0.08378780366881507,0.07585523054040655,0.11998016856717898,0.07659890927119484,0.11031234506693109,0.03817550818046604
LIBACT_DWUS,0.09196826970748637,0.16088249876053545,0.11998016856717898,0.14253842340109074,0.07139315815567675,0.07064947942488845,1.0,0.2345066931085771,0.057263262270699056,0.04858701041150223,0.054784333168071395,0.2751611303916708,0.2751611303916708,0.11973227565691621,0.11998016856717898,0.15146256817055032,0.0917203767972236,0.1036192364898364,0.13807635101636093,0.2543381259295984,0.16980664352999505,0.25384234010907286,0.25731284085275163,0.2811105602379772,0.26425384234010907,0.2035200793257313,0.05676747645017353,0.05280118988596926,0.05701536936043629,0.0458601883986118,0.24962816063460586,0.29424888448190384,0.24913237481408032,0.04115022310361924,0.26152702032721864,0.048834903321764996,0.14253842340109074
LIBACT_QUIRE,0.12741695587506197,0.18666336142786316,0.090233019335647,0.10832920178482895,0.07188894397620228,0.06965790778383739,0.2345066931085771,1.0,0.059742191373326724,0.053544868616757564,0.05428854734754586,0.23599405057015369,0.21244422409519087,0.09866137828458106,0.090233019335647,0.1412989588497769,0.1271690629647992,0.0887456618740704,0.11502231036192365,0.19781854238968766,0.15468517600396628,0.20079325731284084,0.17773921665840356,0.22285572632622708,0.21492315319781854,0.20004957858205255,0.058750619732275654,0.06048587010411502,0.06073376301437779,0.04833911750123947,0.22880515617253347,0.2307882994546356,0.21417947446703026,0.05205751115518096,0.21938522558254833,0.058254833911750126,0.10832920178482895
LIBACT_UNCERTAINTY_ENT,0.03445711452652454,0.06445215666831929,0.023054040654437283,0.025780862667327716,0.06916212196331185,0.057263262270699056,0.057263262270699056,0.059742191373326724,1.0,0.7285572632622707,0.714427367377293,0.06395637084779375,0.061973227565691624,0.05156172533465543,0.023054040654437283,0.05775904809122459,0.03445711452652454,0.053544868616757564,0.05007436787307883,0.06916212196331185,0.05899851264253842,0.052553296975706494,0.052553296975706494,0.05503222607833416,0.05304908279623203,0.06296479920674268,0.0805651958353991,0.06643529995042141,0.060981655924640554,0.05552801189885969,0.06817055032226078,0.05528011898859692,0.06618740704015866,0.06296479920674268,0.05999008428358949,0.08378780366881507,0.025780862667327716
LIBACT_UNCERTAINTY_LC,0.025780862667327716,0.06296479920674268,0.025780862667327716,0.025532969757064948,0.08081308874566187,0.058750619732275654,0.04858701041150223,0.053544868616757564,0.7285572632622707,1.0,0.7288051561725335,0.05751115518096182,0.05552801189885969,0.05304908279623203,0.025780862667327716,0.06147744174516609,0.025780862667327716,0.05577590480912246,0.0495785820525533,0.05775904809122459,0.06048587010411502,0.0495785820525533,0.05007436787307883,0.053792761527020325,0.05453644025780863,0.05751115518096182,0.07015369360436291,0.07932573128408528,0.06544372830937036,0.05428854734754586,0.0532969757064948,0.05577590480912246,0.05577590480912246,0.07635101636093208,0.053792761527020325,0.07263262270699058,0.025532969757064948
LIBACT_UNCERTAINTY_SM,0.031978185423896875,0.06891422905304909,0.02454139811601388,0.027764005949429845,0.061973227565691624,0.07635101636093208,0.054784333168071395,0.05428854734754586,0.714427367377293,0.7288051561725335,1.0,0.06246901338621715,0.06395637084779375,0.0532969757064948,0.02454139811601388,0.06048587010411502,0.031978185423896875,0.059742191373326724,0.049826474962816066,0.059742191373326724,0.06395637084779375,0.05924640555280119,0.05999008428358949,0.06593951412989589,0.05999008428358949,0.060981655924640554,0.06470004957858205,0.062221120475954385,0.07585523054040655,0.07139315815567675,0.056023797719385225,0.06271690629647993,0.060981655924640554,0.057263262270699056,0.06717897868120971,0.061973227565691624,0.027764005949429845
OPTIMAL_GREEDY_10,0.10064452156668319,0.15195835399107585,0.12097174020823004,0.13138324243926625,0.08081308874566187,0.07560733763014378,0.2751611303916708,0.23599405057015369,0.06395637084779375,0.05751115518096182,0.06246901338621715,1.0,0.2808626673277144,0.11031234506693109,0.12097174020823004,0.1487357461576599,0.10039662865642042,0.10039662865642042,0.1308874566187407,0.2602875557759048,0.16782350024789291,0.24690133862171543,0.2307882994546356,0.25384234010907286,0.2449181953396133,0.20624690133862172,0.05651958353991076,0.06023797719385226,0.06519583539910759,0.0495785820525533,0.22533465542885472,0.2560733763014378,0.2426871591472484,0.04933068914229053,0.24690133862171543,0.056023797719385225,0.13138324243926625
OPTIMAL_GREEDY_20,0.0909766980664353,0.16460089241447695,0.11229548834903322,0.13287059990084282,0.07783837382250867,0.08106098165592464,0.2751611303916708,0.21244422409519087,0.061973227565691624,0.05552801189885969,0.06395637084779375,0.2808626673277144,1.0,0.10708973723351513,0.11229548834903322,0.14774417451660882,0.09072880515617253,0.09742191373326722,0.13981160138820029,0.2389687654933069,0.1685671789786812,0.2449181953396133,0.22905304908279622,0.25483391175012393,0.24590976698066436,0.19533961328705998,0.05899851264253842,0.05453644025780863,0.06965790778383739,0.05280118988596926,0.2307882994546356,0.27565691621219635,0.2240951908775409,0.0466038671294001,0.24516608824987604,0.05775904809122459,0.13287059990084282
PLAYGROUND_BANDIT,0.05800694100148736,0.09643034209221617,0.05404065443728309,0.06767476450173525,0.07188894397620228,0.07882994546355974,0.11973227565691621,0.09866137828458106,0.05156172533465543,0.05304908279623203,0.0532969757064948,0.11031234506693109,0.10708973723351513,1.0,0.05404065443728309,0.28582052553296977,0.05800694100148736,0.3098661378284581,0.2721864154685176,0.12146752602875557,0.12320277640059495,0.11403073872087258,0.11254338125929599,0.12072384729796728,0.11527020327218641,0.11750123946455131,0.04784333168071393,0.051065939514129896,0.04908279623202776,0.053792761527020325,0.12196331184928111,0.11551809618244918,0.10386712940009915,0.05428854734754586,0.11799702528507684,0.05800694100148736,0.06767476450173525
PLAYGROUND_GRAPH_DENSITY,0.03891918691125434,0.07188894397620228,1.0,0.06544372830937036,0.03470500743678731,0.03619236489836391,0.11998016856717898,0.090233019335647,0.023054040654437283,0.025780862667327716,0.02454139811601388,0.12097174020823004,0.11229548834903322,0.05404065443728309,1.0,0.05775904809122459,0.03891918691125434,0.03941497273177987,0.04338125929598413,0.11130391670798215,0.07858205255329698,0.10808130887456618,0.11179970252850768,0.11130391670798215,0.11328705999008429,0.08552305404065444,0.020823004462072386,0.020079325731284084,0.025532969757064948,0.02107089737233515,0.10436291522062469,0.11898859692612791,0.11303916707982152,0.021318790282597918,0.10783341596430342,0.019583539910758552,0.06544372830937036
PLAYGROUND_INFORMATIVE_DIVERSE,0.07089737233515121,0.13039167079821518,0.05775904809122459,0.07337630143777887,0.08403569657907783,0.07833415964303421,0.15146256817055032,0.1412989588497769,0.05775904809122459,0.06147744174516609,0.06048587010411502,0.1487357461576599,0.14774417451660882,0.28582052553296977,0.05775904809122459,1.0,0.07089737233515121,0.2967278135845315,0.28681209717402084,0.15493306891422906,0.1331184928111056,0.1502231036192365,0.13708477937530986,0.14675260287555775,0.14898363906792267,0.13857213683688646,0.06569162121963312,0.06321269211700545,0.06569162121963312,0.05999008428358949,0.1502231036192365,0.1517104610808131,0.1420426375805652,0.05899851264253842,0.153941497273178,0.06172533465542886,0.07337630143777887
PLAYGROUND_KCENTER_GREEDY,0.9997521070897373,0.1065939514129896,0.03891918691125434,0.05676747645017353,0.0428854734754586,0.04115022310361924,0.0917203767972236,0.1271690629647992,0.03445711452652454,0.025780862667327716,0.031978185423896875,0.10039662865642042,0.09072880515617253,0.05800694100148736,0.03891918691125434,0.07089737233515121,1.0,0.05280118988596926,0.07362419434804164,0.08230044620723848,0.08899355478433317,0.0961824491819534,0.07288051561725335,0.08824987605354487,0.09593455627169063,0.10138820029747149,0.03346554288547347,0.029995042141794746,0.028507684680218144,0.025780862667327716,0.0991571641051066,0.0954387704511651,0.12146752602875557,0.024293505205751114,0.0924640555280119,0.02900347050074368,0.05676747645017353
PLAYGROUND_MARGIN,0.052553296975706494,0.09791769955379276,0.03941497273177987,0.0518096182449182,0.12840852751611304,0.17798710956866634,0.1036192364898364,0.0887456618740704,0.053544868616757564,0.05577590480912246,0.059742191373326724,0.10039662865642042,0.09742191373326722,0.3098661378284581,0.03941497273177987,0.2967278135845315,0.05280118988596926,1.0,0.44348041646008923,0.10758552305404065,0.10808130887456618,0.09717402082300446,0.08899355478433317,0.0954387704511651,0.09196826970748637,0.0946950917203768,0.048834903321764996,0.05081804660386713,0.05800694100148736,0.15716410510659395,0.10237977193852256,0.10188398611799702,0.09444719881011403,0.10932077342588002,0.0894893406048587,0.0984134853743183,0.0518096182449182
PLAYGROUND_MIXTURE,0.07362419434804164,0.10857709469509172,0.04338125929598413,0.07015369360436291,0.07982151710461081,0.0954387704511651,0.13807635101636093,0.11502231036192365,0.05007436787307883,0.0495785820525533,0.049826474962816066,0.1308874566187407,0.13981160138820029,0.2721864154685176,0.04338125929598413,0.28681209717402084,0.07362419434804164,0.44348041646008923,1.0,0.12369856222112048,0.11378284581060982,0.12865642042637582,0.11303916707982152,0.131631135349529,0.12667327714427368,0.11303916707982152,0.04338125929598413,0.046355974219137334,0.045364402578086264,0.08329201784828955,0.12394645513138325,0.14005949429846307,0.12741695587506197,0.06395637084779375,0.12592959841348536,0.05999008428358949,0.07015369360436291
PLAYGROUND_UNIFORM,0.08205255329697571,0.15518096182449181,0.11130391670798215,0.13237481408031732,0.0857709469509172,0.08403569657907783,0.2543381259295984,0.19781854238968766,0.06916212196331185,0.05775904809122459,0.059742191373326724,0.2602875557759048,0.2389687654933069,0.12146752602875557,0.11130391670798215,0.15493306891422906,0.08230044620723848,0.10758552305404065,0.12369856222112048,1.0,0.17203767972235995,0.22384729796727815,0.21641051065939515,0.23797719385225583,0.23326722855726326,0.18591968269707487,0.05676747645017353,0.05651958353991076,0.057263262270699056,0.05280118988596926,0.23425880019831433,0.24343083787803668,0.21417947446703026,0.0518096182449182,0.22533465542885472,0.059742191373326724,0.13237481408031732
SKACTIVEML_COST_EMBEDDING,0.08899355478433317,0.13956370847793753,0.07858205255329698,0.08279623202776401,0.0813088745661874,0.07734258800198314,0.16980664352999505,0.15468517600396628,0.05899851264253842,0.06048587010411502,0.06395637084779375,0.16782350024789291,0.1685671789786812,0.12320277640059495,0.07858205255329698,0.1331184928111056,0.08899355478433317,0.10808130887456618,0.11378284581060982,0.17203767972235995,1.0,0.15418939018344074,0.15567674764501735,0.15964303420922163,0.15642042637580567,0.1588993554784333,0.06370847793753098,0.05775904809122459,0.06395637084779375,0.05304908279623203,0.16410510659395142,0.17575607337630145,0.1670798215171046,0.04933068914229053,0.16435299950421417,0.05404065443728309,0.08279623202776401
SKACTIVEML_DAL,0.0961824491819534,0.14774417451660882,0.10808130887456618,0.1212196331184928,0.08006941001487357,0.07535944471988101,0.25384234010907286,0.20079325731284084,0.052553296975706494,0.0495785820525533,0.05924640555280119,0.24690133862171543,0.2449181953396133,0.11403073872087258,0.10808130887456618,0.1502231036192365,0.0961824491819534,0.09717402082300446,0.12865642042637582,0.22384729796727815,0.15418939018344074,1.0,0.1983143282102132,0.2404561229548835,0.24219137332672286,0.19186911254338126,0.053792761527020325,0.058254833911750126,0.058750619732275654,0.04685176003966286,0.2330193356470005,0.2523549826474963,0.21690629647992068,0.045364402578086264,0.221864154685176,0.05304908279623203,0.1212196331184928
SKACTIVEML_DWUS,0.07288051561725335,0.139067922657412,0.11179970252850768,0.10857709469509172,0.07362419434804164,0.07957362419434805,0.25731284085275163,0.17773921665840356,0.052553296975706494,0.05007436787307883,0.05999008428358949,0.2307882994546356,0.22905304908279622,0.11254338125929599,0.11179970252850768,0.13708477937530986,0.07288051561725335,0.08899355478433317,0.11303916707982152,0.21641051065939515,0.15567674764501735,0.1983143282102132,1.0,0.23054040654437283,0.21690629647992068,0.18443232523549827,0.05503222607833416,0.05230540406544373,0.06147744174516609,0.05057015369360436,0.1943480416460089,0.229300941993059,0.1886465047099653,0.04238968765493307,0.21120475954387705,0.05428854734754586,0.10857709469509172
SKACTIVEML_QBC,0.08849776896380764,0.14774417451660882,0.11130391670798215,0.12667327714427368,0.07759048091224591,0.07659890927119484,0.2811105602379772,0.22285572632622708,0.05503222607833416,0.053792761527020325,0.06593951412989589,0.25384234010907286,0.25483391175012393,0.12072384729796728,0.11130391670798215,0.14675260287555775,0.08824987605354487,0.0954387704511651,0.131631135349529,0.23797719385225583,0.15964303420922163,0.2404561229548835,0.23054040654437283,1.0,0.25780862667327714,0.19732275656916212,0.05676747645017353,0.058750619732275654,0.06023797719385226,0.04709965294992563,0.2345066931085771,0.2597917699553793,0.2240951908775409,0.049826474962816066,0.24169558750619732,0.05775904809122459,0.12667327714427368
SKACTIVEML_QBC_VOTE_ENTROPY,0.0961824491819534,0.15071888943976203,0.11328705999008429,0.12592959841348536,0.07114526524541398,0.07882994546355974,0.26425384234010907,0.21492315319781854,0.05304908279623203,0.05453644025780863,0.05999008428358949,0.2449181953396133,0.24590976698066436,0.11527020327218641,0.11328705999008429,0.14898363906792267,0.09593455627169063,0.09196826970748637,0.12667327714427368,0.23326722855726326,0.15642042637580567,0.24219137332672286,0.21690629647992068,0.25780862667327714,1.0,0.1871591472483887,0.05428854734754586,0.06073376301437779,0.05850272682201289,0.048834903321764996,0.2263262270699058,0.2721864154685176,0.229300941993059,0.0458601883986118,0.248388696083292,0.05230540406544373,0.12592959841348536
SKACTIVEML_QUIRE,0.10163609320773426,0.16980664352999505,0.08552305404065444,0.08527516113039167,0.08155676747645017,0.07932573128408528,0.2035200793257313,0.20004957858205255,0.06296479920674268,0.05751115518096182,0.060981655924640554,0.20624690133862172,0.19533961328705998,0.11750123946455131,0.08552305404065444,0.13857213683688646,0.10138820029747149,0.0946950917203768,0.11303916707982152,0.18591968269707487,0.1588993554784333,0.19186911254338126,0.18443232523549827,0.19732275656916212,0.1871591472483887,1.0,0.06668319286068418,0.06593951412989589,0.06792265741199802,0.05552801189885969,0.19905800694100148,0.20376797223599405,0.20004957858205255,0.05503222607833416,0.19162121963311848,0.06420426375805652,0.08527516113039167
SKACTIVEML_US_ENTROPY,0.03346554288547347,0.07238472979672782,0.020823004462072386,0.02404561229548835,0.06841844323252355,0.05999008428358949,0.05676747645017353,0.058750619732275654,0.0805651958353991,0.07015369360436291,0.06470004957858205,0.05651958353991076,0.05899851264253842,0.04784333168071393,0.020823004462072386,0.06569162121963312,0.03346554288547347,0.048834903321764996,0.04338125929598413,0.05676747645017353,0.06370847793753098,0.053792761527020325,0.05503222607833416,0.05676747645017353,0.05428854734754586,0.06668319286068418,1.0,0.7342588001983144,0.721864154685176,0.051065939514129896,0.06420426375805652,0.051065939514129896,0.05503222607833416,0.054784333168071395,0.05651958353991076,0.08676251859196826,0.02404561229548835
SKACTIVEML_US_LC,0.029995042141794746,0.06569162121963312,0.020079325731284084,0.025532969757064948,0.07783837382250867,0.061973227565691624,0.05280118988596926,0.06048587010411502,0.06643529995042141,0.07932573128408528,0.062221120475954385,0.06023797719385226,0.05453644025780863,0.051065939514129896,0.020079325731284084,0.06321269211700545,0.029995042141794746,0.05081804660386713,0.046355974219137334,0.05651958353991076,0.05775904809122459,0.058254833911750126,0.05230540406544373,0.058750619732275654,0.06073376301437779,0.06593951412989589,0.7342588001983144,1.0,0.7342588001983144,0.053792761527020325,0.058750619732275654,0.05230540406544373,0.057263262270699056,0.06494794248884482,0.051313832424392664,0.06470004957858205,0.025532969757064948
SKACTIVEML_US_MARGIN,0.028507684680218144,0.07263262270699058,0.025532969757064948,0.02528507684680218,0.06990580069410014,0.07982151710461081,0.05701536936043629,0.06073376301437779,0.060981655924640554,0.06544372830937036,0.07585523054040655,0.06519583539910759,0.06965790778383739,0.04908279623202776,0.025532969757064948,0.06569162121963312,0.028507684680218144,0.05800694100148736,0.045364402578086264,0.057263262270699056,0.06395637084779375,0.058750619732275654,0.06147744174516609,0.06023797719385226,0.05850272682201289,0.06792265741199802,0.721864154685176,0.7342588001983144,1.0,0.06618740704015866,0.06172533465542886,0.062221120475954385,0.05751115518096182,0.056023797719385225,0.0532969757064948,0.053544868616757564,0.02528507684680218
SMALLTEXT_BREAKINGTIES,0.025780862667327716,0.05999008428358949,0.02107089737233515,0.024293505205751114,0.12072384729796728,0.21839365394149726,0.0458601883986118,0.04833911750123947,0.05552801189885969,0.05428854734754586,0.07139315815567675,0.0495785820525533,0.05280118988596926,0.053792761527020325,0.02107089737233515,0.05999008428358949,0.025780862667327716,0.15716410510659395,0.08329201784828955,0.05280118988596926,0.05304908279623203,0.04685176003966286,0.05057015369360436,0.04709965294992563,0.048834903321764996,0.05552801189885969,0.051065939514129896,0.053792761527020325,0.06618740704015866,1.0,0.045364402578086264,0.053544868616757564,0.04833911750123947,0.7171541893901835,0.049826474962816066,0.7047595438770451,0.024293505205751114
SMALLTEXT_CONTRASTIVEAL,0.09890927119484383,0.15840356965790778,0.10436291522062469,0.11774913237481408,0.07907783837382251,0.07759048091224591,0.24962816063460586,0.22880515617253347,0.06817055032226078,0.0532969757064948,0.056023797719385225,0.22533465542885472,0.2307882994546356,0.12196331184928111,0.10436291522062469,0.1502231036192365,0.0991571641051066,0.10237977193852256,0.12394645513138325,0.23425880019831433,0.16410510659395142,0.2330193356470005,0.1943480416460089,0.2345066931085771,0.2263262270699058,0.19905800694100148,0.06420426375805652,0.058750619732275654,0.06172533465542886,0.045364402578086264,1.0,0.24318294496777393,0.2240951908775409,0.0458601883986118,0.21467526028755576,0.05404065443728309,0.11774913237481408
SMALLTEXT_EMBEDDINGKMEANS,0.0954387704511651,0.15691621219633117,0.11898859692612791,0.1308874566187407,0.08453148239960337,0.08378780366881507,0.29424888448190384,0.2307882994546356,0.05528011898859692,0.05577590480912246,0.06271690629647993,0.2560733763014378,0.27565691621219635,0.11551809618244918,0.11898859692612791,0.1517104610808131,0.0954387704511651,0.10188398611799702,0.14005949429846307,0.24343083787803668,0.17575607337630145,0.2523549826474963,0.229300941993059,0.2597917699553793,0.2721864154685176,0.20376797223599405,0.051065939514129896,0.05230540406544373,0.062221120475954385,0.053544868616757564,0.24318294496777393,1.0,0.2411998016856718,0.04784333168071393,0.24962816063460586,0.05800694100148736,0.1308874566187407
SMALLTEXT_GREEDYCORESET,0.12171541893901834,0.161378284581061,0.11303916707982152,0.11700545364402579,0.07858205255329698,0.07585523054040655,0.24913237481408032,0.21417947446703026,0.06618740704015866,0.05577590480912246,0.060981655924640554,0.2426871591472484,0.2240951908775409,0.10386712940009915,0.11303916707982152,0.1420426375805652,0.12146752602875557,0.09444719881011403,0.12741695587506197,0.21417947446703026,0.1670798215171046,0.21690629647992068,0.1886465047099653,0.2240951908775409,0.229300941993059,0.20004957858205255,0.05503222607833416,0.057263262270699056,0.05751115518096182,0.04833911750123947,0.2240951908775409,0.2411998016856718,1.0,0.0473475458601884,0.22359940505701537,0.057263262270699056,0.11700545364402579
SMALLTEXT_LEASTCONFIDENCE,0.024293505205751114,0.05999008428358949,0.021318790282597918,0.025532969757064948,0.22533465542885472,0.11998016856717898,0.04115022310361924,0.05205751115518096,0.06296479920674268,0.07635101636093208,0.057263262270699056,0.04933068914229053,0.0466038671294001,0.05428854734754586,0.021318790282597918,0.05899851264253842,0.024293505205751114,0.10932077342588002,0.06395637084779375,0.0518096182449182,0.04933068914229053,0.045364402578086264,0.04238968765493307,0.049826474962816066,0.0458601883986118,0.05503222607833416,0.054784333168071395,0.06494794248884482,0.056023797719385225,0.7171541893901835,0.0458601883986118,0.04784333168071393,0.0473475458601884,1.0,0.048834903321764996,0.7283093703520079,0.025532969757064948
SMALLTEXT_LIGHTWEIGHTCORESET,0.09221616261774913,0.1574119980168567,0.10783341596430342,0.1264253842340109,0.07139315815567675,0.07659890927119484,0.26152702032721864,0.21938522558254833,0.05999008428358949,0.053792761527020325,0.06717897868120971,0.24690133862171543,0.24516608824987604,0.11799702528507684,0.10783341596430342,0.153941497273178,0.0924640555280119,0.0894893406048587,0.12592959841348536,0.22533465542885472,0.16435299950421417,0.221864154685176,0.21120475954387705,0.24169558750619732,0.248388696083292,0.19162121963311848,0.05651958353991076,0.051313832424392664,0.0532969757064948,0.049826474962816066,0.21467526028755576,0.24962816063460586,0.22359940505701537,0.048834903321764996,1.0,0.05924640555280119,0.1264253842340109
SMALLTEXT_PREDICTIONENTROPY,0.02900347050074368,0.06519583539910759,0.019583539910758552,0.02404561229548835,0.1301437778879524,0.11031234506693109,0.048834903321764996,0.058254833911750126,0.08378780366881507,0.07263262270699058,0.061973227565691624,0.056023797719385225,0.05775904809122459,0.05800694100148736,0.019583539910758552,0.06172533465542886,0.02900347050074368,0.0984134853743183,0.05999008428358949,0.059742191373326724,0.05404065443728309,0.05304908279623203,0.05428854734754586,0.05775904809122459,0.05230540406544373,0.06420426375805652,0.08676251859196826,0.06470004957858205,0.053544868616757564,0.7047595438770451,0.05404065443728309,0.05800694100148736,0.057263262270699056,0.7283093703520079,0.05924640555280119,1.0,0.02404561229548835
SMALLTEXT_RANDOM,0.05676747645017353,0.07858205255329698,0.06544372830937036,1.0,0.03718393653941497,0.03817550818046604,0.14253842340109074,0.10832920178482895,0.025780862667327716,0.025532969757064948,0.027764005949429845,0.13138324243926625,0.13287059990084282,0.06767476450173525,0.06544372830937036,0.07337630143777887,0.05676747645017353,0.0518096182449182,0.07015369360436291,0.13237481408031732,0.08279623202776401,0.1212196331184928,0.10857709469509172,0.12667327714427368,0.12592959841348536,0.08527516113039167,0.02404561229548835,0.025532969757064948,0.02528507684680218,0.024293505205751114,0.11774913237481408,0.1308874566187407,0.11700545364402579,0.025532969757064948,0.1264253842340109,0.02404561229548835,1.0
