,ALIPY_CORESET_GREEDY,ALIPY_DENSITY_WEIGHTED,ALIPY_GRAPH_DENSITY,ALIPY_RANDOM,ALIPY_UNCERTAINTY_LC,ALIPY_UNCERTAINTY_MM,LIBACT_DWUS,LIBACT_QUIRE,LIBACT_UNCERTAINTY_ENT,LIBACT_UNCERTAINTY_LC,LIBACT_UNCERTAINTY_SM,OPTIMAL_GREEDY_10,OPTIMAL_GREEDY_20,PLAYGROUND_BANDIT,PLAYGROUND_GRAPH_DENSITY,PLAYGROUND_INFORMATIVE_DIVERSE,PLAYGROUND_KCENTER_GREEDY,PLAYGROUND_MARGIN,PLAYGROUND_MIXTURE,PLAYGROUND_UNIFORM,SKACTIVEML_COST_EMBEDDING,SKACTIVEML_DAL,SKACTIVEML_DWUS,SKACTIVEML_QBC,SKACTIVEML_QBC_VOTE_ENTROPY,SKACTIVEML_QUIRE,SKACTIVEML_US_ENTROPY,SKACTIVEML_US_LC,SKACTIVEML_US_MARGIN,SMALLTEXT_BREAKINGTIES,SMALLTEXT_CONTRASTIVEAL,SMALLTEXT_EMBEDDINGKMEANS,SMALLTEXT_GREEDYCORESET,SMALLTEXT_LEASTCONFIDENCE,SMALLTEXT_LIGHTWEIGHTCORESET,SMALLTEXT_PREDICTIONENTROPY,SMALLTEXT_RANDOM
ALIPY_CORESET_GREEDY,1.0,0.18096182449181952,0.11675756073376302,0.12369856222112048,0.13956370847793753,0.12816063460585028,0.0991571641051066,0.16460089241447695,0.12270699058006941,0.12345066931085771,0.11551809618244918,0.1271690629647992,0.11923648983639068,0.14328210213187903,0.11725334655428855,0.14898363906792267,0.9833911750123946,0.13063956370847793,0.14253842340109074,0.13039167079821518,0.15220624690133863,0.14030738720872582,0.11378284581060982,0.11179970252850768,0.1412989588497769,0.15716410510659395,0.13485374318294496,0.1294000991571641,0.11650966782350025,0.11824491819533961,0.11080813088745661,0.1412989588497769,0.18988596926127913,0.131631135349529,0.13138324243926625,0.13187902825979178,0.12369856222112048
ALIPY_DENSITY_WEIGHTED,0.18096182449181952,1.0,0.11006445215666832,0.12171541893901834,0.1499752107089737,0.1405552801189886,0.11204759543877045,0.1980664352999504,0.1383242439266237,0.14377788795240456,0.13485374318294496,0.11279127416955875,0.10262766484878533,0.13634110064452157,0.11031234506693109,0.1479920674268716,0.18963807635101637,0.1353495290034705,0.14105106593951414,0.12270699058006941,0.13485374318294496,0.12543381259295985,0.12518591968269707,0.10956866633614279,0.12617749132374814,0.17848289538919188,0.146504709965295,0.14452156668319285,0.13584531482399603,0.14030738720872582,0.11849281110560238,0.12196331184928111,0.15691621219633117,0.14675260287555775,0.13882002974714924,0.1457610312345067,0.12171541893901834
ALIPY_GRAPH_DENSITY,0.11675756073376302,0.11006445215666832,1.0,0.14080317302925136,0.09816559246405553,0.10312345066931086,0.15815567674764502,0.10089241447694595,0.11006445215666832,0.09643034209221617,0.10832920178482895,0.15592464055528013,0.15146256817055032,0.13336638572136836,0.9982647496281606,0.1301437778879524,0.1264253842340109,0.13187902825979178,0.1353495290034705,0.1663361427863163,0.10981655924640556,0.14452156668319285,0.15840356965790778,0.1360932077342588,0.1611303916707982,0.10485870104115022,0.10609816559246406,0.10634605850272683,0.11056023797719385,0.11130391670798215,0.10064452156668319,0.16881507188894398,0.13658899355478432,0.10585027268220129,0.15468517600396628,0.10783341596430342,0.14005949429846307
ALIPY_RANDOM,0.12369856222112048,0.12171541893901834,0.14080317302925136,1.0,0.12097174020823004,0.12469013386217154,0.11179970252850768,0.11279127416955875,0.11204759543877045,0.11551809618244918,0.12072384729796728,0.18616757560733763,0.17104610808130888,0.1375805651958354,0.14179474467030243,0.14005949429846307,0.13485374318294496,0.12840852751611304,0.1494794248884482,0.18294496777392166,0.12369856222112048,0.15691621219633117,0.12072384729796728,0.1360932077342588,0.17402082300446206,0.11303916707982152,0.11477441745166088,0.11948438274665345,0.1212196331184928,0.11725334655428855,0.11006445215666832,0.1737729300941993,0.14253842340109074,0.11874070401586515,0.16881507188894398,0.11452652454139811,0.9965294992563213
ALIPY_UNCERTAINTY_LC,0.13956370847793753,0.1499752107089737,0.09816559246405553,0.12097174020823004,1.0,0.7407040158651462,0.10014873574615767,0.11675756073376302,0.19856222112047595,0.2449181953396133,0.16385721368368864,0.12171541893901834,0.11675756073376302,0.19930589985126426,0.0991571641051066,0.16187407040158652,0.15146256817055032,0.22731779871095686,0.1760039662865642,0.13138324243926625,0.15592464055528013,0.124194348041646,0.1331184928111056,0.11056023797719385,0.12890431333663857,0.14253842340109074,0.21864154685176004,0.2654933068914229,0.18765493306891423,0.23624194348041647,0.10733763014377788,0.12617749132374814,0.1353495290034705,0.3698562221120476,0.12617749132374814,0.2744174516608825,0.11998016856717898
ALIPY_UNCERTAINTY_MM,0.12816063460585028,0.1405552801189886,0.10312345066931086,0.12469013386217154,0.7407040158651462,1.0,0.09866137828458106,0.10956866633614279,0.16683192860684184,0.17030242935052056,0.24442240951908775,0.12295488349033218,0.11849281110560238,0.21541893901834408,0.10411502231036192,0.16757560733763013,0.1383242439266237,0.2845810609816559,0.2057511155180962,0.1353495290034705,0.14823996033713435,0.13138324243926625,0.13485374318294496,0.11774913237481408,0.12692117005453643,0.1368368864650471,0.18691125433812594,0.1906296479920674,0.26375805651958356,0.3696083292017848,0.10758552305404065,0.13287059990084282,0.13361427863163114,0.23797719385225583,0.12964799206742686,0.22136836886465047,0.12320277640059495
LIBACT_DWUS,0.0991571641051066,0.11204759543877045,0.15815567674764502,0.11179970252850768,0.10014873574615767,0.09866137828458106,1.0,0.11328705999008429,0.09444719881011403,0.09147248388696083,0.0954387704511651,0.07734258800198314,0.07436787307882994,0.11675756073376302,0.15939514129895885,0.10808130887456618,0.10684184432325236,0.11403073872087258,0.10213187902825979,0.1065939514129896,0.1271690629647992,0.10882498760535449,0.1420426375805652,0.12097174020823004,0.11403073872087258,0.11105602379771938,0.11279127416955875,0.10882498760535449,0.10932077342588002,0.09791769955379276,0.12221120475954388,0.1331184928111056,0.12072384729796728,0.09122459097669806,0.11700545364402579,0.0991571641051066,0.11056023797719385
LIBACT_QUIRE,0.16460089241447695,0.1980664352999504,0.10089241447694595,0.11279127416955875,0.11675756073376302,0.10956866633614279,0.11328705999008429,1.0,0.11056023797719385,0.11601388200297472,0.10708973723351513,0.09568666336142786,0.08651462568170551,0.11750123946455131,0.10188398611799702,0.11155180961824492,0.17278135845314824,0.11650966782350025,0.11824491819533961,0.11155180961824492,0.11650966782350025,0.10758552305404065,0.11353495290034706,0.11502231036192365,0.11279127416955875,0.1650966782350025,0.11923648983639068,0.12097174020823004,0.11353495290034706,0.11551809618244918,0.11477441745166088,0.11229548834903322,0.13584531482399603,0.12270699058006941,0.11477441745166088,0.12295488349033218,0.11204759543877045
LIBACT_UNCERTAINTY_ENT,0.12270699058006941,0.1383242439266237,0.11006445215666832,0.11204759543877045,0.19856222112047595,0.16683192860684184,0.09444719881011403,0.11056023797719385,1.0,0.7885473475458602,0.736737729300942,0.11353495290034706,0.11303916707982152,0.16162617749132374,0.11105602379771938,0.16187407040158652,0.13485374318294496,0.15666831928606842,0.14377788795240456,0.13063956370847793,0.15071888943976203,0.12320277640059495,0.12692117005453643,0.11130391670798215,0.12741695587506197,0.13708477937530986,0.23723351512146754,0.18963807635101637,0.16063460585027267,0.24690133862171543,0.10089241447694595,0.124194348041646,0.13510163609320774,0.28383738225086763,0.11973227565691621,0.33093703520079326,0.11105602379771938
LIBACT_UNCERTAINTY_LC,0.12345066931085771,0.14377788795240456,0.09643034209221617,0.11551809618244918,0.2449181953396133,0.17030242935052056,0.09147248388696083,0.11601388200297472,0.7885473475458602,1.0,0.7496281606346058,0.11700545364402579,0.11378284581060982,0.16460089241447695,0.09742191373326722,0.15840356965790778,0.1360932077342588,0.16212196331184928,0.1420426375805652,0.131631135349529,0.15294992563212692,0.11874070401586515,0.12444224095190877,0.10932077342588002,0.11998016856717898,0.13782845810609817,0.18988596926127913,0.2389687654933069,0.16187407040158652,0.25409023301933564,0.10014873574615767,0.12543381259295985,0.13584531482399603,0.33093703520079326,0.12369856222112048,0.2766484878532474,0.11452652454139811
LIBACT_UNCERTAINTY_SM,0.11551809618244918,0.13485374318294496,0.10832920178482895,0.12072384729796728,0.16385721368368864,0.24442240951908775,0.0954387704511651,0.10708973723351513,0.736737729300942,0.7496281606346058,1.0,0.12171541893901834,0.12196331184928111,0.16212196331184928,0.10932077342588002,0.161378284581061,0.12667327714427368,0.16360932077342588,0.1502231036192365,0.13981160138820029,0.14724838869608328,0.13063956370847793,0.12890431333663857,0.11056023797719385,0.1294000991571641,0.12865642042637582,0.1626177491323748,0.16732771442736738,0.23401090728805157,0.3299454635597422,0.0969261279127417,0.1346058502726822,0.12989588497768964,0.25384234010907286,0.12865642042637582,0.2478929102627665,0.11923648983639068
OPTIMAL_GREEDY_10,0.1271690629647992,0.11279127416955875,0.15592464055528013,0.18616757560733763,0.12171541893901834,0.12295488349033218,0.07734258800198314,0.09568666336142786,0.11353495290034706,0.11700545364402579,0.12171541893901834,1.0,0.37902825979176996,0.13956370847793753,0.15691621219633117,0.15319781854238967,0.13634110064452157,0.12592959841348536,0.16187407040158652,0.20128904313336637,0.11898859692612791,0.1760039662865642,0.11774913237481408,0.13658899355478432,0.19360436291522062,0.10510659395141299,0.12022806147744175,0.1249380267724343,0.12320277640059495,0.12369856222112048,0.10262766484878533,0.21417947446703026,0.139067922657412,0.1212196331184928,0.1893901834407536,0.12072384729796728,0.18468021814576102
OPTIMAL_GREEDY_20,0.11923648983639068,0.10262766484878533,0.15146256817055032,0.17104610808130888,0.11675756073376302,0.11849281110560238,0.07436787307882994,0.08651462568170551,0.11303916707982152,0.11378284581060982,0.12196331184928111,0.37902825979176996,1.0,0.13361427863163114,0.15245413981160139,0.15691621219633117,0.12667327714427368,0.1256817055032226,0.16732771442736738,0.20104115022310362,0.10981655924640556,0.16311353495290035,0.11155180961824492,0.13237481408031732,0.17947446703024295,0.09816559246405553,0.11155180961824492,0.11874070401586515,0.11328705999008429,0.12245909766980664,0.08899355478433317,0.20823004462072384,0.12171541893901834,0.12072384729796728,0.1797223599405057,0.11799702528507684,0.16931085770946952
PLAYGROUND_BANDIT,0.14328210213187903,0.13634110064452157,0.13336638572136836,0.1375805651958354,0.19930589985126426,0.21541893901834408,0.11675756073376302,0.11750123946455131,0.16162617749132374,0.16460089241447695,0.16212196331184928,0.13956370847793753,0.13361427863163114,1.0,0.1346058502726822,0.32077342588001984,0.15344571145265246,0.5592464055528011,0.3430837878036688,0.1588993554784333,0.23946455131383243,0.15294992563212692,0.131631135349529,0.13584531482399603,0.1405552801189886,0.161378284581061,0.16360932077342588,0.1650966782350025,0.1611303916707982,0.2077342588001983,0.10634605850272683,0.15121467526028756,0.14923153197818542,0.19186911254338126,0.1487357461576599,0.18815071888943977,0.13634110064452157
PLAYGROUND_GRAPH_DENSITY,0.11725334655428855,0.11031234506693109,0.9982647496281606,0.14179474467030243,0.0991571641051066,0.10411502231036192,0.15939514129895885,0.10188398611799702,0.11105602379771938,0.09742191373326722,0.10932077342588002,0.15691621219633117,0.15245413981160139,0.1346058502726822,1.0,0.13138324243926625,0.12766484878532475,0.1331184928111056,0.13634110064452157,0.16683192860684184,0.11080813088745661,0.1457610312345067,0.15964303420922163,0.13708477937530986,0.16212196331184928,0.10585027268220129,0.10684184432325236,0.10708973723351513,0.11130391670798215,0.11229548834903322,0.10163609320773426,0.16955875061973227,0.13782845810609817,0.10585027268220129,0.15468517600396628,0.10783341596430342,0.14005949429846307
PLAYGROUND_INFORMATIVE_DIVERSE,0.14898363906792267,0.1479920674268716,0.1301437778879524,0.14005949429846307,0.16187407040158652,0.16757560733763013,0.10808130887456618,0.11155180961824492,0.16187407040158652,0.15840356965790778,0.161378284581061,0.15319781854238967,0.15691621219633117,0.32077342588001984,0.13138324243926625,1.0,0.15964303420922163,0.31705503222607834,0.30937035200793256,0.15047099652949925,0.18591968269707487,0.1442736737729301,0.12989588497768964,0.12692117005453643,0.14377788795240456,0.14551313832424392,0.15518096182449181,0.15617253346554288,0.15493306891422906,0.1576598909271195,0.10585027268220129,0.16212196331184928,0.1375805651958354,0.15592464055528013,0.14080317302925136,0.15518096182449181,0.13882002974714924
PLAYGROUND_KCENTER_GREEDY,0.9833911750123946,0.18963807635101637,0.1264253842340109,0.13485374318294496,0.15146256817055032,0.1383242439266237,0.10684184432325236,0.17278135845314824,0.13485374318294496,0.1360932077342588,0.12667327714427368,0.13634110064452157,0.12667327714427368,0.15344571145265246,0.12766484878532475,0.15964303420922163,1.0,0.14154685176003967,0.15245413981160139,0.14005949429846307,0.16038671294000992,0.14848785324739713,0.12394645513138325,0.12047595438770452,0.15146256817055032,0.1670798215171046,0.14551313832424392,0.14030738720872582,0.12617749132374814,0.12915220624690135,0.11650966782350025,0.15121467526028756,0.20104115022310362,0.1427863163113535,0.13857213683688646,0.14253842340109074,0.1338621715418939
PLAYGROUND_MARGIN,0.13063956370847793,0.1353495290034705,0.13187902825979178,0.12840852751611304,0.22731779871095686,0.2845810609816559,0.11403073872087258,0.11650966782350025,0.15666831928606842,0.16212196331184928,0.16360932077342588,0.12592959841348536,0.1256817055032226,0.5592464055528011,0.1331184928111056,0.31705503222607834,0.14154685176003967,1.0,0.46108081308874566,0.1442736737729301,0.23500247892910262,0.13931581556767478,0.13113534952900346,0.1256817055032226,0.1360932077342588,0.16187407040158652,0.1722855726326227,0.16584035696579078,0.17030242935052056,0.28011898859692613,0.10461080813088745,0.14476945959345563,0.13807635101636093,0.221864154685176,0.139067922657412,0.214427367377293,0.1271690629647992
PLAYGROUND_MIXTURE,0.14253842340109074,0.14105106593951414,0.1353495290034705,0.1494794248884482,0.1760039662865642,0.2057511155180962,0.10213187902825979,0.11824491819533961,0.14377788795240456,0.1420426375805652,0.1502231036192365,0.16187407040158652,0.16732771442736738,0.3430837878036688,0.13634110064452157,0.30937035200793256,0.15245413981160139,0.46108081308874566,1.0,0.18616757560733763,0.1789786812097174,0.15939514129895885,0.12766484878532475,0.12890431333663857,0.16460089241447695,0.14675260287555775,0.14923153197818542,0.15071888943976203,0.1554288547347546,0.20401586514625683,0.10733763014377788,0.16807139315815567,0.13634110064452157,0.1752602875557759,0.15468517600396628,0.17055032226078334,0.14848785324739713
PLAYGROUND_UNIFORM,0.13039167079821518,0.12270699058006941,0.1663361427863163,0.18294496777392166,0.13138324243926625,0.1353495290034705,0.1065939514129896,0.11155180961824492,0.13063956370847793,0.131631135349529,0.13981160138820029,0.20128904313336637,0.20104115022310362,0.1588993554784333,0.16683192860684184,0.15047099652949925,0.14005949429846307,0.1442736737729301,0.18616757560733763,1.0,0.1301437778879524,0.16955875061973227,0.1331184928111056,0.14600892414476946,0.18517600396628656,0.12146752602875557,0.12543381259295985,0.12369856222112048,0.1301437778879524,0.13262270699058007,0.11576598909271195,0.19112543381259295,0.15071888943976203,0.12518591968269707,0.18170550322260784,0.12047595438770452,0.18170550322260784
SKACTIVEML_COST_EMBEDDING,0.15220624690133863,0.13485374318294496,0.10981655924640556,0.12369856222112048,0.15592464055528013,0.14823996033713435,0.1271690629647992,0.11650966782350025,0.15071888943976203,0.15294992563212692,0.14724838869608328,0.11898859692612791,0.10981655924640556,0.23946455131383243,0.11080813088745661,0.18591968269707487,0.16038671294000992,0.23500247892910262,0.1789786812097174,0.1301437778879524,1.0,0.13435795736241943,0.12816063460585028,0.12369856222112048,0.12964799206742686,0.17402082300446206,0.15666831928606842,0.15567674764501735,0.1479920674268716,0.15071888943976203,0.10733763014377788,0.1368368864650471,0.14600892414476946,0.14972731779871096,0.13187902825979178,0.15716410510659395,0.12270699058006941
SKACTIVEML_DAL,0.14030738720872582,0.12543381259295985,0.14452156668319285,0.15691621219633117,0.124194348041646,0.13138324243926625,0.10882498760535449,0.10758552305404065,0.12320277640059495,0.11874070401586515,0.13063956370847793,0.1760039662865642,0.16311353495290035,0.15294992563212692,0.1457610312345067,0.1442736737729301,0.14848785324739713,0.13931581556767478,0.15939514129895885,0.16955875061973227,0.13435795736241943,1.0,0.14328210213187903,0.12741695587506197,0.15840356965790778,0.11378284581060982,0.13063956370847793,0.13559742191373328,0.13485374318294496,0.12469013386217154,0.11254338125929599,0.161378284581061,0.14823996033713435,0.12097174020823004,0.16187407040158652,0.11923648983639068,0.15617253346554288
SKACTIVEML_DWUS,0.11378284581060982,0.12518591968269707,0.15840356965790778,0.12072384729796728,0.1331184928111056,0.13485374318294496,0.1420426375805652,0.11353495290034706,0.12692117005453643,0.12444224095190877,0.12890431333663857,0.11774913237481408,0.11155180961824492,0.131631135349529,0.15964303420922163,0.12989588497768964,0.12394645513138325,0.13113534952900346,0.12766484878532475,0.1331184928111056,0.12816063460585028,0.14328210213187903,1.0,0.12766484878532475,0.13287059990084282,0.1271690629647992,0.13113534952900346,0.13634110064452157,0.13634110064452157,0.12890431333663857,0.11328705999008429,0.1360932077342588,0.13807635101636093,0.12518591968269707,0.12692117005453643,0.1264253842340109,0.11998016856717898
SKACTIVEML_QBC,0.11179970252850768,0.10956866633614279,0.1360932077342588,0.1360932077342588,0.11056023797719385,0.11774913237481408,0.12097174020823004,0.11502231036192365,0.11130391670798215,0.10932077342588002,0.11056023797719385,0.13658899355478432,0.13237481408031732,0.13584531482399603,0.13708477937530986,0.12692117005453643,0.12047595438770452,0.1256817055032226,0.12890431333663857,0.14600892414476946,0.12369856222112048,0.12741695587506197,0.12766484878532475,1.0,0.15815567674764502,0.12592959841348536,0.11427863163113534,0.12022806147744175,0.11700545364402579,0.11601388200297472,0.11279127416955875,0.14823996033713435,0.11923648983639068,0.10783341596430342,0.14179474467030243,0.10956866633614279,0.13510163609320774
SKACTIVEML_QBC_VOTE_ENTROPY,0.1412989588497769,0.12617749132374814,0.1611303916707982,0.17402082300446206,0.12890431333663857,0.12692117005453643,0.11403073872087258,0.11279127416955875,0.12741695587506197,0.11998016856717898,0.1294000991571641,0.19360436291522062,0.17947446703024295,0.1405552801189886,0.16212196331184928,0.14377788795240456,0.15146256817055032,0.1360932077342588,0.16460089241447695,0.18517600396628656,0.12964799206742686,0.15840356965790778,0.13287059990084282,0.15815567674764502,1.0,0.12245909766980664,0.13882002974714924,0.1346058502726822,0.1420426375805652,0.1308874566187407,0.11527020327218641,0.1901338621715419,0.1665840356965791,0.1256817055032226,0.17476450173525038,0.1301437778879524,0.17302925136341102
SKACTIVEML_QUIRE,0.15716410510659395,0.17848289538919188,0.10485870104115022,0.11303916707982152,0.14253842340109074,0.1368368864650471,0.11105602379771938,0.1650966782350025,0.13708477937530986,0.13782845810609817,0.12865642042637582,0.10510659395141299,0.09816559246405553,0.161378284581061,0.10585027268220129,0.14551313832424392,0.1670798215171046,0.16187407040158652,0.14675260287555775,0.12146752602875557,0.17402082300446206,0.11378284581060982,0.1271690629647992,0.12592959841348536,0.12245909766980664,1.0,0.1450173525037184,0.1442736737729301,0.13411006445215667,0.13485374318294496,0.11750123946455131,0.11824491819533961,0.15294992563212692,0.14005949429846307,0.13287059990084282,0.1442736737729301,0.11229548834903322
SKACTIVEML_US_ENTROPY,0.13485374318294496,0.146504709965295,0.10609816559246406,0.11477441745166088,0.21864154685176004,0.18691125433812594,0.11279127416955875,0.11923648983639068,0.23723351512146754,0.18988596926127913,0.1626177491323748,0.12022806147744175,0.11155180961824492,0.16360932077342588,0.10684184432325236,0.15518096182449181,0.14551313832424392,0.1722855726326227,0.14923153197818542,0.12543381259295985,0.15666831928606842,0.13063956370847793,0.13113534952900346,0.11427863163113534,0.13882002974714924,0.1450173525037184,1.0,0.7858205255329698,0.7384729796727814,0.17055032226078334,0.10708973723351513,0.1264253842340109,0.1457610312345067,0.19856222112047595,0.12245909766980664,0.2461576598909271,0.11427863163113534
SKACTIVEML_US_LC,0.1294000991571641,0.14452156668319285,0.10634605850272683,0.11948438274665345,0.2654933068914229,0.1906296479920674,0.10882498760535449,0.12097174020823004,0.18963807635101637,0.2389687654933069,0.16732771442736738,0.1249380267724343,0.11874070401586515,0.1650966782350025,0.10708973723351513,0.15617253346554288,0.14030738720872582,0.16584035696579078,0.15071888943976203,0.12369856222112048,0.15567674764501735,0.13559742191373328,0.13634110064452157,0.12022806147744175,0.1346058502726822,0.1442736737729301,0.7858205255329698,1.0,0.7568170550322261,0.17625185919682698,0.11056023797719385,0.13063956370847793,0.14328210213187903,0.2508676251859197,0.12543381259295985,0.20699058006941,0.11898859692612791
SKACTIVEML_US_MARGIN,0.11650966782350025,0.13584531482399603,0.11056023797719385,0.1212196331184928,0.18765493306891423,0.26375805651958356,0.10932077342588002,0.11353495290034706,0.16063460585027267,0.16187407040158652,0.23401090728805157,0.12320277640059495,0.11328705999008429,0.1611303916707982,0.11130391670798215,0.15493306891422906,0.12617749132374814,0.17030242935052056,0.1554288547347546,0.1301437778879524,0.1479920674268716,0.13485374318294496,0.13634110064452157,0.11700545364402579,0.1420426375805652,0.13411006445215667,0.7384729796727814,0.7568170550322261,1.0,0.24913237481408032,0.10436291522062469,0.13361427863163114,0.1375805651958354,0.16906296479920674,0.1301437778879524,0.16410510659395142,0.12022806147744175
SMALLTEXT_BREAKINGTIES,0.11824491819533961,0.14030738720872582,0.11130391670798215,0.11725334655428855,0.23624194348041647,0.3696083292017848,0.09791769955379276,0.11551809618244918,0.24690133862171543,0.25409023301933564,0.3299454635597422,0.12369856222112048,0.12245909766980664,0.2077342588001983,0.11229548834903322,0.1576598909271195,0.12915220624690135,0.28011898859692613,0.20401586514625683,0.13262270699058007,0.15071888943976203,0.12469013386217154,0.12890431333663857,0.11601388200297472,0.1308874566187407,0.13485374318294496,0.17055032226078334,0.17625185919682698,0.24913237481408032,1.0,0.10783341596430342,0.13138324243926625,0.12840852751611304,0.7414476945959345,0.1383242439266237,0.7302925136341101,0.11601388200297472
SMALLTEXT_CONTRASTIVEAL,0.11080813088745661,0.11849281110560238,0.10064452156668319,0.11006445215666832,0.10733763014377788,0.10758552305404065,0.12221120475954388,0.11477441745166088,0.10089241447694595,0.10014873574615767,0.0969261279127417,0.10262766484878533,0.08899355478433317,0.10634605850272683,0.10163609320773426,0.10585027268220129,0.11650966782350025,0.10461080813088745,0.10733763014377788,0.11576598909271195,0.10733763014377788,0.11254338125929599,0.11328705999008429,0.11279127416955875,0.11527020327218641,0.11750123946455131,0.10708973723351513,0.11056023797719385,0.10436291522062469,0.10783341596430342,1.0,0.11700545364402579,0.13187902825979178,0.11179970252850768,0.11948438274665345,0.10832920178482895,0.10932077342588002
SMALLTEXT_EMBEDDINGKMEANS,0.1412989588497769,0.12196331184928111,0.16881507188894398,0.1737729300941993,0.12617749132374814,0.13287059990084282,0.1331184928111056,0.11229548834903322,0.124194348041646,0.12543381259295985,0.1346058502726822,0.21417947446703026,0.20823004462072384,0.15121467526028756,0.16955875061973227,0.16212196331184928,0.15121467526028756,0.14476945959345563,0.16807139315815567,0.19112543381259295,0.1368368864650471,0.161378284581061,0.1360932077342588,0.14823996033713435,0.1901338621715419,0.11824491819533961,0.1264253842340109,0.13063956370847793,0.13361427863163114,0.13138324243926625,0.11700545364402579,1.0,0.15815567674764502,0.1294000991571641,0.19410014873574616,0.12394645513138325,0.17253346554288548
SMALLTEXT_GREEDYCORESET,0.18988596926127913,0.15691621219633117,0.13658899355478432,0.14253842340109074,0.1353495290034705,0.13361427863163114,0.12072384729796728,0.13584531482399603,0.13510163609320774,0.13584531482399603,0.12989588497768964,0.139067922657412,0.12171541893901834,0.14923153197818542,0.13782845810609817,0.1375805651958354,0.20104115022310362,0.13807635101636093,0.13634110064452157,0.15071888943976203,0.14600892414476946,0.14823996033713435,0.13807635101636093,0.11923648983639068,0.1665840356965791,0.15294992563212692,0.1457610312345067,0.14328210213187903,0.1375805651958354,0.12840852751611304,0.13187902825979178,0.15815567674764502,1.0,0.13212692117005453,0.14972731779871096,0.13113534952900346,0.1420426375805652
SMALLTEXT_LEASTCONFIDENCE,0.131631135349529,0.14675260287555775,0.10585027268220129,0.11874070401586515,0.3698562221120476,0.23797719385225583,0.09122459097669806,0.12270699058006941,0.28383738225086763,0.33093703520079326,0.25384234010907286,0.1212196331184928,0.12072384729796728,0.19186911254338126,0.10585027268220129,0.15592464055528013,0.1427863163113535,0.221864154685176,0.1752602875557759,0.12518591968269707,0.14972731779871096,0.12097174020823004,0.12518591968269707,0.10783341596430342,0.1256817055032226,0.14005949429846307,0.19856222112047595,0.2508676251859197,0.16906296479920674,0.7414476945959345,0.11179970252850768,0.1294000991571641,0.13212692117005453,1.0,0.13237481408031732,0.7821021318790282,0.11898859692612791
SMALLTEXT_LIGHTWEIGHTCORESET,0.13138324243926625,0.13882002974714924,0.15468517600396628,0.16881507188894398,0.12617749132374814,0.12964799206742686,0.11700545364402579,0.11477441745166088,0.11973227565691621,0.12369856222112048,0.12865642042637582,0.1893901834407536,0.1797223599405057,0.1487357461576599,0.15468517600396628,0.14080317302925136,0.13857213683688646,0.139067922657412,0.15468517600396628,0.18170550322260784,0.13187902825979178,0.16187407040158652,0.12692117005453643,0.14179474467030243,0.17476450173525038,0.13287059990084282,0.12245909766980664,0.12543381259295985,0.1301437778879524,0.1383242439266237,0.11948438274665345,0.19410014873574616,0.14972731779871096,0.13237481408031732,1.0,0.13287059990084282,0.16980664352999505
SMALLTEXT_PREDICTIONENTROPY,0.13187902825979178,0.1457610312345067,0.10783341596430342,0.11452652454139811,0.2744174516608825,0.22136836886465047,0.0991571641051066,0.12295488349033218,0.33093703520079326,0.2766484878532474,0.2478929102627665,0.12072384729796728,0.11799702528507684,0.18815071888943977,0.10783341596430342,0.15518096182449181,0.14253842340109074,0.214427367377293,0.17055032226078334,0.12047595438770452,0.15716410510659395,0.11923648983639068,0.1264253842340109,0.10956866633614279,0.1301437778879524,0.1442736737729301,0.2461576598909271,0.20699058006941,0.16410510659395142,0.7302925136341101,0.10832920178482895,0.12394645513138325,0.13113534952900346,0.7821021318790282,0.13287059990084282,1.0,0.11576598909271195
SMALLTEXT_RANDOM,0.12369856222112048,0.12171541893901834,0.14005949429846307,0.9965294992563213,0.11998016856717898,0.12320277640059495,0.11056023797719385,0.11204759543877045,0.11105602379771938,0.11452652454139811,0.11923648983639068,0.18468021814576102,0.16931085770946952,0.13634110064452157,0.14005949429846307,0.13882002974714924,0.1338621715418939,0.1271690629647992,0.14848785324739713,0.18170550322260784,0.12270699058006941,0.15617253346554288,0.11998016856717898,0.13510163609320774,0.17302925136341102,0.11229548834903322,0.11427863163113534,0.11898859692612791,0.12022806147744175,0.11601388200297472,0.10932077342588002,0.17253346554288548,0.1420426375805652,0.11898859692612791,0.16980664352999505,0.11576598909271195,1.0
