,ALIPY_CORESET_GREEDY,ALIPY_DENSITY_WEIGHTED,ALIPY_GRAPH_DENSITY,ALIPY_RANDOM,ALIPY_UNCERTAINTY_LC,ALIPY_UNCERTAINTY_MM,LIBACT_DWUS,LIBACT_QUIRE,LIBACT_UNCERTAINTY_ENT,LIBACT_UNCERTAINTY_LC,LIBACT_UNCERTAINTY_SM,OPTIMAL_GREEDY_10,OPTIMAL_GREEDY_20,PLAYGROUND_BANDIT,PLAYGROUND_GRAPH_DENSITY,PLAYGROUND_INFORMATIVE_DIVERSE,PLAYGROUND_KCENTER_GREEDY,PLAYGROUND_MARGIN,PLAYGROUND_MIXTURE,PLAYGROUND_UNIFORM,SKACTIVEML_COST_EMBEDDING,SKACTIVEML_DAL,SKACTIVEML_DWUS,SKACTIVEML_QBC,SKACTIVEML_QBC_VOTE_ENTROPY,SKACTIVEML_QUIRE,SKACTIVEML_US_ENTROPY,SKACTIVEML_US_LC,SKACTIVEML_US_MARGIN,SMALLTEXT_BREAKINGTIES,SMALLTEXT_CONTRASTIVEAL,SMALLTEXT_EMBEDDINGKMEANS,SMALLTEXT_GREEDYCORESET,SMALLTEXT_LEASTCONFIDENCE,SMALLTEXT_LIGHTWEIGHTCORESET,SMALLTEXT_PREDICTIONENTROPY,SMALLTEXT_RANDOM
ALIPY_CORESET_GREEDY,1.0,0.13237481408031732,0.09271194843827467,0.11303916707982152,0.08899355478433317,0.08651462568170551,0.08254833911750124,0.12221120475954388,0.06643529995042141,0.06271690629647993,0.06445215666831929,0.16311353495290035,0.1685671789786812,0.08527516113039167,0.09271194843827467,0.10956866633614279,0.9997521070897373,0.0813088745661874,0.11328705999008429,0.13510163609320774,0.09742191373326722,0.13584531482399603,0.08230044620723848,0.11179970252850768,0.14600892414476946,0.12394645513138325,0.07734258800198314,0.08230044620723848,0.07833415964303421,0.07635101636093208,0.09965294992563213,0.1479920674268716,0.19558750619732276,0.08279623202776401,0.139067922657412,0.07982151710461081,0.11303916707982152
ALIPY_DENSITY_WEIGHTED,0.13237481408031732,1.0,0.0857709469509172,0.09593455627169063,0.12097174020823004,0.11601388200297472,0.12592959841348536,0.16559246405552802,0.10386712940009915,0.10634605850272683,0.11155180961824492,0.14700049578582053,0.14898363906792267,0.11130391670798215,0.0857709469509172,0.0946950917203768,0.13262270699058007,0.09295984134853744,0.10708973723351513,0.1353495290034705,0.12444224095190877,0.1479920674268716,0.1368368864650471,0.10585027268220129,0.13584531482399603,0.17203767972235995,0.11254338125929599,0.11427863163113534,0.11328705999008429,0.10758552305404065,0.11031234506693109,0.13212692117005453,0.14898363906792267,0.11303916707982152,0.13435795736241943,0.11155180961824492,0.09593455627169063
ALIPY_GRAPH_DENSITY,0.09271194843827467,0.0857709469509172,1.0,0.1279127416955875,0.0805651958353991,0.08701041150223103,0.12617749132374814,0.06767476450173525,0.06767476450173525,0.06296479920674268,0.07164105106593951,0.18468021814576102,0.1826970748636589,0.0917203767972236,1.0,0.10733763014377788,0.09271194843827467,0.08180466038671294,0.12245909766980664,0.16757560733763013,0.08750619732275657,0.1360932077342588,0.14377788795240456,0.12964799206742686,0.16063460585027267,0.07957362419434805,0.06147744174516609,0.060981655924640554,0.06618740704015866,0.07263262270699058,0.08477937530986614,0.18542389687654934,0.13435795736241943,0.06494794248884482,0.15443728309370353,0.06668319286068418,0.1279127416955875
ALIPY_RANDOM,0.11303916707982152,0.09593455627169063,0.1279127416955875,1.0,0.08676251859196826,0.09444719881011403,0.1028755577590481,0.09048091224590976,0.07337630143777887,0.07213683688646505,0.07759048091224591,0.23128408527516114,0.236737729300942,0.1065939514129896,0.1279127416955875,0.13435795736241943,0.11328705999008429,0.0969261279127417,0.153941497273178,0.20426375805651958,0.11031234506693109,0.18021814576103123,0.11204759543877045,0.15121467526028756,0.21095686663361427,0.0991571641051066,0.08378780366881507,0.08701041150223103,0.0894893406048587,0.08081308874566187,0.10188398611799702,0.21417947446703026,0.124194348041646,0.07436787307882994,0.19732275656916212,0.07362419434804164,1.0
ALIPY_UNCERTAINTY_LC,0.08899355478433317,0.12097174020823004,0.0805651958353991,0.08676251859196826,1.0,0.7456618740704016,0.08477937530986614,0.07659890927119484,0.1308874566187407,0.16757560733763013,0.11874070401586515,0.14229053049082796,0.1383242439266237,0.17129400099157163,0.0805651958353991,0.12047595438770452,0.08924144769459594,0.20128904313336637,0.15468517600396628,0.13187902825979178,0.12840852751611304,0.12196331184928111,0.11204759543877045,0.10585027268220129,0.1294000991571641,0.10461080813088745,0.16311353495290035,0.1960832920178483,0.14551313832424392,0.22161626177491323,0.08924144769459594,0.12667327714427368,0.10312345066931086,0.3515121467526029,0.12543381259295985,0.2449181953396133,0.08676251859196826
ALIPY_UNCERTAINTY_MM,0.08651462568170551,0.11601388200297472,0.08701041150223103,0.09444719881011403,0.7456618740704016,1.0,0.09221616261774913,0.07858205255329698,0.11080813088745661,0.11725334655428855,0.16980664352999505,0.153941497273178,0.1427863163113535,0.19633118492811105,0.08701041150223103,0.1249380267724343,0.08676251859196826,0.26425384234010907,0.18021814576103123,0.13708477937530986,0.11824491819533961,0.1301437778879524,0.11973227565691621,0.10560237977193852,0.12667327714427368,0.1065939514129896,0.13485374318294496,0.13782845810609817,0.18616757560733763,0.35324739712444225,0.08924144769459594,0.13733267228557264,0.11204759543877045,0.22657411998016858,0.13411006445215667,0.19856222112047595,0.09444719881011403
LIBACT_DWUS,0.08254833911750124,0.12592959841348536,0.12617749132374814,0.1028755577590481,0.08477937530986614,0.09221616261774913,1.0,0.10485870104115022,0.07114526524541398,0.06916212196331185,0.07734258800198314,0.13782845810609817,0.13262270699058007,0.090233019335647,0.12617749132374814,0.07411998016856718,0.08254833911750124,0.07982151710461081,0.08899355478433317,0.12369856222112048,0.10014873574615767,0.12196331184928111,0.16807139315815567,0.12667327714427368,0.1442736737729301,0.11378284581060982,0.07461576598909271,0.07858205255329698,0.08750619732275657,0.07982151710461081,0.11254338125929599,0.16460089241447695,0.11626177491323748,0.07610312345066932,0.13336638572136836,0.07238472979672782,0.1028755577590481
LIBACT_QUIRE,0.12221120475954388,0.16559246405552802,0.06767476450173525,0.09048091224590976,0.07659890927119484,0.07858205255329698,0.10485870104115022,1.0,0.059494298463063956,0.06023797719385226,0.06073376301437779,0.12345066931085771,0.12196331184928111,0.07759048091224591,0.06767476450173525,0.08453148239960337,0.12221120475954388,0.07808626673277144,0.08824987605354487,0.124194348041646,0.07907783837382251,0.10932077342588002,0.10386712940009915,0.09866137828458106,0.11650966782350025,0.1383242439266237,0.06916212196331185,0.06395637084779375,0.07040158651462568,0.06792265741199802,0.11774913237481408,0.11551809618244918,0.1279127416955875,0.06941001487357462,0.11328705999008429,0.06965790778383739,0.09048091224590976
LIBACT_UNCERTAINTY_ENT,0.06643529995042141,0.10386712940009915,0.06767476450173525,0.07337630143777887,0.1308874566187407,0.11080813088745661,0.07114526524541398,0.059494298463063956,1.0,0.7818542389687655,0.7283093703520079,0.10808130887456618,0.10560237977193852,0.08924144769459594,0.06767476450173525,0.10733763014377788,0.06643529995042141,0.07932573128408528,0.0887456618740704,0.09965294992563213,0.09643034209221617,0.10064452156668319,0.10262766484878533,0.08205255329697571,0.10609816559246406,0.09072880515617253,0.17575607337630145,0.13510163609320774,0.10857709469509172,0.17550818046603867,0.07783837382250867,0.10461080813088745,0.08824987605354487,0.20054536440257809,0.09965294992563213,0.248388696083292,0.07337630143777887
LIBACT_UNCERTAINTY_LC,0.06271690629647993,0.10634605850272683,0.06296479920674268,0.07213683688646505,0.16757560733763013,0.11725334655428855,0.06916212196331185,0.06023797719385226,0.7818542389687655,1.0,0.7535944471988101,0.11056023797719385,0.10857709469509172,0.0917203767972236,0.06296479920674268,0.10981655924640556,0.06296479920674268,0.08775409023301933,0.08899355478433317,0.09791769955379276,0.0991571641051066,0.09890927119484383,0.10783341596430342,0.07882994546355974,0.10684184432325236,0.08998512642538424,0.1405552801189886,0.1722855726326227,0.12295488349033218,0.18468021814576102,0.07461576598909271,0.0999008428358949,0.08552305404065444,0.2389687654933069,0.0969261279127417,0.20500743678730787,0.07213683688646505
LIBACT_UNCERTAINTY_SM,0.06445215666831929,0.11155180961824492,0.07164105106593951,0.07759048091224591,0.11874070401586515,0.16980664352999505,0.07734258800198314,0.06073376301437779,0.7283093703520079,0.7535944471988101,1.0,0.12196331184928111,0.12097174020823004,0.09791769955379276,0.07164105106593951,0.11824491819533961,0.06470004957858205,0.0909766980664353,0.09940505701536936,0.11130391670798215,0.09940505701536936,0.10262766484878533,0.11551809618244918,0.09271194843827467,0.11254338125929599,0.08849776896380764,0.11155180961824492,0.12097174020823004,0.16584035696579078,0.24144769459593457,0.07337630143777887,0.10882498760535449,0.09122459097669806,0.18765493306891423,0.11056023797719385,0.1856717897868121,0.07759048091224591
OPTIMAL_GREEDY_10,0.16311353495290035,0.14700049578582053,0.18468021814576102,0.23128408527516114,0.14229053049082796,0.153941497273178,0.13782845810609817,0.12345066931085771,0.10808130887456618,0.11056023797719385,0.12196331184928111,1.0,0.5815567674764501,0.16236985622211206,0.18468021814576102,0.19856222112047595,0.1633614278631631,0.14377788795240456,0.2278135845314824,0.30862667327714427,0.14303420922161625,0.2697074863658899,0.15443728309370353,0.2233515121467526,0.31383242439266235,0.14823996033713435,0.13237481408031732,0.13807635101636093,0.13634110064452157,0.12741695587506197,0.139067922657412,0.341844323252355,0.17674764501735252,0.11403073872087258,0.27615270203272185,0.11576598909271195,0.23128408527516114
OPTIMAL_GREEDY_20,0.1685671789786812,0.14898363906792267,0.1826970748636589,0.236737729300942,0.1383242439266237,0.1427863163113535,0.13262270699058007,0.12196331184928111,0.10560237977193852,0.10857709469509172,0.12097174020823004,0.5815567674764501,1.0,0.15567674764501735,0.1826970748636589,0.19633118492811105,0.16881507188894398,0.13584531482399603,0.22211204759543876,0.307882994546356,0.1442736737729301,0.2669806643529995,0.16807139315815567,0.21789786812097173,0.3222607833415964,0.14898363906792267,0.1331184928111056,0.1360932077342588,0.13956370847793753,0.12964799206742686,0.139067922657412,0.3448190381755082,0.18220128904313337,0.12072384729796728,0.2853247397124442,0.11898859692612791,0.236737729300942
PLAYGROUND_BANDIT,0.08527516113039167,0.11130391670798215,0.0917203767972236,0.1065939514129896,0.17129400099157163,0.19633118492811105,0.090233019335647,0.07759048091224591,0.08924144769459594,0.0917203767972236,0.09791769955379276,0.16236985622211206,0.15567674764501735,1.0,0.0917203767972236,0.34234010907288054,0.08552305404065444,0.6447694595934557,0.38720872583044125,0.15344571145265246,0.21616261774913237,0.1360932077342588,0.10138820029747149,0.12543381259295985,0.14179474467030243,0.1499752107089737,0.11006445215666832,0.11179970252850768,0.11477441745166088,0.17402082300446206,0.09419930589985126,0.1412989588497769,0.10585027268220129,0.1502231036192365,0.1479920674268716,0.14402578086266732,0.1065939514129896
PLAYGROUND_GRAPH_DENSITY,0.09271194843827467,0.0857709469509172,1.0,0.1279127416955875,0.0805651958353991,0.08701041150223103,0.12617749132374814,0.06767476450173525,0.06767476450173525,0.06296479920674268,0.07164105106593951,0.18468021814576102,0.1826970748636589,0.0917203767972236,1.0,0.10733763014377788,0.09271194843827467,0.08180466038671294,0.12245909766980664,0.16757560733763013,0.08750619732275657,0.1360932077342588,0.14377788795240456,0.12964799206742686,0.16063460585027267,0.07957362419434805,0.06147744174516609,0.060981655924640554,0.06618740704015866,0.07263262270699058,0.08477937530986614,0.18542389687654934,0.13435795736241943,0.06494794248884482,0.15443728309370353,0.06668319286068418,0.1279127416955875
PLAYGROUND_INFORMATIVE_DIVERSE,0.10956866633614279,0.0946950917203768,0.10733763014377788,0.13435795736241943,0.12047595438770452,0.1249380267724343,0.07411998016856718,0.08453148239960337,0.10733763014377788,0.10981655924640556,0.11824491819533961,0.19856222112047595,0.19633118492811105,0.34234010907288054,0.10733763014377788,1.0,0.10981655924640556,0.33515121467526027,0.3252354982647496,0.16534457114526524,0.1628656420426376,0.153941497273178,0.11849281110560238,0.13411006445215667,0.1700545364402578,0.12766484878532475,0.11700545364402579,0.11849281110560238,0.12394645513138325,0.11675756073376302,0.10039662865642042,0.17302925136341102,0.11948438274665345,0.11254338125929599,0.15815567674764502,0.11031234506693109,0.13435795736241943
PLAYGROUND_KCENTER_GREEDY,0.9997521070897373,0.13262270699058007,0.09271194843827467,0.11328705999008429,0.08924144769459594,0.08676251859196826,0.08254833911750124,0.12221120475954388,0.06643529995042141,0.06296479920674268,0.06470004957858205,0.1633614278631631,0.16881507188894398,0.08552305404065444,0.09271194843827467,0.10981655924640556,1.0,0.08155676747645017,0.11353495290034706,0.1353495290034705,0.09742191373326722,0.13584531482399603,0.08254833911750124,0.11179970252850768,0.14625681705503224,0.12394645513138325,0.07759048091224591,0.08254833911750124,0.07858205255329698,0.07659890927119484,0.09965294992563213,0.14823996033713435,0.19558750619732276,0.08304412493802678,0.13931581556767478,0.07982151710461081,0.11328705999008429
PLAYGROUND_MARGIN,0.0813088745661874,0.09295984134853744,0.08180466038671294,0.0969261279127417,0.20128904313336637,0.26425384234010907,0.07982151710461081,0.07808626673277144,0.07932573128408528,0.08775409023301933,0.0909766980664353,0.14377788795240456,0.13584531482399603,0.6447694595934557,0.08180466038671294,0.33515121467526027,0.08155676747645017,1.0,0.4707486365889936,0.1375805651958354,0.20674268715914726,0.1249380267724343,0.09965294992563213,0.11774913237481408,0.12444224095190877,0.13584531482399603,0.10411502231036192,0.10684184432325236,0.11204759543877045,0.24764501735250372,0.08973723351512147,0.12444224095190877,0.0984134853743183,0.18988596926127913,0.12692117005453643,0.16831928606841845,0.0969261279127417
PLAYGROUND_MIXTURE,0.11328705999008429,0.10708973723351513,0.12245909766980664,0.153941497273178,0.15468517600396628,0.18021814576103123,0.08899355478433317,0.08824987605354487,0.0887456618740704,0.08899355478433317,0.09940505701536936,0.2278135845314824,0.22211204759543876,0.38720872583044125,0.12245909766980664,0.3252354982647496,0.11353495290034706,0.4707486365889936,1.0,0.21343579573624194,0.16212196331184928,0.17674764501735252,0.11378284581060982,0.14352999504214178,0.19112543381259295,0.12617749132374814,0.11006445215666832,0.10832920178482895,0.11824491819533961,0.16608824987605356,0.1036192364898364,0.19112543381259295,0.12245909766980664,0.14253842340109074,0.1841844323252355,0.13336638572136836,0.153941497273178
PLAYGROUND_UNIFORM,0.13510163609320774,0.1353495290034705,0.16757560733763013,0.20426375805651958,0.13187902825979178,0.13708477937530986,0.12369856222112048,0.124194348041646,0.09965294992563213,0.09791769955379276,0.11130391670798215,0.30862667327714427,0.307882994546356,0.15344571145265246,0.16757560733763013,0.16534457114526524,0.1353495290034705,0.1375805651958354,0.21343579573624194,1.0,0.13435795736241943,0.2131879028259792,0.12741695587506197,0.18468021814576102,0.2627664848785325,0.13658899355478432,0.11279127416955875,0.11155180961824492,0.12270699058006941,0.11452652454139811,0.12816063460585028,0.2654933068914229,0.15592464055528013,0.10932077342588002,0.23425880019831433,0.0999008428358949,0.20426375805651958
SKACTIVEML_COST_EMBEDDING,0.09742191373326722,0.12444224095190877,0.08750619732275657,0.11031234506693109,0.12840852751611304,0.11824491819533961,0.10014873574615767,0.07907783837382251,0.09643034209221617,0.0991571641051066,0.09940505701536936,0.14303420922161625,0.1442736737729301,0.21616261774913237,0.08750619732275657,0.1628656420426376,0.09742191373326722,0.20674268715914726,0.16212196331184928,0.13435795736241943,1.0,0.13187902825979178,0.11056023797719385,0.1212196331184928,0.14030738720872582,0.16162617749132374,0.12072384729796728,0.12072384729796728,0.11179970252850768,0.10386712940009915,0.09494298463063956,0.13782845810609817,0.1065939514129896,0.10560237977193852,0.1375805651958354,0.10857709469509172,0.11031234506693109
SKACTIVEML_DAL,0.13584531482399603,0.1479920674268716,0.1360932077342588,0.18021814576103123,0.12196331184928111,0.1301437778879524,0.12196331184928111,0.10932077342588002,0.10064452156668319,0.09890927119484383,0.10262766484878533,0.2697074863658899,0.2669806643529995,0.1360932077342588,0.1360932077342588,0.153941497273178,0.13584531482399603,0.1249380267724343,0.17674764501735252,0.2131879028259792,0.13187902825979178,1.0,0.15047099652949925,0.16782350024789291,0.23128408527516114,0.1427863163113535,0.11948438274665345,0.12097174020823004,0.12692117005453643,0.11601388200297472,0.13361427863163114,0.22136836886465047,0.15691621219633117,0.11179970252850768,0.20897372335151215,0.10882498760535449,0.18021814576103123
SKACTIVEML_DWUS,0.08230044620723848,0.1368368864650471,0.14377788795240456,0.11204759543877045,0.11204759543877045,0.11973227565691621,0.16807139315815567,0.10386712940009915,0.10262766484878533,0.10783341596430342,0.11551809618244918,0.15443728309370353,0.16807139315815567,0.10138820029747149,0.14377788795240456,0.11849281110560238,0.08254833911750124,0.09965294992563213,0.11378284581060982,0.12741695587506197,0.11056023797719385,0.15047099652949925,1.0,0.12592959841348536,0.1479920674268716,0.11601388200297472,0.10510659395141299,0.10733763014377788,0.11204759543877045,0.10634605850272683,0.11427863163113534,0.17030242935052056,0.11675756073376302,0.0961824491819534,0.13981160138820029,0.0969261279127417,0.11204759543877045
SKACTIVEML_QBC,0.11179970252850768,0.10585027268220129,0.12964799206742686,0.15121467526028756,0.10585027268220129,0.10560237977193852,0.12667327714427368,0.09866137828458106,0.08205255329697571,0.07882994546355974,0.09271194843827467,0.2233515121467526,0.21789786812097173,0.12543381259295985,0.12964799206742686,0.13411006445215667,0.11179970252850768,0.11774913237481408,0.14352999504214178,0.18468021814576102,0.1212196331184928,0.16782350024789291,0.12592959841348536,1.0,0.19856222112047595,0.12394645513138325,0.09816559246405553,0.10163609320773426,0.10708973723351513,0.09072880515617253,0.11551809618244918,0.18591968269707487,0.12245909766980664,0.08403569657907783,0.1722855726326227,0.0813088745661874,0.15121467526028756
SKACTIVEML_QBC_VOTE_ENTROPY,0.14600892414476946,0.13584531482399603,0.16063460585027267,0.21095686663361427,0.1294000991571641,0.12667327714427368,0.1442736737729301,0.11650966782350025,0.10609816559246406,0.10684184432325236,0.11254338125929599,0.31383242439266235,0.3222607833415964,0.14179474467030243,0.16063460585027267,0.1700545364402578,0.14625681705503224,0.12444224095190877,0.19112543381259295,0.2627664848785325,0.14030738720872582,0.23128408527516114,0.1479920674268716,0.19856222112047595,1.0,0.13559742191373328,0.12146752602875557,0.11998016856717898,0.1301437778879524,0.11353495290034706,0.12840852751611304,0.26747645017352506,0.17278135845314824,0.11105602379771938,0.23574615765989093,0.10783341596430342,0.21095686663361427
SKACTIVEML_QUIRE,0.12394645513138325,0.17203767972235995,0.07957362419434805,0.0991571641051066,0.10461080813088745,0.1065939514129896,0.11378284581060982,0.1383242439266237,0.09072880515617253,0.08998512642538424,0.08849776896380764,0.14823996033713435,0.14898363906792267,0.1499752107089737,0.07957362419434805,0.12766484878532475,0.12394645513138325,0.13584531482399603,0.12617749132374814,0.13658899355478432,0.16162617749132374,0.1427863163113535,0.11601388200297472,0.12394645513138325,0.13559742191373328,1.0,0.09965294992563213,0.0984134853743183,0.10163609320773426,0.09271194843827467,0.11179970252850768,0.13187902825979178,0.15319781854238967,0.09568666336142786,0.13212692117005453,0.09370352007932573,0.0991571641051066
SKACTIVEML_US_ENTROPY,0.07734258800198314,0.11254338125929599,0.06147744174516609,0.08378780366881507,0.16311353495290035,0.13485374318294496,0.07461576598909271,0.06916212196331185,0.17575607337630145,0.1405552801189886,0.11155180961824492,0.13237481408031732,0.1331184928111056,0.11006445215666832,0.06147744174516609,0.11700545364402579,0.07759048091224591,0.10411502231036192,0.11006445215666832,0.11279127416955875,0.12072384729796728,0.11948438274665345,0.10510659395141299,0.09816559246405553,0.12146752602875557,0.09965294992563213,1.0,0.7890431333663858,0.7389687654933069,0.11601388200297472,0.0842835894893406,0.11973227565691621,0.10163609320773426,0.14352999504214178,0.11700545364402579,0.18170550322260784,0.08378780366881507
SKACTIVEML_US_LC,0.08230044620723848,0.11427863163113534,0.060981655924640554,0.08701041150223103,0.1960832920178483,0.13782845810609817,0.07858205255329698,0.06395637084779375,0.13510163609320774,0.1722855726326227,0.12097174020823004,0.13807635101636093,0.1360932077342588,0.11179970252850768,0.060981655924640554,0.11849281110560238,0.08254833911750124,0.10684184432325236,0.10832920178482895,0.11155180961824492,0.12072384729796728,0.12097174020823004,0.10733763014377788,0.10163609320773426,0.11998016856717898,0.0984134853743183,0.7890431333663858,1.0,0.7530986613782846,0.12072384729796728,0.08205255329697571,0.11898859692612791,0.0954387704511651,0.17724343083787802,0.11527020327218641,0.1450173525037184,0.08701041150223103
SKACTIVEML_US_MARGIN,0.07833415964303421,0.11328705999008429,0.06618740704015866,0.0894893406048587,0.14551313832424392,0.18616757560733763,0.08750619732275657,0.07040158651462568,0.10857709469509172,0.12295488349033218,0.16584035696579078,0.13634110064452157,0.13956370847793753,0.11477441745166088,0.06618740704015866,0.12394645513138325,0.07858205255329698,0.11204759543877045,0.11824491819533961,0.12270699058006941,0.11179970252850768,0.12692117005453643,0.11204759543877045,0.10708973723351513,0.1301437778879524,0.10163609320773426,0.7389687654933069,0.7530986613782846,1.0,0.1665840356965791,0.08205255329697571,0.12592959841348536,0.1036192364898364,0.12840852751611304,0.12245909766980664,0.11601388200297472,0.0894893406048587
SMALLTEXT_BREAKINGTIES,0.07635101636093208,0.10758552305404065,0.07263262270699058,0.08081308874566187,0.22161626177491323,0.35324739712444225,0.07982151710461081,0.06792265741199802,0.17550818046603867,0.18468021814576102,0.24144769459593457,0.12741695587506197,0.12964799206742686,0.17402082300446206,0.07263262270699058,0.11675756073376302,0.07659890927119484,0.24764501735250372,0.16608824987605356,0.11452652454139811,0.10386712940009915,0.11601388200297472,0.10634605850272683,0.09072880515617253,0.11353495290034706,0.09271194843827467,0.11601388200297472,0.12072384729796728,0.1665840356965791,1.0,0.07535944471988101,0.11948438274665345,0.0954387704511651,0.7471492315319782,0.12543381259295985,0.7255825483391175,0.08081308874566187
SMALLTEXT_CONTRASTIVEAL,0.09965294992563213,0.11031234506693109,0.08477937530986614,0.10188398611799702,0.08924144769459594,0.08924144769459594,0.11254338125929599,0.11774913237481408,0.07783837382250867,0.07461576598909271,0.07337630143777887,0.139067922657412,0.139067922657412,0.09419930589985126,0.08477937530986614,0.10039662865642042,0.09965294992563213,0.08973723351512147,0.1036192364898364,0.12816063460585028,0.09494298463063956,0.13361427863163114,0.11427863163113534,0.11551809618244918,0.12840852751611304,0.11179970252850768,0.0842835894893406,0.08205255329697571,0.08205255329697571,0.07535944471988101,1.0,0.1353495290034705,0.14476945959345563,0.08453148239960337,0.13187902825979178,0.08230044620723848,0.10188398611799702
SMALLTEXT_EMBEDDINGKMEANS,0.1479920674268716,0.13212692117005453,0.18542389687654934,0.21417947446703026,0.12667327714427368,0.13733267228557264,0.16460089241447695,0.11551809618244918,0.10461080813088745,0.0999008428358949,0.10882498760535449,0.341844323252355,0.3448190381755082,0.1412989588497769,0.18542389687654934,0.17302925136341102,0.14823996033713435,0.12444224095190877,0.19112543381259295,0.2654933068914229,0.13782845810609817,0.22136836886465047,0.17030242935052056,0.18591968269707487,0.26747645017352506,0.13187902825979178,0.11973227565691621,0.11898859692612791,0.12592959841348536,0.11948438274665345,0.1353495290034705,1.0,0.15418939018344074,0.11403073872087258,0.2518591968269707,0.11452652454139811,0.21417947446703026
SMALLTEXT_GREEDYCORESET,0.19558750619732276,0.14898363906792267,0.13435795736241943,0.124194348041646,0.10312345066931086,0.11204759543877045,0.11626177491323748,0.1279127416955875,0.08824987605354487,0.08552305404065444,0.09122459097669806,0.17674764501735252,0.18220128904313337,0.10585027268220129,0.13435795736241943,0.11948438274665345,0.19558750619732276,0.0984134853743183,0.12245909766980664,0.15592464055528013,0.1065939514129896,0.15691621219633117,0.11675756073376302,0.12245909766980664,0.17278135845314824,0.15319781854238967,0.10163609320773426,0.0954387704511651,0.1036192364898364,0.0954387704511651,0.14476945959345563,0.15418939018344074,1.0,0.09419930589985126,0.16038671294000992,0.09643034209221617,0.124194348041646
SMALLTEXT_LEASTCONFIDENCE,0.08279623202776401,0.11303916707982152,0.06494794248884482,0.07436787307882994,0.3515121467526029,0.22657411998016858,0.07610312345066932,0.06941001487357462,0.20054536440257809,0.2389687654933069,0.18765493306891423,0.11403073872087258,0.12072384729796728,0.1502231036192365,0.06494794248884482,0.11254338125929599,0.08304412493802678,0.18988596926127913,0.14253842340109074,0.10932077342588002,0.10560237977193852,0.11179970252850768,0.0961824491819534,0.08403569657907783,0.11105602379771938,0.09568666336142786,0.14352999504214178,0.17724343083787802,0.12840852751611304,0.7471492315319782,0.08453148239960337,0.11403073872087258,0.09419930589985126,1.0,0.10956866633614279,0.7744174516608825,0.07436787307882994
SMALLTEXT_LIGHTWEIGHTCORESET,0.139067922657412,0.13435795736241943,0.15443728309370353,0.19732275656916212,0.12543381259295985,0.13411006445215667,0.13336638572136836,0.11328705999008429,0.09965294992563213,0.0969261279127417,0.11056023797719385,0.27615270203272185,0.2853247397124442,0.1479920674268716,0.15443728309370353,0.15815567674764502,0.13931581556767478,0.12692117005453643,0.1841844323252355,0.23425880019831433,0.1375805651958354,0.20897372335151215,0.13981160138820029,0.1722855726326227,0.23574615765989093,0.13212692117005453,0.11700545364402579,0.11527020327218641,0.12245909766980664,0.12543381259295985,0.13187902825979178,0.2518591968269707,0.16038671294000992,0.10956866633614279,1.0,0.11031234506693109,0.19732275656916212
SMALLTEXT_PREDICTIONENTROPY,0.07982151710461081,0.11155180961824492,0.06668319286068418,0.07362419434804164,0.2449181953396133,0.19856222112047595,0.07238472979672782,0.06965790778383739,0.248388696083292,0.20500743678730787,0.1856717897868121,0.11576598909271195,0.11898859692612791,0.14402578086266732,0.06668319286068418,0.11031234506693109,0.07982151710461081,0.16831928606841845,0.13336638572136836,0.0999008428358949,0.10857709469509172,0.10882498760535449,0.0969261279127417,0.0813088745661874,0.10783341596430342,0.09370352007932573,0.18170550322260784,0.1450173525037184,0.11601388200297472,0.7255825483391175,0.08230044620723848,0.11452652454139811,0.09643034209221617,0.7744174516608825,0.11031234506693109,1.0,0.07362419434804164
SMALLTEXT_RANDOM,0.11303916707982152,0.09593455627169063,0.1279127416955875,1.0,0.08676251859196826,0.09444719881011403,0.1028755577590481,0.09048091224590976,0.07337630143777887,0.07213683688646505,0.07759048091224591,0.23128408527516114,0.236737729300942,0.1065939514129896,0.1279127416955875,0.13435795736241943,0.11328705999008429,0.0969261279127417,0.153941497273178,0.20426375805651958,0.11031234506693109,0.18021814576103123,0.11204759543877045,0.15121467526028756,0.21095686663361427,0.0991571641051066,0.08378780366881507,0.08701041150223103,0.0894893406048587,0.08081308874566187,0.10188398611799702,0.21417947446703026,0.124194348041646,0.07436787307882994,0.19732275656916212,0.07362419434804164,1.0
