,ALIPY_CORESET_GREEDY,ALIPY_DENSITY_WEIGHTED,ALIPY_GRAPH_DENSITY,ALIPY_RANDOM,ALIPY_UNCERTAINTY_LC,ALIPY_UNCERTAINTY_MM,LIBACT_DWUS,LIBACT_QUIRE,LIBACT_UNCERTAINTY_ENT,LIBACT_UNCERTAINTY_LC,LIBACT_UNCERTAINTY_SM,OPTIMAL_GREEDY_10,OPTIMAL_GREEDY_20,PLAYGROUND_BANDIT,PLAYGROUND_GRAPH_DENSITY,PLAYGROUND_INFORMATIVE_DIVERSE,PLAYGROUND_KCENTER_GREEDY,PLAYGROUND_MARGIN,PLAYGROUND_MIXTURE,PLAYGROUND_UNIFORM,SKACTIVEML_COST_EMBEDDING,SKACTIVEML_DAL,SKACTIVEML_DWUS,SKACTIVEML_QBC,SKACTIVEML_QBC_VOTE_ENTROPY,SKACTIVEML_QUIRE,SKACTIVEML_US_ENTROPY,SKACTIVEML_US_LC,SKACTIVEML_US_MARGIN,SMALLTEXT_BREAKINGTIES,SMALLTEXT_CONTRASTIVEAL,SMALLTEXT_EMBEDDINGKMEANS,SMALLTEXT_GREEDYCORESET,SMALLTEXT_LEASTCONFIDENCE,SMALLTEXT_LIGHTWEIGHTCORESET,SMALLTEXT_PREDICTIONENTROPY,SMALLTEXT_RANDOM
ALIPY_CORESET_GREEDY,1.0,0.09045226130653267,0.01742043551088777,0.060971524288107204,0.037520938023450585,0.03015075376884422,0.09849246231155778,0.11926298157453936,0.02981574539363484,0.02512562814070352,0.02613065326633166,0.10251256281407035,0.10016750418760469,0.05963149078726968,0.01742043551088777,0.0814070351758794,1.0,0.04020100502512563,0.09279731993299832,0.09748743718592964,0.07537688442211055,0.10050251256281408,0.10318257956448912,0.09815745393634841,0.11490787269681742,0.06666666666666667,0.022110552763819097,0.020435510887772193,0.023785594639865997,0.023115577889447236,0.10184254606365159,0.12227805695142378,0.1658291457286432,0.020100502512562814,0.11122278056951423,0.022780569514237858,0.060971524288107204
ALIPY_DENSITY_WEIGHTED,0.09045226130653267,1.0,0.046566164154103855,0.05695142378559464,0.12864321608040202,0.12830820770519263,0.18425460636515914,0.2304857621440536,0.09380234505862646,0.09346733668341708,0.09614740368509213,0.1494137353433836,0.15979899497487438,0.11658291457286432,0.046566164154103855,0.183249581239531,0.09045226130653267,0.1303182579564489,0.1403685092127303,0.14840871021775545,0.1849246231155779,0.16046901172529313,0.19095477386934673,0.16448911222780568,0.14974874371859295,0.20402010050251257,0.09782244556113903,0.09547738693467336,0.09346733668341708,0.08944723618090453,0.22077051926298158,0.17889447236180905,0.17755443886097153,0.0897822445561139,0.15142378559463987,0.09715242881072027,0.05695142378559464
ALIPY_GRAPH_DENSITY,0.01742043551088777,0.046566164154103855,1.0,0.021105527638190954,0.02680067001675042,0.02814070351758794,0.062311557788944726,0.05494137353433836,0.018425460636515914,0.019765494137353432,0.017755443886097153,0.06164154103852596,0.054271356783919596,0.030485762144053602,1.0,0.033165829145728645,0.01742043551088777,0.018090452261306532,0.023115577889447236,0.049916247906197656,0.044221105527638194,0.048576214405360134,0.05728643216080402,0.06063651591289782,0.051926298157453935,0.048576214405360134,0.017755443886097153,0.018090452261306532,0.020770519262981575,0.01407035175879397,0.054271356783919596,0.04522613065326633,0.05058626465661641,0.01474036850921273,0.05661641541038526,0.018760469011725293,0.021105527638190954
ALIPY_RANDOM,0.060971524288107204,0.05695142378559464,0.021105527638190954,1.0,0.022445561139028476,0.02747068676716918,0.09715242881072027,0.07202680067001675,0.01541038525963149,0.011055276381909548,0.01675041876046901,0.09815745393634841,0.09882747068676717,0.039530988274706864,0.021105527638190954,0.0576214405360134,0.060971524288107204,0.035175879396984924,0.07068676716917922,0.08877721943048576,0.049916247906197656,0.09882747068676717,0.07705192629815745,0.08442211055276382,0.09614740368509213,0.04355108877721943,0.01407035175879397,0.01574539363484087,0.01574539363484087,0.017755443886097153,0.0747068676716918,0.11088777219430486,0.09078726968174204,0.01340033500837521,0.10251256281407035,0.018425460636515914,1.0
ALIPY_UNCERTAINTY_LC,0.037520938023450585,0.12864321608040202,0.02680067001675042,0.022445561139028476,1.0,0.7266331658291457,0.08710217755443886,0.11390284757118928,0.09983249581239531,0.11390284757118928,0.09346733668341708,0.08609715242881072,0.0847571189279732,0.09313232830820771,0.02680067001675042,0.10887772194304858,0.037520938023450585,0.18626465661641542,0.11155778894472362,0.07939698492462312,0.1135678391959799,0.0830820770519263,0.08944723618090453,0.08408710217755444,0.07939698492462312,0.12462311557788945,0.10150753768844221,0.10854271356783919,0.09514237855946399,0.17654941373534339,0.11155778894472362,0.0864321608040201,0.0864321608040201,0.30418760469011724,0.07537688442211055,0.19396984924623115,0.022445561139028476
ALIPY_UNCERTAINTY_MM,0.03015075376884422,0.12830820770519263,0.02814070351758794,0.02747068676716918,0.7266331658291457,1.0,0.09715242881072027,0.11390284757118928,0.08408710217755444,0.09849246231155778,0.12127303182579564,0.08509212730318258,0.08107202680067002,0.09078726968174204,0.02814070351758794,0.1068676716917923,0.03015075376884422,0.24690117252931323,0.13768844221105528,0.0847571189279732,0.11256281407035176,0.08509212730318258,0.09279731993299832,0.09212730318257957,0.08944723618090453,0.1202680067001675,0.08911222780569514,0.09547738693467336,0.12763819095477386,0.3068676716917923,0.1102177554438861,0.09246231155778895,0.09045226130653267,0.18190954773869347,0.0747068676716918,0.16817420435510888,0.02747068676716918
LIBACT_DWUS,0.09849246231155778,0.18425460636515914,0.062311557788944726,0.09715242881072027,0.08710217755443886,0.09715242881072027,1.0,0.2492462311557789,0.07102177554438861,0.07102177554438861,0.07839195979899498,0.2020100502512563,0.20636515912897824,0.10385259631490787,0.062311557788944726,0.192964824120603,0.09849246231155778,0.09782244556113903,0.16415410385259632,0.2288107202680067,0.15309882747068676,0.21608040201005024,0.21608040201005024,0.2016750418760469,0.2221105527638191,0.1611390284757119,0.07571189279731994,0.07370184254606366,0.07705192629815745,0.06432160804020101,0.23685092127303184,0.27839195979899495,0.20904522613065327,0.05661641541038526,0.19899497487437187,0.0676716917922948,0.09715242881072027
LIBACT_QUIRE,0.11926298157453936,0.2304857621440536,0.05494137353433836,0.07202680067001675,0.11390284757118928,0.11390284757118928,0.2492462311557789,1.0,0.08844221105527639,0.08174204355108877,0.08073701842546063,0.18894472361809045,0.19497487437185929,0.12629815745393635,0.05494137353433836,0.19430485762144054,0.11926298157453936,0.10954773869346733,0.16046901172529313,0.19128978224455612,0.19095477386934673,0.19899497487437187,0.20804020100502513,0.20938023450586266,0.18525963149078728,0.21608040201005024,0.07772194304857621,0.07202680067001675,0.07671691792294807,0.07202680067001675,0.25862646566164155,0.24187604690117254,0.23082077051926297,0.06901172529313233,0.18592964824120603,0.0814070351758794,0.07202680067001675
LIBACT_UNCERTAINTY_ENT,0.02981574539363484,0.09380234505862646,0.018425460636515914,0.01541038525963149,0.09983249581239531,0.08408710217755444,0.07102177554438861,0.08844221105527639,1.0,0.7460636515912897,0.7249581239530988,0.06331658291457286,0.06398659966499162,0.07068676716917922,0.018425460636515914,0.0864321608040201,0.02981574539363484,0.06733668341708543,0.06298157453936348,0.06030150753768844,0.0847571189279732,0.06834170854271357,0.06700167504187604,0.0659966499162479,0.05896147403685092,0.08777219430485762,0.11557788944723618,0.09782244556113903,0.08241206030150754,0.07504187604690117,0.08241206030150754,0.06901172529313233,0.0676716917922948,0.09346733668341708,0.06030150753768844,0.11926298157453936,0.01541038525963149
LIBACT_UNCERTAINTY_LC,0.02512562814070352,0.09346733668341708,0.019765494137353432,0.011055276381909548,0.11390284757118928,0.09849246231155778,0.07102177554438861,0.08174204355108877,0.7460636515912897,1.0,0.7474036850921273,0.0559463986599665,0.05728643216080402,0.07169179229480736,0.019765494137353432,0.09112227805695143,0.02512562814070352,0.07537688442211055,0.06733668341708543,0.0559463986599665,0.08174204355108877,0.05963149078726968,0.06465661641541039,0.07068676716917922,0.05661641541038526,0.09179229480737018,0.1068676716917923,0.11390284757118928,0.09313232830820771,0.08743718592964825,0.07001675041876047,0.060971524288107204,0.061306532663316586,0.10887772194304858,0.06063651591289782,0.10854271356783919,0.011055276381909548
LIBACT_UNCERTAINTY_SM,0.02613065326633166,0.09614740368509213,0.017755443886097153,0.01675041876046901,0.09346733668341708,0.12127303182579564,0.07839195979899498,0.08073701842546063,0.7249581239530988,0.7474036850921273,1.0,0.06030150753768844,0.06633165829145729,0.07705192629815745,0.017755443886097153,0.09313232830820771,0.02613065326633166,0.07671691792294807,0.06867671691792294,0.05795644891122278,0.08743718592964825,0.06968174204355108,0.07370184254606366,0.07571189279731994,0.06063651591289782,0.0847571189279732,0.09547738693467336,0.09514237855946399,0.12428810720268006,0.1135678391959799,0.07906197654941373,0.06666666666666667,0.06298157453936348,0.08241206030150754,0.053266331658291456,0.09112227805695143,0.01675041876046901
OPTIMAL_GREEDY_10,0.10251256281407035,0.1494137353433836,0.06164154103852596,0.09815745393634841,0.08609715242881072,0.08509212730318258,0.2020100502512563,0.18894472361809045,0.06331658291457286,0.0559463986599665,0.06030150753768844,1.0,0.20871021775544388,0.0964824120603015,0.06164154103852596,0.15879396984924624,0.10251256281407035,0.08877721943048576,0.16013400335008376,0.19765494137353434,0.14505862646566164,0.1745393634840871,0.16750418760469013,0.17319932998324958,0.19798994974874373,0.13467336683417086,0.06331658291457286,0.06733668341708543,0.0676716917922948,0.05795644891122278,0.18425460636515914,0.21909547738693466,0.1728643216080402,0.051926298157453935,0.19128978224455612,0.0559463986599665,0.09815745393634841
OPTIMAL_GREEDY_20,0.10016750418760469,0.15979899497487438,0.054271356783919596,0.09882747068676717,0.0847571189279732,0.08107202680067002,0.20636515912897824,0.19497487437185929,0.06398659966499162,0.05728643216080402,0.06633165829145729,0.20871021775544388,1.0,0.09782244556113903,0.054271356783919596,0.16046901172529313,0.10016750418760469,0.09782244556113903,0.15209380234505862,0.1916247906197655,0.14505862646566164,0.20402010050251257,0.1748743718592965,0.18559463986599664,0.19899497487437187,0.1373534338358459,0.0592964824120603,0.06264656616415411,0.06499162479061976,0.0559463986599665,0.17788944723618091,0.22914572864321608,0.1899497487437186,0.0576214405360134,0.19363484087102178,0.06197654941373534,0.09882747068676717
PLAYGROUND_BANDIT,0.05963149078726968,0.11658291457286432,0.030485762144053602,0.039530988274706864,0.09313232830820771,0.09078726968174204,0.10385259631490787,0.12629815745393635,0.07068676716917922,0.07169179229480736,0.07705192629815745,0.0964824120603015,0.09782244556113903,1.0,0.030485762144053602,0.3061976549413735,0.05963149078726968,0.34505862646566166,0.27537688442211056,0.10016750418760469,0.14271356783919598,0.08944723618090453,0.10385259631490787,0.11557788944723618,0.10251256281407035,0.12763819095477386,0.06666666666666667,0.06499162479061976,0.06197654941373534,0.0680067001675042,0.12964824120603016,0.0964824120603015,0.11088777219430486,0.06867671691792294,0.09447236180904522,0.06499162479061976,0.039530988274706864
PLAYGROUND_GRAPH_DENSITY,0.01742043551088777,0.046566164154103855,1.0,0.021105527638190954,0.02680067001675042,0.02814070351758794,0.062311557788944726,0.05494137353433836,0.018425460636515914,0.019765494137353432,0.017755443886097153,0.06164154103852596,0.054271356783919596,0.030485762144053602,1.0,0.033165829145728645,0.01742043551088777,0.018090452261306532,0.023115577889447236,0.049916247906197656,0.044221105527638194,0.048576214405360134,0.05728643216080402,0.06063651591289782,0.051926298157453935,0.048576214405360134,0.017755443886097153,0.018090452261306532,0.020770519262981575,0.01407035175879397,0.054271356783919596,0.04522613065326633,0.05058626465661641,0.01474036850921273,0.05661641541038526,0.018760469011725293,0.021105527638190954
PLAYGROUND_INFORMATIVE_DIVERSE,0.0814070351758794,0.183249581239531,0.033165829145728645,0.0576214405360134,0.10887772194304858,0.1068676716917923,0.192964824120603,0.19430485762144054,0.0864321608040201,0.09112227805695143,0.09313232830820771,0.15879396984924624,0.16046901172529313,0.3061976549413735,0.033165829145728645,1.0,0.0814070351758794,0.33132328308207704,0.366499162479062,0.14472361809045226,0.17889447236180905,0.1577889447236181,0.15577889447236182,0.16515912897822446,0.16817420435510888,0.17252931323283083,0.08107202680067002,0.07504187604690117,0.08174204355108877,0.0743718592964824,0.1812395309882747,0.20871021775544388,0.18090452261306533,0.07269681742043552,0.14639865996649917,0.07370184254606366,0.0576214405360134
PLAYGROUND_KCENTER_GREEDY,1.0,0.09045226130653267,0.01742043551088777,0.060971524288107204,0.037520938023450585,0.03015075376884422,0.09849246231155778,0.11926298157453936,0.02981574539363484,0.02512562814070352,0.02613065326633166,0.10251256281407035,0.10016750418760469,0.05963149078726968,0.01742043551088777,0.0814070351758794,1.0,0.04020100502512563,0.09279731993299832,0.09748743718592964,0.07537688442211055,0.10050251256281408,0.10318257956448912,0.09815745393634841,0.11490787269681742,0.06666666666666667,0.022110552763819097,0.020435510887772193,0.023785594639865997,0.023115577889447236,0.10184254606365159,0.12227805695142378,0.1658291457286432,0.020100502512562814,0.11122278056951423,0.022780569514237858,0.060971524288107204
PLAYGROUND_MARGIN,0.04020100502512563,0.1303182579564489,0.018090452261306532,0.035175879396984924,0.18626465661641542,0.24690117252931323,0.09782244556113903,0.10954773869346733,0.06733668341708543,0.07537688442211055,0.07671691792294807,0.08877721943048576,0.09782244556113903,0.34505862646566166,0.018090452261306532,0.33132328308207704,0.04020100502512563,1.0,0.45996649916247906,0.09681742043551089,0.12428810720268006,0.09748743718592964,0.09380234505862646,0.088107202680067,0.09179229480737018,0.13701842546063653,0.07303182579564489,0.0763819095477387,0.07571189279731994,0.20268006700167504,0.1169179229480737,0.11457286432160804,0.10150753768844221,0.14673366834170853,0.09346733668341708,0.1360134003350084,0.035175879396984924
PLAYGROUND_MIXTURE,0.09279731993299832,0.1403685092127303,0.023115577889447236,0.07068676716917922,0.11155778894472362,0.13768844221105528,0.16415410385259632,0.16046901172529313,0.06298157453936348,0.06733668341708543,0.06867671691792294,0.16013400335008376,0.15209380234505862,0.27537688442211056,0.023115577889447236,0.366499162479062,0.09279731993299832,0.45996649916247906,1.0,0.1541038525963149,0.12864321608040202,0.15309882747068676,0.1303182579564489,0.1390284757118928,0.15577889447236182,0.13366834170854272,0.06197654941373534,0.0592964824120603,0.06499162479061976,0.09815745393634841,0.16683417085427135,0.19497487437185929,0.16716917922948074,0.07537688442211055,0.1574539363484087,0.07705192629815745,0.07068676716917922
PLAYGROUND_UNIFORM,0.09748743718592964,0.14840871021775545,0.049916247906197656,0.08877721943048576,0.07939698492462312,0.0847571189279732,0.2288107202680067,0.19128978224455612,0.06030150753768844,0.0559463986599665,0.05795644891122278,0.19765494137353434,0.1916247906197655,0.10016750418760469,0.049916247906197656,0.14472361809045226,0.09748743718592964,0.09681742043551089,0.1541038525963149,1.0,0.14271356783919598,0.19396984924623115,0.1577889447236181,0.18559463986599664,0.19798994974874373,0.12998324958123952,0.05896147403685092,0.05795644891122278,0.06566164154103853,0.05795644891122278,0.17252931323283083,0.22646566164154103,0.1896147403685092,0.05527638190954774,0.20402010050251257,0.06164154103852596,0.08877721943048576
SKACTIVEML_COST_EMBEDDING,0.07537688442211055,0.1849246231155779,0.044221105527638194,0.049916247906197656,0.1135678391959799,0.11256281407035176,0.15309882747068676,0.19095477386934673,0.0847571189279732,0.08174204355108877,0.08743718592964825,0.14505862646566164,0.14505862646566164,0.14271356783919598,0.044221105527638194,0.17889447236180905,0.07537688442211055,0.12428810720268006,0.12864321608040202,0.14271356783919598,1.0,0.1443886097152429,0.15209380234505862,0.1487437185929648,0.14003350083752095,0.18726968174204356,0.08911222780569514,0.08609715242881072,0.08911222780569514,0.07604690117252931,0.1849246231155779,0.15510887772194304,0.16080402010050251,0.0743718592964824,0.1306532663316583,0.08107202680067002,0.049916247906197656
SKACTIVEML_DAL,0.10050251256281408,0.16046901172529313,0.048576214405360134,0.09882747068676717,0.0830820770519263,0.08509212730318258,0.21608040201005024,0.19899497487437187,0.06834170854271357,0.05963149078726968,0.06968174204355108,0.1745393634840871,0.20402010050251257,0.08944723618090453,0.048576214405360134,0.1577889447236181,0.10050251256281408,0.09748743718592964,0.15309882747068676,0.19396984924623115,0.1443886097152429,1.0,0.15979899497487438,0.19966499162479062,0.21072026800670016,0.12294807370184255,0.05795644891122278,0.060971524288107204,0.06063651591289782,0.05527638190954774,0.18224455611390286,0.240536013400335,0.2033500837520938,0.05661641541038526,0.18626465661641542,0.0576214405360134,0.09882747068676717
SKACTIVEML_DWUS,0.10318257956448912,0.19095477386934673,0.05728643216080402,0.07705192629815745,0.08944723618090453,0.09279731993299832,0.21608040201005024,0.20804020100502513,0.06700167504187604,0.06465661641541039,0.07370184254606366,0.16750418760469013,0.1748743718592965,0.10385259631490787,0.05728643216080402,0.15577889447236182,0.10318257956448912,0.09380234505862646,0.1303182579564489,0.1577889447236181,0.15209380234505862,0.15979899497487438,1.0,0.18023450586264655,0.16549413735343382,0.16348408710217754,0.08174204355108877,0.07604690117252931,0.06901172529313233,0.05728643216080402,0.1849246231155779,0.1916247906197655,0.17185929648241205,0.05494137353433836,0.17319932998324958,0.06365159128978225,0.07705192629815745
SKACTIVEML_QBC,0.09815745393634841,0.16448911222780568,0.06063651591289782,0.08442211055276382,0.08408710217755444,0.09212730318257957,0.2016750418760469,0.20938023450586266,0.0659966499162479,0.07068676716917922,0.07571189279731994,0.17319932998324958,0.18559463986599664,0.11557788944723618,0.06063651591289782,0.16515912897822446,0.09815745393634841,0.088107202680067,0.1390284757118928,0.18559463986599664,0.1487437185929648,0.19966499162479062,0.18023450586264655,1.0,0.2016750418760469,0.1527638190954774,0.07202680067001675,0.07236180904522613,0.07738693467336684,0.06834170854271357,0.17822445561139028,0.21306532663316582,0.19229480737018426,0.05661641541038526,0.18224455611390286,0.07236180904522613,0.08442211055276382
SKACTIVEML_QBC_VOTE_ENTROPY,0.11490787269681742,0.14974874371859295,0.051926298157453935,0.09614740368509213,0.07939698492462312,0.08944723618090453,0.2221105527638191,0.18525963149078728,0.05896147403685092,0.05661641541038526,0.06063651591289782,0.19798994974874373,0.19899497487437187,0.10251256281407035,0.051926298157453935,0.16817420435510888,0.11490787269681742,0.09179229480737018,0.15577889447236182,0.19798994974874373,0.14003350083752095,0.21072026800670016,0.16549413735343382,0.2016750418760469,1.0,0.13098827470686766,0.05896147403685092,0.06465661641541039,0.06700167504187604,0.060971524288107204,0.16415410385259632,0.2442211055276382,0.1879396984924623,0.05226130653266332,0.2013400335008375,0.05728643216080402,0.09614740368509213
SKACTIVEML_QUIRE,0.06666666666666667,0.20402010050251257,0.048576214405360134,0.04355108877721943,0.12462311557788945,0.1202680067001675,0.1611390284757119,0.21608040201005024,0.08777219430485762,0.09179229480737018,0.0847571189279732,0.13467336683417086,0.1373534338358459,0.12763819095477386,0.048576214405360134,0.17252931323283083,0.06666666666666667,0.13701842546063653,0.13366834170854272,0.12998324958123952,0.18726968174204356,0.12294807370184255,0.16348408710217754,0.1527638190954774,0.13098827470686766,1.0,0.08911222780569514,0.09045226130653267,0.08207705192629816,0.08274706867671691,0.1879396984924623,0.1611390284757119,0.15510887772194304,0.07872696817420435,0.12160804020100502,0.09279731993299832,0.04355108877721943
SKACTIVEML_US_ENTROPY,0.022110552763819097,0.09782244556113903,0.017755443886097153,0.01407035175879397,0.10150753768844221,0.08911222780569514,0.07571189279731994,0.07772194304857621,0.11557788944723618,0.1068676716917923,0.09547738693467336,0.06331658291457286,0.0592964824120603,0.06666666666666667,0.017755443886097153,0.08107202680067002,0.022110552763819097,0.07303182579564489,0.06197654941373534,0.05896147403685092,0.08911222780569514,0.05795644891122278,0.08174204355108877,0.07202680067001675,0.05896147403685092,0.08911222780569514,1.0,0.7527638190954774,0.7340033500837521,0.07068676716917922,0.08274706867671691,0.06700167504187604,0.0680067001675042,0.08040201005025126,0.05728643216080402,0.10954773869346733,0.01407035175879397
SKACTIVEML_US_LC,0.020435510887772193,0.09547738693467336,0.018090452261306532,0.01574539363484087,0.10854271356783919,0.09547738693467336,0.07370184254606366,0.07202680067001675,0.09782244556113903,0.11390284757118928,0.09514237855946399,0.06733668341708543,0.06264656616415411,0.06499162479061976,0.018090452261306532,0.07504187604690117,0.020435510887772193,0.0763819095477387,0.0592964824120603,0.05795644891122278,0.08609715242881072,0.060971524288107204,0.07604690117252931,0.07236180904522613,0.06465661641541039,0.09045226130653267,0.7527638190954774,1.0,0.7470686767169179,0.0797319932998325,0.0763819095477387,0.06834170854271357,0.06164154103852596,0.09514237855946399,0.0559463986599665,0.09380234505862646,0.01574539363484087
SKACTIVEML_US_MARGIN,0.023785594639865997,0.09346733668341708,0.020770519262981575,0.01574539363484087,0.09514237855946399,0.12763819095477386,0.07705192629815745,0.07671691792294807,0.08241206030150754,0.09313232830820771,0.12428810720268006,0.0676716917922948,0.06499162479061976,0.06197654941373534,0.020770519262981575,0.08174204355108877,0.023785594639865997,0.07571189279731994,0.06499162479061976,0.06566164154103853,0.08911222780569514,0.06063651591289782,0.06901172529313233,0.07738693467336684,0.06700167504187604,0.08207705192629816,0.7340033500837521,0.7470686767169179,1.0,0.10217755443886097,0.07906197654941373,0.06867671691792294,0.06566164154103853,0.08040201005025126,0.05896147403685092,0.08207705192629816,0.01574539363484087
SMALLTEXT_BREAKINGTIES,0.023115577889447236,0.08944723618090453,0.01407035175879397,0.017755443886097153,0.17654941373534339,0.3068676716917923,0.06432160804020101,0.07202680067001675,0.07504187604690117,0.08743718592964825,0.1135678391959799,0.05795644891122278,0.0559463986599665,0.0680067001675042,0.01407035175879397,0.0743718592964824,0.023115577889447236,0.20268006700167504,0.09815745393634841,0.05795644891122278,0.07604690117252931,0.05527638190954774,0.05728643216080402,0.06834170854271357,0.060971524288107204,0.08274706867671691,0.07068676716917922,0.0797319932998325,0.10217755443886097,1.0,0.06331658291457286,0.062311557788944726,0.05728643216080402,0.7252931323283082,0.046566164154103855,0.7152428810720268,0.017755443886097153
SMALLTEXT_CONTRASTIVEAL,0.10184254606365159,0.22077051926298158,0.054271356783919596,0.0747068676716918,0.11155778894472362,0.1102177554438861,0.23685092127303184,0.25862646566164155,0.08241206030150754,0.07001675041876047,0.07906197654941373,0.18425460636515914,0.17788944723618091,0.12964824120603016,0.054271356783919596,0.1812395309882747,0.10184254606365159,0.1169179229480737,0.16683417085427135,0.17252931323283083,0.1849246231155779,0.18224455611390286,0.1849246231155779,0.17822445561139028,0.16415410385259632,0.1879396984924623,0.08274706867671691,0.0763819095477387,0.07906197654941373,0.06331658291457286,1.0,0.23149078726968175,0.207035175879397,0.06499162479061976,0.17788944723618091,0.07202680067001675,0.0747068676716918
SMALLTEXT_EMBEDDINGKMEANS,0.12227805695142378,0.17889447236180905,0.04522613065326633,0.11088777219430486,0.0864321608040201,0.09246231155778895,0.27839195979899495,0.24187604690117254,0.06901172529313233,0.060971524288107204,0.06666666666666667,0.21909547738693466,0.22914572864321608,0.0964824120603015,0.04522613065326633,0.20871021775544388,0.12227805695142378,0.11457286432160804,0.19497487437185929,0.22646566164154103,0.15510887772194304,0.240536013400335,0.1916247906197655,0.21306532663316582,0.2442211055276382,0.1611390284757119,0.06700167504187604,0.06834170854271357,0.06867671691792294,0.062311557788944726,0.23149078726968175,1.0,0.24690117252931323,0.05561139028475712,0.2338358458961474,0.06901172529313233,0.11088777219430486
SMALLTEXT_GREEDYCORESET,0.1658291457286432,0.17755443886097153,0.05058626465661641,0.09078726968174204,0.0864321608040201,0.09045226130653267,0.20904522613065327,0.23082077051926297,0.0676716917922948,0.061306532663316586,0.06298157453936348,0.1728643216080402,0.1899497487437186,0.11088777219430486,0.05058626465661641,0.18090452261306533,0.1658291457286432,0.10150753768844221,0.16716917922948074,0.1896147403685092,0.16080402010050251,0.2033500837520938,0.17185929648241205,0.19229480737018426,0.1879396984924623,0.15510887772194304,0.0680067001675042,0.06164154103852596,0.06566164154103853,0.05728643216080402,0.207035175879397,0.24690117252931323,1.0,0.0576214405360134,0.19698492462311556,0.06633165829145729,0.09078726968174204
SMALLTEXT_LEASTCONFIDENCE,0.020100502512562814,0.0897822445561139,0.01474036850921273,0.01340033500837521,0.30418760469011724,0.18190954773869347,0.05661641541038526,0.06901172529313233,0.09346733668341708,0.10887772194304858,0.08241206030150754,0.051926298157453935,0.0576214405360134,0.06867671691792294,0.01474036850921273,0.07269681742043552,0.020100502512562814,0.14673366834170853,0.07537688442211055,0.05527638190954774,0.0743718592964824,0.05661641541038526,0.05494137353433836,0.05661641541038526,0.05226130653266332,0.07872696817420435,0.08040201005025126,0.09514237855946399,0.08040201005025126,0.7252931323283082,0.06499162479061976,0.05561139028475712,0.0576214405360134,1.0,0.052931323283082074,0.7433835845896147,0.01340033500837521
SMALLTEXT_LIGHTWEIGHTCORESET,0.11122278056951423,0.15142378559463987,0.05661641541038526,0.10251256281407035,0.07537688442211055,0.0747068676716918,0.19899497487437187,0.18592964824120603,0.06030150753768844,0.06063651591289782,0.053266331658291456,0.19128978224455612,0.19363484087102178,0.09447236180904522,0.05661641541038526,0.14639865996649917,0.11122278056951423,0.09346733668341708,0.1574539363484087,0.20402010050251257,0.1306532663316583,0.18626465661641542,0.17319932998324958,0.18224455611390286,0.2013400335008375,0.12160804020100502,0.05728643216080402,0.0559463986599665,0.05896147403685092,0.046566164154103855,0.17788944723618091,0.2338358458961474,0.19698492462311556,0.052931323283082074,1.0,0.0559463986599665,0.10251256281407035
SMALLTEXT_PREDICTIONENTROPY,0.022780569514237858,0.09715242881072027,0.018760469011725293,0.018425460636515914,0.19396984924623115,0.16817420435510888,0.0676716917922948,0.0814070351758794,0.11926298157453936,0.10854271356783919,0.09112227805695143,0.0559463986599665,0.06197654941373534,0.06499162479061976,0.018760469011725293,0.07370184254606366,0.022780569514237858,0.1360134003350084,0.07705192629815745,0.06164154103852596,0.08107202680067002,0.0576214405360134,0.06365159128978225,0.07236180904522613,0.05728643216080402,0.09279731993299832,0.10954773869346733,0.09380234505862646,0.08207705192629816,0.7152428810720268,0.07202680067001675,0.06901172529313233,0.06633165829145729,0.7433835845896147,0.0559463986599665,1.0,0.018425460636515914
SMALLTEXT_RANDOM,0.060971524288107204,0.05695142378559464,0.021105527638190954,1.0,0.022445561139028476,0.02747068676716918,0.09715242881072027,0.07202680067001675,0.01541038525963149,0.011055276381909548,0.01675041876046901,0.09815745393634841,0.09882747068676717,0.039530988274706864,0.021105527638190954,0.0576214405360134,0.060971524288107204,0.035175879396984924,0.07068676716917922,0.08877721943048576,0.049916247906197656,0.09882747068676717,0.07705192629815745,0.08442211055276382,0.09614740368509213,0.04355108877721943,0.01407035175879397,0.01574539363484087,0.01574539363484087,0.017755443886097153,0.0747068676716918,0.11088777219430486,0.09078726968174204,0.01340033500837521,0.10251256281407035,0.018425460636515914,1.0
