,ALIPY_CORESET_GREEDY,ALIPY_DENSITY_WEIGHTED,ALIPY_GRAPH_DENSITY,ALIPY_RANDOM,ALIPY_UNCERTAINTY_LC,ALIPY_UNCERTAINTY_MM,LIBACT_DWUS,LIBACT_QUIRE,LIBACT_UNCERTAINTY_ENT,LIBACT_UNCERTAINTY_LC,LIBACT_UNCERTAINTY_SM,OPTIMAL_GREEDY_10,OPTIMAL_GREEDY_20,PLAYGROUND_BANDIT,PLAYGROUND_GRAPH_DENSITY,PLAYGROUND_INFORMATIVE_DIVERSE,PLAYGROUND_KCENTER_GREEDY,PLAYGROUND_MARGIN,PLAYGROUND_MIXTURE,PLAYGROUND_UNIFORM,SKACTIVEML_COST_EMBEDDING,SKACTIVEML_DAL,SKACTIVEML_DWUS,SKACTIVEML_QBC,SKACTIVEML_QBC_VOTE_ENTROPY,SKACTIVEML_QUIRE,SKACTIVEML_US_ENTROPY,SKACTIVEML_US_LC,SKACTIVEML_US_MARGIN,SMALLTEXT_BREAKINGTIES,SMALLTEXT_CONTRASTIVEAL,SMALLTEXT_EMBEDDINGKMEANS,SMALLTEXT_GREEDYCORESET,SMALLTEXT_LEASTCONFIDENCE,SMALLTEXT_LIGHTWEIGHTCORESET,SMALLTEXT_PREDICTIONENTROPY,SMALLTEXT_RANDOM
ALIPY_CORESET_GREEDY,1.0,0.11303916707982152,0.057263262270699056,0.10237977193852256,0.045364402578086264,0.0406544372830937,0.12072384729796728,0.1353495290034705,0.03867129400099157,0.03470500743678731,0.034209221616261776,0.13287059990084282,0.14476945959345563,0.0961824491819534,0.057263262270699056,0.12617749132374814,0.9997521070897373,0.07833415964303421,0.10783341596430342,0.13237481408031732,0.10237977193852256,0.14105106593951414,0.11328705999008429,0.1279127416955875,0.14154685176003967,0.11105602379771938,0.03495290034705007,0.03991075855230541,0.03991075855230541,0.03222607833415964,0.11626177491323748,0.14923153197818542,0.1628656420426376,0.033217649975210706,0.13634110064452157,0.031234506693108576,0.10237977193852256
ALIPY_DENSITY_WEIGHTED,0.11303916707982152,1.0,0.08924144769459594,0.0932077342588002,0.07734258800198314,0.07411998016856718,0.19286068418443233,0.20153693604362916,0.06321269211700545,0.06668319286068418,0.06445215666831929,0.16013882002974714,0.1737729300941993,0.1279127416955875,0.08924144769459594,0.14229053049082796,0.11328705999008429,0.10039662865642042,0.1065939514129896,0.17327714427367377,0.15121467526028756,0.17030242935052056,0.17947446703024295,0.16906296479920674,0.16782350024789291,0.16881507188894398,0.06544372830937036,0.06841844323252355,0.06420426375805652,0.05280118988596926,0.1826970748636589,0.1774913237481408,0.18443232523549827,0.05899851264253842,0.18244918195339613,0.06668319286068418,0.0932077342588002
ALIPY_GRAPH_DENSITY,0.057263262270699056,0.08924144769459594,1.0,0.04908279623202776,0.045364402578086264,0.0458601883986118,0.11105602379771938,0.10634605850272683,0.03743182944967774,0.03767972235994051,0.0384234010907288,0.09494298463063956,0.09295984134853744,0.06346058502726822,1.0,0.06544372830937036,0.05701536936043629,0.04189390183440753,0.049826474962816066,0.0850272682201289,0.07982151710461081,0.09419930589985126,0.11279127416955875,0.1036192364898364,0.0969261279127417,0.09072880515617253,0.0384234010907288,0.035696579077838374,0.04015865146256817,0.027764005949429845,0.10386712940009915,0.10089241447694595,0.10585027268220129,0.03148239960337134,0.09419930589985126,0.03495290034705007,0.04908279623202776
ALIPY_RANDOM,0.10237977193852256,0.0932077342588002,0.04908279623202776,1.0,0.04561229548834903,0.0458601883986118,0.13063956370847793,0.12022806147744175,0.036936043629152204,0.036440257808626676,0.035696579077838374,0.16360932077342588,0.15567674764501735,0.10882498760535449,0.04908279623202776,0.11824491819533961,0.10237977193852256,0.08155676747645017,0.12518591968269707,0.15468517600396628,0.10188398611799702,0.14452156668319285,0.11353495290034706,0.1346058502726822,0.15245413981160139,0.10585027268220129,0.035696579077838374,0.03396132870599901,0.0384234010907288,0.03272186415468518,0.11130391670798215,0.15939514129895885,0.13287059990084282,0.031978185423896875,0.14972731779871096,0.033217649975210706,1.0
ALIPY_UNCERTAINTY_LC,0.045364402578086264,0.07734258800198314,0.045364402578086264,0.04561229548834903,1.0,0.7117005453644025,0.07263262270699058,0.06742687159147248,0.05999008428358949,0.07064947942488845,0.05850272682201289,0.06544372830937036,0.06420426375805652,0.07511155180961825,0.045364402578086264,0.058750619732275654,0.045364402578086264,0.11303916707982152,0.06321269211700545,0.06792265741199802,0.07436787307882994,0.06494794248884482,0.07635101636093208,0.07436787307882994,0.06866633614278632,0.08329201784828955,0.059742191373326724,0.07139315815567675,0.06271690629647993,0.10386712940009915,0.07064947942488845,0.07337630143777887,0.07114526524541398,0.20699058006941,0.06841844323252355,0.11452652454139811,0.04561229548834903
ALIPY_UNCERTAINTY_MM,0.0406544372830937,0.07411998016856718,0.0458601883986118,0.0458601883986118,0.7117005453644025,1.0,0.06494794248884482,0.06593951412989589,0.054784333168071395,0.05800694100148736,0.07089737233515121,0.06494794248884482,0.06866633614278632,0.07709469509172037,0.0458601883986118,0.061973227565691624,0.0406544372830937,0.16088249876053545,0.08477937530986614,0.07213683688646505,0.07312840852751612,0.06668319286068418,0.0768468021814576,0.07734258800198314,0.07610312345066932,0.07858205255329698,0.05577590480912246,0.05627169062964799,0.06941001487357462,0.20079325731284084,0.07511155180961825,0.07436787307882994,0.07436787307882994,0.10634605850272683,0.06544372830937036,0.10138820029747149,0.0458601883986118
LIBACT_DWUS,0.12072384729796728,0.19286068418443233,0.11105602379771938,0.13063956370847793,0.07263262270699058,0.06494794248884482,1.0,0.285572632622707,0.06445215666831929,0.05428854734754586,0.06544372830937036,0.24194348041646008,0.2464055528011899,0.1554288547347546,0.11105602379771938,0.1856717897868121,0.12072384729796728,0.10461080813088745,0.146504709965295,0.24169558750619732,0.1826970748636589,0.22979672781358454,0.23822508676251858,0.24343083787803668,0.24293505205751115,0.1938522558254834,0.058750619732275654,0.06246901338621715,0.062221120475954385,0.05057015369360436,0.2270699058006941,0.27565691621219635,0.24938026772434307,0.051065939514129896,0.24863658899355479,0.06246901338621715,0.13063956370847793
LIBACT_QUIRE,0.1353495290034705,0.20153693604362916,0.10634605850272683,0.12022806147744175,0.06742687159147248,0.06593951412989589,0.285572632622707,1.0,0.06643529995042141,0.06643529995042141,0.07362419434804164,0.23128408527516114,0.24814080317302925,0.16410510659395142,0.10634605850272683,0.20823004462072384,0.1353495290034705,0.11502231036192365,0.15146256817055032,0.2528507684680218,0.16732771442736738,0.25706494794248885,0.23698562221120476,0.24219137332672286,0.24293505205751115,0.20847793753098662,0.06792265741199802,0.06717897868120971,0.06742687159147248,0.05800694100148736,0.2518591968269707,0.288795240456123,0.2580565195835399,0.058254833911750126,0.23946455131383243,0.06990580069410014,0.12022806147744175
LIBACT_UNCERTAINTY_ENT,0.03867129400099157,0.06321269211700545,0.03743182944967774,0.036936043629152204,0.05999008428358949,0.054784333168071395,0.06445215666831929,0.06643529995042141,1.0,0.7275656916212196,0.7129400099157164,0.061973227565691624,0.06023797719385226,0.054784333168071395,0.03743182944967774,0.05999008428358949,0.03867129400099157,0.04858701041150223,0.044124938026772434,0.06668319286068418,0.05304908279623203,0.05850272682201289,0.06544372830937036,0.062221120475954385,0.058750619732275654,0.061973227565691624,0.07164105106593951,0.06717897868120971,0.06321269211700545,0.05081804660386713,0.06693108577094695,0.06370847793753098,0.05924640555280119,0.052553296975706494,0.06445215666831929,0.07312840852751612,0.036936043629152204
LIBACT_UNCERTAINTY_LC,0.03470500743678731,0.06668319286068418,0.03767972235994051,0.036440257808626676,0.07064947942488845,0.05800694100148736,0.05428854734754586,0.06643529995042141,0.7275656916212196,1.0,0.7258304412493802,0.05800694100148736,0.05651958353991076,0.052553296975706494,0.03767972235994051,0.049826474962816066,0.03470500743678731,0.04709965294992563,0.0443728309370352,0.05404065443728309,0.0518096182449182,0.05899851264253842,0.05899851264253842,0.056023797719385225,0.05775904809122459,0.07015369360436291,0.06519583539910759,0.06866633614278632,0.06519583539910759,0.05627169062964799,0.062221120475954385,0.058254833911750126,0.060981655924640554,0.06643529995042141,0.058254833911750126,0.07064947942488845,0.036440257808626676
LIBACT_UNCERTAINTY_SM,0.034209221616261776,0.06445215666831929,0.0384234010907288,0.035696579077838374,0.05850272682201289,0.07089737233515121,0.06544372830937036,0.07362419434804164,0.7129400099157164,0.7258304412493802,1.0,0.06048587010411502,0.06321269211700545,0.05850272682201289,0.0384234010907288,0.058750619732275654,0.034209221616261776,0.052553296975706494,0.0451165096678235,0.05775904809122459,0.05404065443728309,0.06147744174516609,0.06593951412989589,0.06767476450173525,0.056023797719385225,0.06271690629647993,0.06147744174516609,0.061973227565691624,0.07114526524541398,0.05999008428358949,0.06668319286068418,0.06370847793753098,0.05676747645017353,0.05304908279623203,0.060981655924640554,0.06767476450173525,0.035696579077838374
OPTIMAL_GREEDY_10,0.13287059990084282,0.16013882002974714,0.09494298463063956,0.16360932077342588,0.06544372830937036,0.06494794248884482,0.24194348041646008,0.23128408527516114,0.061973227565691624,0.05800694100148736,0.06048587010411502,1.0,0.2778879524045612,0.16385721368368864,0.09494298463063956,0.19633118492811105,0.13287059990084282,0.1065939514129896,0.17699553792761527,0.26871591472483886,0.1574119980168567,0.2521070897372335,0.20674268715914726,0.23252354982647497,0.2617749132374814,0.17674764501735252,0.06023797719385226,0.057263262270699056,0.06519583539910759,0.0451165096678235,0.20128904313336637,0.28755577590480913,0.23177987109568665,0.04685176003966286,0.2523549826474963,0.053544868616757564,0.16360932077342588
OPTIMAL_GREEDY_20,0.14476945959345563,0.1737729300941993,0.09295984134853744,0.15567674764501735,0.06420426375805652,0.06866633614278632,0.2464055528011899,0.24814080317302925,0.06023797719385226,0.05651958353991076,0.06321269211700545,0.2778879524045612,1.0,0.16311353495290035,0.09295984134853744,0.20426375805651958,0.14476945959345563,0.10857709469509172,0.17997025285076848,0.2640059494298463,0.1591472483886961,0.25260287555775907,0.20674268715914726,0.2307882994546356,0.2654933068914229,0.17773921665840356,0.05528011898859692,0.0518096182449182,0.061973227565691624,0.043877045116509666,0.19930589985126426,0.2999504214179474,0.23772930094199307,0.04561229548834903,0.24516608824987604,0.05453644025780863,0.15567674764501735
PLAYGROUND_BANDIT,0.0961824491819534,0.1279127416955875,0.06346058502726822,0.10882498760535449,0.07511155180961825,0.07709469509172037,0.1554288547347546,0.16410510659395142,0.054784333168071395,0.052553296975706494,0.05850272682201289,0.16385721368368864,0.16311353495290035,1.0,0.06346058502726822,0.3185423896876549,0.0961824491819534,0.31308874566187406,0.2962320277640059,0.16757560733763013,0.13336638572136836,0.15989092711948438,0.13411006445215667,0.16063460585027267,0.16385721368368864,0.1368368864650471,0.0451165096678235,0.0480912245909767,0.054784333168071395,0.049826474962816066,0.15245413981160139,0.1685671789786812,0.16187407040158652,0.051065939514129896,0.16236985622211206,0.0495785820525533,0.10882498760535449
PLAYGROUND_GRAPH_DENSITY,0.057263262270699056,0.08924144769459594,1.0,0.04908279623202776,0.045364402578086264,0.0458601883986118,0.11105602379771938,0.10634605850272683,0.03743182944967774,0.03767972235994051,0.0384234010907288,0.09494298463063956,0.09295984134853744,0.06346058502726822,1.0,0.06544372830937036,0.05701536936043629,0.04189390183440753,0.049826474962816066,0.0850272682201289,0.07982151710461081,0.09419930589985126,0.11279127416955875,0.1036192364898364,0.0969261279127417,0.09072880515617253,0.0384234010907288,0.035696579077838374,0.04015865146256817,0.027764005949429845,0.10386712940009915,0.10089241447694595,0.10585027268220129,0.03148239960337134,0.09419930589985126,0.03495290034705007,0.04908279623202776
PLAYGROUND_INFORMATIVE_DIVERSE,0.12617749132374814,0.14229053049082796,0.06544372830937036,0.11824491819533961,0.058750619732275654,0.061973227565691624,0.1856717897868121,0.20823004462072384,0.05999008428358949,0.049826474962816066,0.058750619732275654,0.19633118492811105,0.20426375805651958,0.3185423896876549,0.06544372830937036,1.0,0.12592959841348536,0.2627664848785325,0.30937035200793256,0.1998016856717898,0.13708477937530986,0.20054536440257809,0.15815567674764502,0.1834407535944472,0.20823004462072384,0.1574119980168567,0.051313832424392664,0.05404065443728309,0.06048587010411502,0.05230540406544373,0.16534457114526524,0.236737729300942,0.18839861179970252,0.04561229548834903,0.19211700545364402,0.057263262270699056,0.11824491819533961
PLAYGROUND_KCENTER_GREEDY,0.9997521070897373,0.11328705999008429,0.05701536936043629,0.10237977193852256,0.045364402578086264,0.0406544372830937,0.12072384729796728,0.1353495290034705,0.03867129400099157,0.03470500743678731,0.034209221616261776,0.13287059990084282,0.14476945959345563,0.0961824491819534,0.05701536936043629,0.12592959841348536,1.0,0.07833415964303421,0.10783341596430342,0.13237481408031732,0.10237977193852256,0.14080317302925136,0.11328705999008429,0.12766484878532475,0.14154685176003967,0.11130391670798215,0.03495290034705007,0.03991075855230541,0.03991075855230541,0.03222607833415964,0.11626177491323748,0.1494794248884482,0.1628656420426376,0.033217649975210706,0.1360932077342588,0.031234506693108576,0.10237977193852256
PLAYGROUND_MARGIN,0.07833415964303421,0.10039662865642042,0.04189390183440753,0.08155676747645017,0.11303916707982152,0.16088249876053545,0.10461080813088745,0.11502231036192365,0.04858701041150223,0.04709965294992563,0.052553296975706494,0.1065939514129896,0.10857709469509172,0.31308874566187406,0.04189390183440753,0.2627664848785325,0.07833415964303421,1.0,0.43083787803668816,0.10956866633614279,0.0917203767972236,0.11155180961824492,0.10237977193852256,0.1028755577590481,0.11130391670798215,0.10386712940009915,0.04610808130887457,0.047595438770451165,0.04189390183440753,0.14526524541398117,0.10411502231036192,0.11006445215666832,0.09766980664352999,0.09519087754090233,0.11378284581060982,0.0932077342588002,0.08155676747645017
PLAYGROUND_MIXTURE,0.10783341596430342,0.1065939514129896,0.049826474962816066,0.12518591968269707,0.06321269211700545,0.08477937530986614,0.146504709965295,0.15146256817055032,0.044124938026772434,0.0443728309370352,0.0451165096678235,0.17699553792761527,0.17997025285076848,0.2962320277640059,0.049826474962816066,0.30937035200793256,0.10783341596430342,0.43083787803668816,1.0,0.17178978681209717,0.11874070401586515,0.16063460585027267,0.13782845810609817,0.15815567674764502,0.1722855726326227,0.12196331184928111,0.041398116013882005,0.0428854734754586,0.0466038671294001,0.07511155180961825,0.13807635101636093,0.18790282597917699,0.15865146256817056,0.05304908279623203,0.1648487853247397,0.05577590480912246,0.12518591968269707
PLAYGROUND_UNIFORM,0.13237481408031732,0.17327714427367377,0.0850272682201289,0.15468517600396628,0.06792265741199802,0.07213683688646505,0.24169558750619732,0.2528507684680218,0.06668319286068418,0.05404065443728309,0.05775904809122459,0.26871591472483886,0.2640059494298463,0.16757560733763013,0.0850272682201289,0.1998016856717898,0.13237481408031732,0.10956866633614279,0.17178978681209717,1.0,0.16955875061973227,0.25780862667327714,0.2055032226078334,0.23128408527516114,0.25632126921170056,0.1774913237481408,0.05304908279623203,0.056023797719385225,0.06296479920674268,0.0480912245909767,0.20525532969757065,0.2967278135845315,0.24318294496777393,0.04784333168071393,0.248388696083292,0.05503222607833416,0.15468517600396628
SKACTIVEML_COST_EMBEDDING,0.10237977193852256,0.15121467526028756,0.07982151710461081,0.10188398611799702,0.07436787307882994,0.07312840852751612,0.1826970748636589,0.16732771442736738,0.05304908279623203,0.0518096182449182,0.05404065443728309,0.1574119980168567,0.1591472483886961,0.13336638572136836,0.07982151710461081,0.13708477937530986,0.10237977193852256,0.0917203767972236,0.11874070401586515,0.16955875061973227,1.0,0.16236985622211206,0.1628656420426376,0.15716410510659395,0.16757560733763013,0.15418939018344074,0.06048587010411502,0.05627169062964799,0.054784333168071395,0.0473475458601884,0.161378284581061,0.1670798215171046,0.1737729300941993,0.04908279623202776,0.16063460585027267,0.05503222607833416,0.10188398611799702
SKACTIVEML_DAL,0.14105106593951414,0.17030242935052056,0.09419930589985126,0.14452156668319285,0.06494794248884482,0.06668319286068418,0.22979672781358454,0.25706494794248885,0.05850272682201289,0.05899851264253842,0.06147744174516609,0.2521070897372335,0.25260287555775907,0.15989092711948438,0.09419930589985126,0.20054536440257809,0.14080317302925136,0.11155180961824492,0.16063460585027267,0.25780862667327714,0.16236985622211206,1.0,0.2107089737233515,0.23103619236489836,0.2583044124938027,0.16162617749132374,0.05701536936043629,0.05577590480912246,0.06395637084779375,0.047595438770451165,0.21690629647992068,0.2925136341100645,0.23946455131383243,0.04709965294992563,0.236737729300942,0.058750619732275654,0.14452156668319285
SKACTIVEML_DWUS,0.11328705999008429,0.17947446703024295,0.11279127416955875,0.11353495290034706,0.07635101636093208,0.0768468021814576,0.23822508676251858,0.23698562221120476,0.06544372830937036,0.05899851264253842,0.06593951412989589,0.20674268715914726,0.20674268715914726,0.13411006445215667,0.11279127416955875,0.15815567674764502,0.11328705999008429,0.10237977193852256,0.13782845810609817,0.2055032226078334,0.1628656420426376,0.2107089737233515,1.0,0.21839365394149726,0.20500743678730787,0.1797223599405057,0.06668319286068418,0.06246901338621715,0.06866633614278632,0.05057015369360436,0.1998016856717898,0.23797719385225583,0.21988101140307387,0.05156172533465543,0.21740208230044622,0.06792265741199802,0.11353495290034706
SKACTIVEML_QBC,0.1279127416955875,0.16906296479920674,0.1036192364898364,0.1346058502726822,0.07436787307882994,0.07734258800198314,0.24343083787803668,0.24219137332672286,0.062221120475954385,0.056023797719385225,0.06767476450173525,0.23252354982647497,0.2307882994546356,0.16063460585027267,0.1036192364898364,0.1834407535944472,0.12766484878532475,0.1028755577590481,0.15815567674764502,0.23128408527516114,0.15716410510659395,0.23103619236489836,0.21839365394149726,1.0,0.24219137332672286,0.18740704015865145,0.05453644025780863,0.059494298463063956,0.06073376301437779,0.04610808130887457,0.21789786812097173,0.2588001983143282,0.21988101140307387,0.051313832424392664,0.22979672781358454,0.05775904809122459,0.1346058502726822
SKACTIVEML_QBC_VOTE_ENTROPY,0.14154685176003967,0.16782350024789291,0.0969261279127417,0.15245413981160139,0.06866633614278632,0.07610312345066932,0.24293505205751115,0.24293505205751115,0.058750619732275654,0.05775904809122459,0.056023797719385225,0.2617749132374814,0.2654933068914229,0.16385721368368864,0.0969261279127417,0.20823004462072384,0.14154685176003967,0.11130391670798215,0.1722855726326227,0.25632126921170056,0.16757560733763013,0.2583044124938027,0.20500743678730787,0.24219137332672286,1.0,0.17203767972235995,0.05800694100148736,0.05751115518096182,0.061973227565691624,0.049826474962816066,0.21046108081308876,0.2900347050074368,0.24169558750619732,0.04933068914229053,0.24541398116013882,0.05627169062964799,0.15245413981160139
SKACTIVEML_QUIRE,0.11105602379771938,0.16881507188894398,0.09072880515617253,0.10585027268220129,0.08329201784828955,0.07858205255329698,0.1938522558254834,0.20847793753098662,0.061973227565691624,0.07015369360436291,0.06271690629647993,0.17674764501735252,0.17773921665840356,0.1368368864650471,0.09072880515617253,0.1574119980168567,0.11130391670798215,0.10386712940009915,0.12196331184928111,0.1774913237481408,0.15418939018344074,0.16162617749132374,0.1797223599405057,0.18740704015865145,0.17203767972235995,1.0,0.06841844323252355,0.06569162121963312,0.06916212196331185,0.05775904809122459,0.18542389687654934,0.19757064947942488,0.18393653941497273,0.06246901338621715,0.180466038671294,0.06668319286068418,0.10585027268220129
SKACTIVEML_US_ENTROPY,0.03495290034705007,0.06544372830937036,0.0384234010907288,0.035696579077838374,0.059742191373326724,0.05577590480912246,0.058750619732275654,0.06792265741199802,0.07164105106593951,0.06519583539910759,0.06147744174516609,0.06023797719385226,0.05528011898859692,0.0451165096678235,0.0384234010907288,0.051313832424392664,0.03495290034705007,0.04610808130887457,0.041398116013882005,0.05304908279623203,0.06048587010411502,0.05701536936043629,0.06668319286068418,0.05453644025780863,0.05800694100148736,0.06841844323252355,1.0,0.7278135845314824,0.7181457610312345,0.04833911750123947,0.06172533465542886,0.05304908279623203,0.05627169062964799,0.05775904809122459,0.05751115518096182,0.07858205255329698,0.035696579077838374
SKACTIVEML_US_LC,0.03991075855230541,0.06841844323252355,0.035696579077838374,0.03396132870599901,0.07139315815567675,0.05627169062964799,0.06246901338621715,0.06717897868120971,0.06717897868120971,0.06866633614278632,0.061973227565691624,0.057263262270699056,0.0518096182449182,0.0480912245909767,0.035696579077838374,0.05404065443728309,0.03991075855230541,0.047595438770451165,0.0428854734754586,0.056023797719385225,0.05627169062964799,0.05577590480912246,0.06246901338621715,0.059494298463063956,0.05751115518096182,0.06569162121963312,0.7278135845314824,1.0,0.7216162617749132,0.05280118988596926,0.06618740704015866,0.05800694100148736,0.05651958353991076,0.06122954883490332,0.05999008428358949,0.06866633614278632,0.03396132870599901
SKACTIVEML_US_MARGIN,0.03991075855230541,0.06420426375805652,0.04015865146256817,0.0384234010907288,0.06271690629647993,0.06941001487357462,0.062221120475954385,0.06742687159147248,0.06321269211700545,0.06519583539910759,0.07114526524541398,0.06519583539910759,0.061973227565691624,0.054784333168071395,0.04015865146256817,0.06048587010411502,0.03991075855230541,0.04189390183440753,0.0466038671294001,0.06296479920674268,0.054784333168071395,0.06395637084779375,0.06866633614278632,0.06073376301437779,0.061973227565691624,0.06916212196331185,0.7181457610312345,0.7216162617749132,1.0,0.06494794248884482,0.06023797719385226,0.06445215666831929,0.06122954883490332,0.05503222607833416,0.06048587010411502,0.06271690629647993,0.0384234010907288
SMALLTEXT_BREAKINGTIES,0.03222607833415964,0.05280118988596926,0.027764005949429845,0.03272186415468518,0.10386712940009915,0.20079325731284084,0.05057015369360436,0.05800694100148736,0.05081804660386713,0.05627169062964799,0.05999008428358949,0.0451165096678235,0.043877045116509666,0.049826474962816066,0.027764005949429845,0.05230540406544373,0.03222607833415964,0.14526524541398117,0.07511155180961825,0.0480912245909767,0.0473475458601884,0.047595438770451165,0.05057015369360436,0.04610808130887457,0.049826474962816066,0.05775904809122459,0.04833911750123947,0.05280118988596926,0.06494794248884482,1.0,0.04462072384729797,0.050322260783341594,0.052553296975706494,0.7117005453644025,0.04685176003966286,0.7062469013386217,0.03272186415468518
SMALLTEXT_CONTRASTIVEAL,0.11626177491323748,0.1826970748636589,0.10386712940009915,0.11130391670798215,0.07064947942488845,0.07511155180961825,0.2270699058006941,0.2518591968269707,0.06693108577094695,0.062221120475954385,0.06668319286068418,0.20128904313336637,0.19930589985126426,0.15245413981160139,0.10386712940009915,0.16534457114526524,0.11626177491323748,0.10411502231036192,0.13807635101636093,0.20525532969757065,0.161378284581061,0.21690629647992068,0.1998016856717898,0.21789786812097173,0.21046108081308876,0.18542389687654934,0.06172533465542886,0.06618740704015866,0.06023797719385226,0.04462072384729797,1.0,0.23772930094199307,0.22136836886465047,0.05577590480912246,0.21368368864650472,0.05999008428358949,0.11130391670798215
SMALLTEXT_EMBEDDINGKMEANS,0.14923153197818542,0.1774913237481408,0.10089241447694595,0.15939514129895885,0.07337630143777887,0.07436787307882994,0.27565691621219635,0.288795240456123,0.06370847793753098,0.058254833911750126,0.06370847793753098,0.28755577590480913,0.2999504214179474,0.1685671789786812,0.10089241447694595,0.236737729300942,0.1494794248884482,0.11006445215666832,0.18790282597917699,0.2967278135845315,0.1670798215171046,0.2925136341100645,0.23797719385225583,0.2588001983143282,0.2900347050074368,0.19757064947942488,0.05304908279623203,0.05800694100148736,0.06445215666831929,0.050322260783341594,0.23772930094199307,1.0,0.28681209717402084,0.05007436787307883,0.2741695587506197,0.05577590480912246,0.15939514129895885
SMALLTEXT_GREEDYCORESET,0.1628656420426376,0.18443232523549827,0.10585027268220129,0.13287059990084282,0.07114526524541398,0.07436787307882994,0.24938026772434307,0.2580565195835399,0.05924640555280119,0.060981655924640554,0.05676747645017353,0.23177987109568665,0.23772930094199307,0.16187407040158652,0.10585027268220129,0.18839861179970252,0.1628656420426376,0.09766980664352999,0.15865146256817056,0.24318294496777393,0.1737729300941993,0.23946455131383243,0.21988101140307387,0.21988101140307387,0.24169558750619732,0.18393653941497273,0.05627169062964799,0.05651958353991076,0.06122954883490332,0.052553296975706494,0.22136836886465047,0.28681209717402084,1.0,0.05205751115518096,0.2345066931085771,0.0518096182449182,0.13287059990084282
SMALLTEXT_LEASTCONFIDENCE,0.033217649975210706,0.05899851264253842,0.03148239960337134,0.031978185423896875,0.20699058006941,0.10634605850272683,0.051065939514129896,0.058254833911750126,0.052553296975706494,0.06643529995042141,0.05304908279623203,0.04685176003966286,0.04561229548834903,0.051065939514129896,0.03148239960337134,0.04561229548834903,0.033217649975210706,0.09519087754090233,0.05304908279623203,0.04784333168071393,0.04908279623202776,0.04709965294992563,0.05156172533465543,0.051313832424392664,0.04933068914229053,0.06246901338621715,0.05775904809122459,0.06122954883490332,0.05503222607833416,0.7117005453644025,0.05577590480912246,0.05007436787307883,0.05205751115518096,1.0,0.0480912245909767,0.7183936539414972,0.031978185423896875
SMALLTEXT_LIGHTWEIGHTCORESET,0.13634110064452157,0.18244918195339613,0.09419930589985126,0.14972731779871096,0.06841844323252355,0.06544372830937036,0.24863658899355479,0.23946455131383243,0.06445215666831929,0.058254833911750126,0.060981655924640554,0.2523549826474963,0.24516608824987604,0.16236985622211206,0.09419930589985126,0.19211700545364402,0.1360932077342588,0.11378284581060982,0.1648487853247397,0.248388696083292,0.16063460585027267,0.236737729300942,0.21740208230044622,0.22979672781358454,0.24541398116013882,0.180466038671294,0.05751115518096182,0.05999008428358949,0.06048587010411502,0.04685176003966286,0.21368368864650472,0.2741695587506197,0.2345066931085771,0.0480912245909767,1.0,0.058254833911750126,0.14972731779871096
SMALLTEXT_PREDICTIONENTROPY,0.031234506693108576,0.06668319286068418,0.03495290034705007,0.033217649975210706,0.11452652454139811,0.10138820029747149,0.06246901338621715,0.06990580069410014,0.07312840852751612,0.07064947942488845,0.06767476450173525,0.053544868616757564,0.05453644025780863,0.0495785820525533,0.03495290034705007,0.057263262270699056,0.031234506693108576,0.0932077342588002,0.05577590480912246,0.05503222607833416,0.05503222607833416,0.058750619732275654,0.06792265741199802,0.05775904809122459,0.05627169062964799,0.06668319286068418,0.07858205255329698,0.06866633614278632,0.06271690629647993,0.7062469013386217,0.05999008428358949,0.05577590480912246,0.0518096182449182,0.7183936539414972,0.058254833911750126,1.0,0.033217649975210706
SMALLTEXT_RANDOM,0.10237977193852256,0.0932077342588002,0.04908279623202776,1.0,0.04561229548834903,0.0458601883986118,0.13063956370847793,0.12022806147744175,0.036936043629152204,0.036440257808626676,0.035696579077838374,0.16360932077342588,0.15567674764501735,0.10882498760535449,0.04908279623202776,0.11824491819533961,0.10237977193852256,0.08155676747645017,0.12518591968269707,0.15468517600396628,0.10188398611799702,0.14452156668319285,0.11353495290034706,0.1346058502726822,0.15245413981160139,0.10585027268220129,0.035696579077838374,0.03396132870599901,0.0384234010907288,0.03272186415468518,0.11130391670798215,0.15939514129895885,0.13287059990084282,0.031978185423896875,0.14972731779871096,0.033217649975210706,1.0
