,ALIPY_CORESET_GREEDY,ALIPY_DENSITY_WEIGHTED,ALIPY_GRAPH_DENSITY,ALIPY_RANDOM,ALIPY_UNCERTAINTY_LC,ALIPY_UNCERTAINTY_MM,LIBACT_DWUS,LIBACT_QUIRE,LIBACT_UNCERTAINTY_ENT,LIBACT_UNCERTAINTY_LC,LIBACT_UNCERTAINTY_SM,OPTIMAL_GREEDY_10,OPTIMAL_GREEDY_20,PLAYGROUND_BANDIT,PLAYGROUND_GRAPH_DENSITY,PLAYGROUND_INFORMATIVE_DIVERSE,PLAYGROUND_KCENTER_GREEDY,PLAYGROUND_MARGIN,PLAYGROUND_MIXTURE,PLAYGROUND_UNIFORM,SKACTIVEML_COST_EMBEDDING,SKACTIVEML_DAL,SKACTIVEML_DWUS,SKACTIVEML_QBC,SKACTIVEML_QBC_VOTE_ENTROPY,SKACTIVEML_QUIRE,SKACTIVEML_US_ENTROPY,SKACTIVEML_US_LC,SKACTIVEML_US_MARGIN,SMALLTEXT_BREAKINGTIES,SMALLTEXT_CONTRASTIVEAL,SMALLTEXT_EMBEDDINGKMEANS,SMALLTEXT_GREEDYCORESET,SMALLTEXT_LEASTCONFIDENCE,SMALLTEXT_LIGHTWEIGHTCORESET,SMALLTEXT_PREDICTIONENTROPY,SMALLTEXT_RANDOM
ALIPY_CORESET_GREEDY,1.0,0.2057511155180962,0.10485870104115022,0.124194348041646,0.14700049578582053,0.13187902825979178,0.08304412493802678,0.1715418939018344,0.13113534952900346,0.12989588497768964,0.11774913237481408,0.14030738720872582,0.12865642042637582,0.1450173525037184,0.10485870104115022,0.15716410510659395,0.9890927119484383,0.1420426375805652,0.15047099652949925,0.13262270699058007,0.15319781854238967,0.13435795736241943,0.10882498760535449,0.10832920178482895,0.14105106593951414,0.1752602875557759,0.14154685176003967,0.1405552801189886,0.12766484878532475,0.12171541893901834,0.10907288051561725,0.14105106593951414,0.19558750619732276,0.13485374318294496,0.13411006445215667,0.13807635101636093,0.12394645513138325
ALIPY_DENSITY_WEIGHTED,0.2057511155180962,1.0,0.08254833911750124,0.10237977193852256,0.14675260287555775,0.13882002974714924,0.10039662865642042,0.21715418939018344,0.14030738720872582,0.14253842340109074,0.13411006445215667,0.0932077342588002,0.09345562716906297,0.14229053049082796,0.08230044620723848,0.1494794248884482,0.21368368864650472,0.14303420922161625,0.13138324243926625,0.12171541893901834,0.13559742191373328,0.11874070401586515,0.12295488349033218,0.10609816559246406,0.12047595438770452,0.19533961328705998,0.139067922657412,0.14476945959345563,0.13287059990084282,0.14030738720872582,0.11080813088745661,0.11923648983639068,0.15716410510659395,0.14675260287555775,0.12840852751611304,0.1457610312345067,0.10213187902825979
ALIPY_GRAPH_DENSITY,0.10485870104115022,0.08254833911750124,1.0,0.1487357461576599,0.09593455627169063,0.10064452156668319,0.15567674764501735,0.07188894397620228,0.0954387704511651,0.09072880515617253,0.10213187902825979,0.16460089241447695,0.14551313832424392,0.11750123946455131,0.999008428358949,0.1249380267724343,0.1065939514129896,0.11328705999008429,0.1375805651958354,0.16584035696579078,0.10708973723351513,0.1360932077342588,0.15121467526028756,0.12270699058006941,0.16088249876053545,0.0813088745661874,0.09667823500247893,0.09667823500247893,0.10089241447694595,0.1028755577590481,0.08329201784828955,0.1685671789786812,0.12270699058006941,0.09866137828458106,0.16013882002974714,0.10114030738720872,0.14724838869608328
ALIPY_RANDOM,0.124194348041646,0.10237977193852256,0.1487357461576599,1.0,0.12394645513138325,0.12171541893901834,0.09643034209221617,0.09221616261774913,0.11601388200297472,0.11229548834903322,0.11700545364402579,0.1943480416460089,0.18790282597917699,0.14154685176003967,0.1487357461576599,0.15344571145265246,0.12816063460585028,0.13485374318294496,0.16088249876053545,0.18988596926127913,0.11551809618244918,0.15691621219633117,0.11874070401586515,0.12592959841348536,0.18443232523549827,0.09395141298958849,0.11006445215666832,0.10733763014377788,0.11056023797719385,0.11378284581060982,0.09072880515617253,0.18294496777392166,0.13485374318294496,0.11973227565691621,0.18542389687654934,0.10733763014377788,0.9960337134357957
ALIPY_UNCERTAINTY_LC,0.14700049578582053,0.14675260287555775,0.09593455627169063,0.12394645513138325,1.0,0.7476450173525038,0.10188398611799702,0.11675756073376302,0.20153693604362916,0.25409023301933564,0.17625185919682698,0.13361427863163114,0.11874070401586515,0.20971740208230044,0.09643034209221617,0.1611303916707982,0.15245413981160139,0.2389687654933069,0.18914229053049084,0.14005949429846307,0.16410510659395142,0.12667327714427368,0.11923648983639068,0.11601388200297472,0.12469013386217154,0.14377788795240456,0.221864154685176,0.26871591472483886,0.19335647000495787,0.25483391175012393,0.10039662865642042,0.12270699058006941,0.13187902825979178,0.3889439762022806,0.1212196331184928,0.28705999008428357,0.12320277640059495
ALIPY_UNCERTAINTY_MM,0.13187902825979178,0.13882002974714924,0.10064452156668319,0.12171541893901834,0.7476450173525038,1.0,0.10039662865642042,0.10907288051561725,0.17178978681209717,0.180466038671294,0.255825483391175,0.13658899355478432,0.12543381259295985,0.22583044124938026,0.10114030738720872,0.16807139315815567,0.1368368864650471,0.2892910262766485,0.21938522558254833,0.14452156668319285,0.16236985622211206,0.12766484878532475,0.11998016856717898,0.11601388200297472,0.12444224095190877,0.1360932077342588,0.1856717897868121,0.1901338621715419,0.2602875557759048,0.38671294000991574,0.10039662865642042,0.1294000991571641,0.12518591968269707,0.25384234010907286,0.12022806147744175,0.23648983639067922,0.12097174020823004
LIBACT_DWUS,0.08304412493802678,0.10039662865642042,0.15567674764501735,0.09643034209221617,0.10188398611799702,0.10039662865642042,1.0,0.09370352007932573,0.08824987605354487,0.08453148239960337,0.08750619732275657,0.07089737233515121,0.06693108577094695,0.10932077342588002,0.15592464055528013,0.10213187902825979,0.0857709469509172,0.10783341596430342,0.10014873574615767,0.10882498760535449,0.11750123946455131,0.09122459097669806,0.11824491819533961,0.11427863163113534,0.11403073872087258,0.09593455627169063,0.0924640555280119,0.090233019335647,0.09419930589985126,0.09196826970748637,0.10064452156668319,0.11601388200297472,0.10485870104115022,0.09196826970748637,0.10560237977193852,0.0917203767972236,0.0954387704511651
LIBACT_QUIRE,0.1715418939018344,0.21715418939018344,0.07188894397620228,0.09221616261774913,0.11675756073376302,0.10907288051561725,0.09370352007932573,1.0,0.11378284581060982,0.11576598909271195,0.1065939514129896,0.08081308874566187,0.07585523054040655,0.12196331184928111,0.07213683688646505,0.11675756073376302,0.17649975210708974,0.11948438274665345,0.10956866633614279,0.11155180961824492,0.11750123946455131,0.09667823500247893,0.10436291522062469,0.10386712940009915,0.10262766484878533,0.1633614278631631,0.11675756073376302,0.11824491819533961,0.10882498760535449,0.10684184432325236,0.10882498760535449,0.09494298463063956,0.1294000991571641,0.11675756073376302,0.10535448686167576,0.11750123946455131,0.0917203767972236
LIBACT_UNCERTAINTY_ENT,0.13113534952900346,0.14030738720872582,0.0954387704511651,0.11601388200297472,0.20153693604362916,0.17178978681209717,0.08824987605354487,0.11378284581060982,1.0,0.7892910262766485,0.7359940505701537,0.1212196331184928,0.11998016856717898,0.161378284581061,0.09593455627169063,0.17129400099157163,0.13708477937530986,0.16212196331184928,0.1412989588497769,0.1271690629647992,0.15418939018344074,0.12766484878532475,0.12047595438770452,0.10684184432325236,0.1212196331184928,0.14080317302925136,0.24095190877540903,0.1923648983639068,0.16162617749132374,0.2885473475458602,0.0954387704511651,0.11551809618244918,0.12989588497768964,0.319533961328706,0.11923648983639068,0.37902825979176996,0.11502231036192365
LIBACT_UNCERTAINTY_LC,0.12989588497768964,0.14253842340109074,0.09072880515617253,0.11229548834903322,0.25409023301933564,0.180466038671294,0.08453148239960337,0.11576598909271195,0.7892910262766485,1.0,0.7543381259295984,0.1212196331184928,0.12245909766980664,0.1628656420426376,0.09122459097669806,0.16906296479920674,0.1360932077342588,0.16088249876053545,0.1405552801189886,0.12543381259295985,0.15642042637580567,0.12444224095190877,0.12047595438770452,0.10832920178482895,0.12295488349033218,0.13782845810609817,0.1980664352999504,0.24516608824987604,0.1707982151710461,0.29697570649479427,0.09345562716906297,0.11849281110560238,0.1301437778879524,0.37679722359940504,0.11923648983639068,0.31755081804660384,0.11130391670798215
LIBACT_UNCERTAINTY_SM,0.11774913237481408,0.13411006445215667,0.10213187902825979,0.11700545364402579,0.17625185919682698,0.255825483391175,0.08750619732275657,0.1065939514129896,0.7359940505701537,0.7543381259295984,1.0,0.1271690629647992,0.12518591968269707,0.1626177491323748,0.10262766484878533,0.1685671789786812,0.12369856222112048,0.16435299950421417,0.14823996033713435,0.13981160138820029,0.15071888943976203,0.13584531482399603,0.11898859692612791,0.11229548834903322,0.1301437778879524,0.13113534952900346,0.16931085770946952,0.17327714427367377,0.24293505205751115,0.3785324739712444,0.08998512642538424,0.11898859692612791,0.12518591968269707,0.2959841348537432,0.12146752602875557,0.29028259791769956,0.11601388200297472
OPTIMAL_GREEDY_10,0.14030738720872582,0.0932077342588002,0.16460089241447695,0.1943480416460089,0.13361427863163114,0.13658899355478432,0.07089737233515121,0.08081308874566187,0.1212196331184928,0.1212196331184928,0.1271690629647992,1.0,0.4333168071393158,0.14179474467030243,0.16460089241447695,0.16063460585027267,0.14352999504214178,0.13559742191373328,0.18790282597917699,0.22359940505701537,0.10337134357957363,0.17302925136341102,0.11155180961824492,0.14476945959345563,0.20649479424888448,0.08924144769459594,0.12766484878532475,0.13113534952900346,0.131631135349529,0.12964799206742686,0.08924144769459594,0.23500247892910262,0.13733267228557264,0.12964799206742686,0.19930589985126426,0.124194348041646,0.19335647000495787
OPTIMAL_GREEDY_20,0.12865642042637582,0.09345562716906297,0.14551313832424392,0.18790282597917699,0.11874070401586515,0.12543381259295985,0.06693108577094695,0.07585523054040655,0.11998016856717898,0.12245909766980664,0.12518591968269707,0.4333168071393158,1.0,0.13336638572136836,0.14551313832424392,0.161378284581061,0.13187902825979178,0.12369856222112048,0.1886465047099653,0.2129400099157164,0.11378284581060982,0.1722855726326227,0.10634605850272683,0.13510163609320774,0.1983143282102132,0.0857709469509172,0.11874070401586515,0.1249380267724343,0.12469013386217154,0.12469013386217154,0.07882994546355974,0.22235994050570154,0.13039167079821518,0.1256817055032226,0.19732275656916212,0.11799702528507684,0.1871591472483887
PLAYGROUND_BANDIT,0.1450173525037184,0.14229053049082796,0.11750123946455131,0.14154685176003967,0.20971740208230044,0.22583044124938026,0.10932077342588002,0.12196331184928111,0.161378284581061,0.1628656420426376,0.1626177491323748,0.14179474467030243,0.13336638572136836,1.0,0.11799702528507684,0.3438274665344571,0.1502231036192365,0.6127912741695587,0.3780366881507189,0.15716410510659395,0.2662369856222112,0.14352999504214178,0.13262270699058007,0.1249380267724343,0.1412989588497769,0.16732771442736738,0.17253346554288548,0.1752602875557759,0.16980664352999505,0.22285572632622708,0.10138820029747149,0.15047099652949925,0.12989588497768964,0.20599900842835894,0.14823996033713435,0.20376797223599405,0.1405552801189886
PLAYGROUND_GRAPH_DENSITY,0.10485870104115022,0.08230044620723848,0.999008428358949,0.1487357461576599,0.09643034209221617,0.10114030738720872,0.15592464055528013,0.07213683688646505,0.09593455627169063,0.09122459097669806,0.10262766484878533,0.16460089241447695,0.14551313832424392,0.11799702528507684,1.0,0.12543381259295985,0.10708973723351513,0.11378284581060982,0.13807635101636093,0.16584035696579078,0.10733763014377788,0.1360932077342588,0.15146256817055032,0.12295488349033218,0.1611303916707982,0.08180466038671294,0.0969261279127417,0.0969261279127417,0.10114030738720872,0.10337134357957363,0.08329201784828955,0.1685671789786812,0.12245909766980664,0.09816559246405553,0.15989092711948438,0.10064452156668319,0.14724838869608328
PLAYGROUND_INFORMATIVE_DIVERSE,0.15716410510659395,0.1494794248884482,0.1249380267724343,0.15344571145265246,0.1611303916707982,0.16807139315815567,0.10213187902825979,0.11675756073376302,0.17129400099157163,0.16906296479920674,0.1685671789786812,0.16063460585027267,0.161378284581061,0.3438274665344571,0.12543381259295985,1.0,0.1626177491323748,0.33614278631631134,0.3190381755081805,0.16559246405552802,0.20327218641546851,0.15567674764501735,0.13262270699058007,0.12766484878532475,0.16236985622211206,0.14848785324739713,0.16088249876053545,0.16757560733763013,0.15964303420922163,0.16311353495290035,0.10163609320773426,0.16807139315815567,0.14105106593951414,0.1628656420426376,0.14352999504214178,0.16534457114526524,0.15245413981160139
PLAYGROUND_KCENTER_GREEDY,0.9890927119484383,0.21368368864650472,0.1065939514129896,0.12816063460585028,0.15245413981160139,0.1368368864650471,0.0857709469509172,0.17649975210708974,0.13708477937530986,0.1360932077342588,0.12369856222112048,0.14352999504214178,0.13187902825979178,0.1502231036192365,0.10708973723351513,0.1626177491323748,1.0,0.14749628160634606,0.1554288547347546,0.1360932077342588,0.1574119980168567,0.1368368864650471,0.11328705999008429,0.11155180961824492,0.14526524541398117,0.18170550322260784,0.14724838869608328,0.14625681705503224,0.1331184928111056,0.12741695587506197,0.11130391670798215,0.1442736737729301,0.20104115022310362,0.1405552801189886,0.1375805651958354,0.14352999504214178,0.1279127416955875
PLAYGROUND_MARGIN,0.1420426375805652,0.14303420922161625,0.11328705999008429,0.13485374318294496,0.2389687654933069,0.2892910262766485,0.10783341596430342,0.11948438274665345,0.16212196331184928,0.16088249876053545,0.16435299950421417,0.13559742191373328,0.12369856222112048,0.6127912741695587,0.11378284581060982,0.33614278631631134,0.14749628160634606,1.0,0.4670302429350521,0.15146256817055032,0.2588001983143282,0.13187902825979178,0.1294000991571641,0.12394645513138325,0.13857213683688646,0.15691621219633117,0.16683192860684184,0.16559246405552802,0.17278135845314824,0.29920674268715913,0.11006445215666832,0.13931581556767478,0.12890431333663857,0.2411998016856718,0.14080317302925136,0.23822508676251858,0.1338621715418939
PLAYGROUND_MIXTURE,0.15047099652949925,0.13138324243926625,0.1375805651958354,0.16088249876053545,0.18914229053049084,0.21938522558254833,0.10014873574615767,0.10956866633614279,0.1412989588497769,0.1405552801189886,0.14823996033713435,0.18790282597917699,0.1886465047099653,0.3780366881507189,0.13807635101636093,0.3190381755081805,0.1554288547347546,0.4670302429350521,1.0,0.2092216162617749,0.1906296479920674,0.161378284581061,0.11601388200297472,0.1301437778879524,0.17426871591472484,0.13882002974714924,0.15096678235002478,0.1536936043629152,0.1628656420426376,0.2151710461080813,0.10014873574615767,0.1774913237481408,0.13212692117005453,0.18691125433812594,0.1648487853247397,0.18666336142786316,0.15989092711948438
PLAYGROUND_UNIFORM,0.13262270699058007,0.12171541893901834,0.16584035696579078,0.18988596926127913,0.14005949429846307,0.14452156668319285,0.10882498760535449,0.11155180961824492,0.1271690629647992,0.12543381259295985,0.13981160138820029,0.22359940505701537,0.2129400099157164,0.15716410510659395,0.16584035696579078,0.16559246405552802,0.1360932077342588,0.15146256817055032,0.2092216162617749,1.0,0.13138324243926625,0.17253346554288548,0.12345066931085771,0.14303420922161625,0.20252850768468023,0.11279127416955875,0.1249380267724343,0.12444224095190877,0.1301437778879524,0.13435795736241943,0.10733763014377788,0.21343579573624194,0.14823996033713435,0.1271690629647992,0.17674764501735252,0.1256817055032226,0.1886465047099653
SKACTIVEML_COST_EMBEDDING,0.15319781854238967,0.13559742191373328,0.10708973723351513,0.11551809618244918,0.16410510659395142,0.16236985622211206,0.11750123946455131,0.11750123946455131,0.15418939018344074,0.15642042637580567,0.15071888943976203,0.10337134357957363,0.11378284581060982,0.2662369856222112,0.10733763014377788,0.20327218641546851,0.1574119980168567,0.2588001983143282,0.1906296479920674,0.13138324243926625,1.0,0.12617749132374814,0.12692117005453643,0.11626177491323748,0.13187902825979178,0.18988596926127913,0.15964303420922163,0.161378284581061,0.15592464055528013,0.15716410510659395,0.10386712940009915,0.1308874566187407,0.1264253842340109,0.15716410510659395,0.12890431333663857,0.1611303916707982,0.11502231036192365
SKACTIVEML_DAL,0.13435795736241943,0.11874070401586515,0.1360932077342588,0.15691621219633117,0.12667327714427368,0.12766484878532475,0.09122459097669806,0.09667823500247893,0.12766484878532475,0.12444224095190877,0.13584531482399603,0.17302925136341102,0.1722855726326227,0.14352999504214178,0.1360932077342588,0.15567674764501735,0.1368368864650471,0.13187902825979178,0.161378284581061,0.17253346554288548,0.12617749132374814,1.0,0.12890431333663857,0.12196331184928111,0.17129400099157163,0.10956866633614279,0.13262270699058007,0.13882002974714924,0.13485374318294496,0.1331184928111056,0.10138820029747149,0.16683192860684184,0.1517104610808131,0.12816063460585028,0.17129400099157163,0.12915220624690135,0.15592464055528013
SKACTIVEML_DWUS,0.10882498760535449,0.12295488349033218,0.15121467526028756,0.11874070401586515,0.11923648983639068,0.11998016856717898,0.11824491819533961,0.10436291522062469,0.12047595438770452,0.12047595438770452,0.11898859692612791,0.11155180961824492,0.10634605850272683,0.13262270699058007,0.15146256817055032,0.13262270699058007,0.11328705999008429,0.1294000991571641,0.11601388200297472,0.12345066931085771,0.12692117005453643,0.12890431333663857,1.0,0.10981655924640556,0.12518591968269707,0.11948438274665345,0.11130391670798215,0.11477441745166088,0.11650966782350025,0.1212196331184928,0.0909766980664353,0.1279127416955875,0.12865642042637582,0.11923648983639068,0.1249380267724343,0.12097174020823004,0.11750123946455131
SKACTIVEML_QBC,0.10832920178482895,0.10609816559246406,0.12270699058006941,0.12592959841348536,0.11601388200297472,0.11601388200297472,0.11427863163113534,0.10386712940009915,0.10684184432325236,0.10832920178482895,0.11229548834903322,0.14476945959345563,0.13510163609320774,0.1249380267724343,0.12295488349033218,0.12766484878532475,0.11155180961824492,0.12394645513138325,0.1301437778879524,0.14303420922161625,0.11626177491323748,0.12196331184928111,0.10981655924640556,1.0,0.16460089241447695,0.11750123946455131,0.10733763014377788,0.11378284581060982,0.11229548834903322,0.11229548834903322,0.09866137828458106,0.1450173525037184,0.11328705999008429,0.10981655924640556,0.13361427863163114,0.10510659395141299,0.12469013386217154
SKACTIVEML_QBC_VOTE_ENTROPY,0.14105106593951414,0.12047595438770452,0.16088249876053545,0.18443232523549827,0.12469013386217154,0.12444224095190877,0.11403073872087258,0.10262766484878533,0.1212196331184928,0.12295488349033218,0.1301437778879524,0.20649479424888448,0.1983143282102132,0.1412989588497769,0.1611303916707982,0.16236985622211206,0.14526524541398117,0.13857213683688646,0.17426871591472484,0.20252850768468023,0.13187902825979178,0.17129400099157163,0.12518591968269707,0.16460089241447695,1.0,0.11898859692612791,0.13435795736241943,0.139067922657412,0.14377788795240456,0.13138324243926625,0.0984134853743183,0.1968269707486366,0.15468517600396628,0.124194348041646,0.1906296479920674,0.12518591968269707,0.18393653941497273
SKACTIVEML_QUIRE,0.1752602875557759,0.19533961328705998,0.0813088745661874,0.09395141298958849,0.14377788795240456,0.1360932077342588,0.09593455627169063,0.1633614278631631,0.14080317302925136,0.13782845810609817,0.13113534952900346,0.08924144769459594,0.0857709469509172,0.16732771442736738,0.08180466038671294,0.14848785324739713,0.18170550322260784,0.15691621219633117,0.13882002974714924,0.11279127416955875,0.18988596926127913,0.10956866633614279,0.11948438274665345,0.11750123946455131,0.11898859692612791,1.0,0.14253842340109074,0.14080317302925136,0.1308874566187407,0.1331184928111056,0.11353495290034706,0.10609816559246406,0.14898363906792267,0.14229053049082796,0.12543381259295985,0.14551313832424392,0.09345562716906297
SKACTIVEML_US_ENTROPY,0.14154685176003967,0.139067922657412,0.09667823500247893,0.11006445215666832,0.221864154685176,0.1856717897868121,0.0924640555280119,0.11675756073376302,0.24095190877540903,0.1980664352999504,0.16931085770946952,0.12766484878532475,0.11874070401586515,0.17253346554288548,0.0969261279127417,0.16088249876053545,0.14724838869608328,0.16683192860684184,0.15096678235002478,0.1249380267724343,0.15964303420922163,0.13262270699058007,0.11130391670798215,0.10733763014377788,0.13435795736241943,0.14253842340109074,1.0,0.7905304908279623,0.7431829449677739,0.17550818046603867,0.09122459097669806,0.12369856222112048,0.13187902825979178,0.2114526524541398,0.124194348041646,0.25855230540406543,0.10932077342588002
SKACTIVEML_US_LC,0.1405552801189886,0.14476945959345563,0.09667823500247893,0.10733763014377788,0.26871591472483886,0.1901338621715419,0.090233019335647,0.11824491819533961,0.1923648983639068,0.24516608824987604,0.17327714427367377,0.13113534952900346,0.1249380267724343,0.1752602875557759,0.0969261279127417,0.16757560733763013,0.14625681705503224,0.16559246405552802,0.1536936043629152,0.12444224095190877,0.161378284581061,0.13882002974714924,0.11477441745166088,0.11378284581060982,0.139067922657412,0.14080317302925136,0.7905304908279623,1.0,0.7595438770451165,0.17947446703024295,0.0946950917203768,0.12469013386217154,0.12964799206742686,0.25756073376301436,0.12692117005453643,0.20897372335151215,0.1065939514129896
SKACTIVEML_US_MARGIN,0.12766484878532475,0.13287059990084282,0.10089241447694595,0.11056023797719385,0.19335647000495787,0.2602875557759048,0.09419930589985126,0.10882498760535449,0.16162617749132374,0.1707982151710461,0.24293505205751115,0.131631135349529,0.12469013386217154,0.16980664352999505,0.10114030738720872,0.15964303420922163,0.1331184928111056,0.17278135845314824,0.1628656420426376,0.1301437778879524,0.15592464055528013,0.13485374318294496,0.11650966782350025,0.11229548834903322,0.14377788795240456,0.1308874566187407,0.7431829449677739,0.7595438770451165,1.0,0.2530986613782846,0.09147248388696083,0.13187902825979178,0.1264253842340109,0.1819533961328706,0.12989588497768964,0.1737729300941993,0.10981655924640556
SMALLTEXT_BREAKINGTIES,0.12171541893901834,0.14030738720872582,0.1028755577590481,0.11378284581060982,0.25483391175012393,0.38671294000991574,0.09196826970748637,0.10684184432325236,0.2885473475458602,0.29697570649479427,0.3785324739712444,0.12964799206742686,0.12469013386217154,0.22285572632622708,0.10337134357957363,0.16311353495290035,0.12741695587506197,0.29920674268715913,0.2151710461080813,0.13435795736241943,0.15716410510659395,0.1331184928111056,0.1212196331184928,0.11229548834903322,0.13138324243926625,0.1331184928111056,0.17550818046603867,0.17947446703024295,0.2530986613782846,1.0,0.09717402082300446,0.1271690629647992,0.12221120475954388,0.7464055528011899,0.12915220624690135,0.736737729300942,0.11303916707982152
SMALLTEXT_CONTRASTIVEAL,0.10907288051561725,0.11080813088745661,0.08329201784828955,0.09072880515617253,0.10039662865642042,0.10039662865642042,0.10064452156668319,0.10882498760535449,0.0954387704511651,0.09345562716906297,0.08998512642538424,0.08924144769459594,0.07882994546355974,0.10138820029747149,0.08329201784828955,0.10163609320773426,0.11130391670798215,0.11006445215666832,0.10014873574615767,0.10733763014377788,0.10386712940009915,0.10138820029747149,0.0909766980664353,0.09866137828458106,0.0984134853743183,0.11353495290034706,0.09122459097669806,0.0946950917203768,0.09147248388696083,0.09717402082300446,1.0,0.0984134853743183,0.1294000991571641,0.09866137828458106,0.1036192364898364,0.09965294992563213,0.0894893406048587
SMALLTEXT_EMBEDDINGKMEANS,0.14105106593951414,0.11923648983639068,0.1685671789786812,0.18294496777392166,0.12270699058006941,0.1294000991571641,0.11601388200297472,0.09494298463063956,0.11551809618244918,0.11849281110560238,0.11898859692612791,0.23500247892910262,0.22235994050570154,0.15047099652949925,0.1685671789786812,0.16807139315815567,0.1442736737729301,0.13931581556767478,0.1774913237481408,0.21343579573624194,0.1308874566187407,0.16683192860684184,0.1279127416955875,0.1450173525037184,0.1968269707486366,0.10609816559246406,0.12369856222112048,0.12469013386217154,0.13187902825979178,0.1271690629647992,0.0984134853743183,1.0,0.14154685176003967,0.124194348041646,0.19484382746653445,0.12171541893901834,0.18244918195339613
SMALLTEXT_GREEDYCORESET,0.19558750619732276,0.15716410510659395,0.12270699058006941,0.13485374318294496,0.13187902825979178,0.12518591968269707,0.10485870104115022,0.1294000991571641,0.12989588497768964,0.1301437778879524,0.12518591968269707,0.13733267228557264,0.13039167079821518,0.12989588497768964,0.12245909766980664,0.14105106593951414,0.20104115022310362,0.12890431333663857,0.13212692117005453,0.14823996033713435,0.1264253842340109,0.1517104610808131,0.12865642042637582,0.11328705999008429,0.15468517600396628,0.14898363906792267,0.13187902825979178,0.12964799206742686,0.1264253842340109,0.12221120475954388,0.1294000991571641,0.14154685176003967,1.0,0.12345066931085771,0.14476945959345563,0.12518591968269707,0.13361427863163114
SMALLTEXT_LEASTCONFIDENCE,0.13485374318294496,0.14675260287555775,0.09866137828458106,0.11973227565691621,0.3889439762022806,0.25384234010907286,0.09196826970748637,0.11675756073376302,0.319533961328706,0.37679722359940504,0.2959841348537432,0.12964799206742686,0.1256817055032226,0.20599900842835894,0.09816559246405553,0.1628656420426376,0.1405552801189886,0.2411998016856718,0.18691125433812594,0.1271690629647992,0.15716410510659395,0.12816063460585028,0.11923648983639068,0.10981655924640556,0.124194348041646,0.14229053049082796,0.2114526524541398,0.25756073376301436,0.1819533961328706,0.7464055528011899,0.09866137828458106,0.124194348041646,0.12345066931085771,1.0,0.124194348041646,0.7843331680713932,0.11948438274665345
SMALLTEXT_LIGHTWEIGHTCORESET,0.13411006445215667,0.12840852751611304,0.16013882002974714,0.18542389687654934,0.1212196331184928,0.12022806147744175,0.10560237977193852,0.10535448686167576,0.11923648983639068,0.11923648983639068,0.12146752602875557,0.19930589985126426,0.19732275656916212,0.14823996033713435,0.15989092711948438,0.14352999504214178,0.1375805651958354,0.14080317302925136,0.1648487853247397,0.17674764501735252,0.12890431333663857,0.17129400099157163,0.1249380267724343,0.13361427863163114,0.1906296479920674,0.12543381259295985,0.124194348041646,0.12692117005453643,0.12989588497768964,0.12915220624690135,0.1036192364898364,0.19484382746653445,0.14476945959345563,0.124194348041646,1.0,0.12766484878532475,0.18616757560733763
SMALLTEXT_PREDICTIONENTROPY,0.13807635101636093,0.1457610312345067,0.10114030738720872,0.10733763014377788,0.28705999008428357,0.23648983639067922,0.0917203767972236,0.11750123946455131,0.37902825979176996,0.31755081804660384,0.29028259791769956,0.124194348041646,0.11799702528507684,0.20376797223599405,0.10064452156668319,0.16534457114526524,0.14352999504214178,0.23822508676251858,0.18666336142786316,0.1256817055032226,0.1611303916707982,0.12915220624690135,0.12097174020823004,0.10510659395141299,0.12518591968269707,0.14551313832424392,0.25855230540406543,0.20897372335151215,0.1737729300941993,0.736737729300942,0.09965294992563213,0.12171541893901834,0.12518591968269707,0.7843331680713932,0.12766484878532475,1.0,0.10808130887456618
SMALLTEXT_RANDOM,0.12394645513138325,0.10213187902825979,0.14724838869608328,0.9960337134357957,0.12320277640059495,0.12097174020823004,0.0954387704511651,0.0917203767972236,0.11502231036192365,0.11130391670798215,0.11601388200297472,0.19335647000495787,0.1871591472483887,0.1405552801189886,0.14724838869608328,0.15245413981160139,0.1279127416955875,0.1338621715418939,0.15989092711948438,0.1886465047099653,0.11502231036192365,0.15592464055528013,0.11750123946455131,0.12469013386217154,0.18393653941497273,0.09345562716906297,0.10932077342588002,0.1065939514129896,0.10981655924640556,0.11303916707982152,0.0894893406048587,0.18244918195339613,0.13361427863163114,0.11948438274665345,0.18616757560733763,0.10808130887456618,1.0
