,ALIPY_CORESET_GREEDY,ALIPY_DENSITY_WEIGHTED,ALIPY_GRAPH_DENSITY,ALIPY_RANDOM,ALIPY_UNCERTAINTY_LC,ALIPY_UNCERTAINTY_MM,LIBACT_DWUS,LIBACT_QUIRE,LIBACT_UNCERTAINTY_ENT,LIBACT_UNCERTAINTY_LC,LIBACT_UNCERTAINTY_SM,OPTIMAL_GREEDY_10,OPTIMAL_GREEDY_20,PLAYGROUND_BANDIT,PLAYGROUND_GRAPH_DENSITY,PLAYGROUND_INFORMATIVE_DIVERSE,PLAYGROUND_KCENTER_GREEDY,PLAYGROUND_MARGIN,PLAYGROUND_MIXTURE,PLAYGROUND_UNIFORM,SKACTIVEML_COST_EMBEDDING,SKACTIVEML_DAL,SKACTIVEML_DWUS,SKACTIVEML_QBC,SKACTIVEML_QBC_VOTE_ENTROPY,SKACTIVEML_QUIRE,SKACTIVEML_US_ENTROPY,SKACTIVEML_US_LC,SKACTIVEML_US_MARGIN,SMALLTEXT_BREAKINGTIES,SMALLTEXT_CONTRASTIVEAL,SMALLTEXT_EMBEDDINGKMEANS,SMALLTEXT_GREEDYCORESET,SMALLTEXT_LEASTCONFIDENCE,SMALLTEXT_LIGHTWEIGHTCORESET,SMALLTEXT_PREDICTIONENTROPY,SMALLTEXT_RANDOM
ALIPY_CORESET_GREEDY,1.0,0.08998512642538424,0.10932077342588002,0.11328705999008429,0.07139315815567675,0.06792265741199802,0.08205255329697571,0.09667823500247893,0.07114526524541398,0.07114526524541398,0.07089737233515121,0.11973227565691621,0.11378284581060982,0.0813088745661874,0.10932077342588002,0.08230044620723848,0.9846306395637084,0.06941001487357462,0.08453148239960337,0.12444224095190877,0.10485870104115022,0.13411006445215667,0.1036192364898364,0.09816559246405553,0.13063956370847793,0.08527516113039167,0.07535944471988101,0.07511155180961825,0.07089737233515121,0.07139315815567675,0.0894893406048587,0.11229548834903322,0.16013882002974714,0.07337630143777887,0.11750123946455131,0.07114526524541398,0.11328705999008429
ALIPY_DENSITY_WEIGHTED,0.08998512642538424,1.0,0.08279623202776401,0.0813088745661874,0.1576598909271195,0.15493306891422906,0.08279623202776401,0.0954387704511651,0.14452156668319285,0.14352999504214178,0.14600892414476946,0.08750619732275657,0.08626673277144274,0.14402578086266732,0.08254833911750124,0.15071888943976203,0.09147248388696083,0.15493306891422906,0.14724838869608328,0.08899355478433317,0.14848785324739713,0.10064452156668319,0.12047595438770452,0.07139315815567675,0.09519087754090233,0.12171541893901834,0.15294992563212692,0.15567674764501735,0.15195835399107585,0.14229053049082796,0.10114030738720872,0.09395141298958849,0.10535448686167576,0.14179474467030243,0.0894893406048587,0.14526524541398117,0.08081308874566187
ALIPY_GRAPH_DENSITY,0.10932077342588002,0.08279623202776401,1.0,0.10634605850272683,0.06618740704015866,0.06841844323252355,0.08973723351512147,0.08775409023301933,0.07139315815567675,0.06147744174516609,0.06693108577094695,0.11601388200297472,0.10758552305404065,0.08899355478433317,0.9992563212692117,0.07907783837382251,0.11427863163113534,0.07759048091224591,0.0924640555280119,0.13361427863163114,0.09444719881011403,0.1353495290034705,0.09717402082300446,0.10535448686167576,0.12221120475954388,0.0835399107585523,0.07188894397620228,0.07040158651462568,0.06990580069410014,0.06593951412989589,0.0850272682201289,0.11254338125929599,0.12444224095190877,0.06891422905304909,0.12369856222112048,0.07387208725830441,0.10609816559246406
ALIPY_RANDOM,0.11328705999008429,0.0813088745661874,0.10634605850272683,1.0,0.07164105106593951,0.07337630143777887,0.09643034209221617,0.08552305404065444,0.06891422905304909,0.06817055032226078,0.06916212196331185,0.13039167079821518,0.13138324243926625,0.08775409023301933,0.1065939514129896,0.08180466038671294,0.11675756073376302,0.07610312345066932,0.0909766980664353,0.14179474467030243,0.09791769955379276,0.13039167079821518,0.09890927119484383,0.11527020327218641,0.14551313832424392,0.08701041150223103,0.06792265741199802,0.07139315815567675,0.06916212196331185,0.06544372830937036,0.08973723351512147,0.1249380267724343,0.1360932077342588,0.06643529995042141,0.1412989588497769,0.07064947942488845,0.9975210708973723
ALIPY_UNCERTAINTY_LC,0.07139315815567675,0.1576598909271195,0.06618740704015866,0.07164105106593951,1.0,0.7419434804164601,0.05999008428358949,0.06916212196331185,0.16088249876053545,0.17773921665840356,0.1591472483886961,0.08081308874566187,0.08750619732275657,0.1588993554784333,0.06643529995042141,0.16187407040158652,0.07610312345066932,0.20624690133862172,0.16063460585027267,0.08676251859196826,0.1487357461576599,0.08477937530986614,0.1065939514129896,0.07040158651462568,0.08701041150223103,0.11378284581060982,0.161378284581061,0.17550818046603867,0.15840356965790778,0.2055032226078334,0.09221616261774913,0.07312840852751612,0.08527516113039167,0.28061477441745164,0.07858205255329698,0.20823004462072384,0.07114526524541398
ALIPY_UNCERTAINTY_MM,0.06792265741199802,0.15493306891422906,0.06841844323252355,0.07337630143777887,0.7419434804164601,1.0,0.06593951412989589,0.06544372830937036,0.14848785324739713,0.16410510659395142,0.16757560733763013,0.07932573128408528,0.08329201784828955,0.1611303916707982,0.06891422905304909,0.16236985622211206,0.07288051561725335,0.2330193356470005,0.17327714427367377,0.08601883986117997,0.15642042637580567,0.08701041150223103,0.11155180961824492,0.06742687159147248,0.08849776896380764,0.11452652454139811,0.15493306891422906,0.16212196331184928,0.17352503718393653,0.2741695587506197,0.08701041150223103,0.07858205255329698,0.08378780366881507,0.20451165096678234,0.07759048091224591,0.19509172037679723,0.07263262270699058
LIBACT_DWUS,0.08205255329697571,0.08279623202776401,0.08973723351512147,0.09643034209221617,0.05999008428358949,0.06593951412989589,1.0,0.10560237977193852,0.06693108577094695,0.06618740704015866,0.06817055032226078,0.09890927119484383,0.08973723351512147,0.0857709469509172,0.08998512642538424,0.07486365889935548,0.08552305404065444,0.07461576598909271,0.07411998016856718,0.11155180961824492,0.0932077342588002,0.09593455627169063,0.10609816559246406,0.10585027268220129,0.10114030738720872,0.09295984134853744,0.06321269211700545,0.06246901338621715,0.06172533465542886,0.06693108577094695,0.11527020327218641,0.13584531482399603,0.10014873574615767,0.06693108577094695,0.11403073872087258,0.06618740704015866,0.0961824491819534
LIBACT_QUIRE,0.09667823500247893,0.0954387704511651,0.08775409023301933,0.08552305404065444,0.06916212196331185,0.06544372830937036,0.10560237977193852,1.0,0.06965790778383739,0.06470004957858205,0.06569162121963312,0.0954387704511651,0.09295984134853744,0.08081308874566187,0.08775409023301933,0.07015369360436291,0.0961824491819534,0.06965790778383739,0.07511155180961825,0.11130391670798215,0.08899355478433317,0.10634605850272683,0.09122459097669806,0.10634605850272683,0.1028755577590481,0.09717402082300446,0.07610312345066932,0.07337630143777887,0.07288051561725335,0.05999008428358949,0.11328705999008429,0.10684184432325236,0.11229548834903322,0.06593951412989589,0.10783341596430342,0.06321269211700545,0.08552305404065444
LIBACT_UNCERTAINTY_ENT,0.07114526524541398,0.14452156668319285,0.07139315815567675,0.06891422905304909,0.16088249876053545,0.14848785324739713,0.06693108577094695,0.06965790778383739,1.0,0.7414476945959345,0.7322756569162122,0.08205255329697571,0.08230044620723848,0.14253842340109074,0.07164105106593951,0.15691621219633117,0.07337630143777887,0.14352999504214178,0.1308874566187407,0.08998512642538424,0.13634110064452157,0.09419930589985126,0.10089241447694595,0.07635101636093208,0.09221616261774913,0.11031234506693109,0.1628656420426376,0.14724838869608328,0.14229053049082796,0.1499752107089737,0.0887456618740704,0.07535944471988101,0.09122459097669806,0.15815567674764502,0.08081308874566187,0.17352503718393653,0.06792265741199802
LIBACT_UNCERTAINTY_LC,0.07114526524541398,0.14352999504214178,0.06147744174516609,0.06817055032226078,0.17773921665840356,0.16410510659395142,0.06618740704015866,0.06470004957858205,0.7414476945959345,1.0,0.7545860188398612,0.07982151710461081,0.07560733763014378,0.15518096182449181,0.06147744174516609,0.16757560733763013,0.07288051561725335,0.1457610312345067,0.1375805651958354,0.0850272682201289,0.13882002974714924,0.08552305404065444,0.10461080813088745,0.07064947942488845,0.08477937530986614,0.10932077342588002,0.15319781854238967,0.1663361427863163,0.14923153197818542,0.16088249876053545,0.08676251859196826,0.07486365889935548,0.08973723351512147,0.1700545364402578,0.07833415964303421,0.16236985622211206,0.06717897868120971
LIBACT_UNCERTAINTY_SM,0.07089737233515121,0.14600892414476946,0.06693108577094695,0.06916212196331185,0.1591472483886961,0.16757560733763013,0.06817055032226078,0.06569162121963312,0.7322756569162122,0.7545860188398612,1.0,0.08453148239960337,0.07535944471988101,0.16038671294000992,0.06693108577094695,0.16683192860684184,0.07263262270699058,0.15121467526028756,0.13510163609320774,0.08651462568170551,0.13658899355478432,0.09295984134853744,0.10634605850272683,0.07535944471988101,0.08701041150223103,0.10609816559246406,0.14526524541398117,0.1499752107089737,0.1576598909271195,0.1700545364402578,0.08651462568170551,0.07486365889935548,0.08701041150223103,0.15790778383738224,0.07759048091224591,0.16063460585027267,0.06817055032226078
OPTIMAL_GREEDY_10,0.11973227565691621,0.08750619732275657,0.11601388200297472,0.13039167079821518,0.08081308874566187,0.07932573128408528,0.09890927119484383,0.0954387704511651,0.08205255329697571,0.07982151710461081,0.08453148239960337,1.0,0.20599900842835894,0.10262766484878533,0.11626177491323748,0.09345562716906297,0.12469013386217154,0.090233019335647,0.10411502231036192,0.15840356965790778,0.10237977193852256,0.14526524541398117,0.11650966782350025,0.12245909766980664,0.13931581556767478,0.08924144769459594,0.07907783837382251,0.08230044620723848,0.08230044620723848,0.07635101636093208,0.0961824491819534,0.12469013386217154,0.12543381259295985,0.07659890927119484,0.14600892414476946,0.0850272682201289,0.12989588497768964
OPTIMAL_GREEDY_20,0.11378284581060982,0.08626673277144274,0.10758552305404065,0.13138324243926625,0.08750619732275657,0.08329201784828955,0.08973723351512147,0.09295984134853744,0.08230044620723848,0.07560733763014378,0.07535944471988101,0.20599900842835894,1.0,0.10337134357957363,0.10758552305404065,0.10163609320773426,0.11799702528507684,0.09072880515617253,0.09519087754090233,0.14724838869608328,0.10411502231036192,0.13361427863163114,0.11130391670798215,0.11774913237481408,0.14600892414476946,0.08329201784828955,0.08155676747645017,0.08527516113039167,0.08477937530986614,0.07511155180961825,0.09295984134853744,0.1256817055032226,0.1264253842340109,0.07436787307882994,0.14724838869608328,0.0835399107585523,0.13039167079821518
PLAYGROUND_BANDIT,0.0813088745661874,0.14402578086266732,0.08899355478433317,0.08775409023301933,0.1588993554784333,0.1611303916707982,0.0857709469509172,0.08081308874566187,0.14253842340109074,0.15518096182449181,0.16038671294000992,0.10262766484878533,0.10337134357957363,1.0,0.08924144769459594,0.31705503222607834,0.0842835894893406,0.3490332176499752,0.315319781854239,0.11279127416955875,0.18443232523549827,0.10783341596430342,0.10857709469509172,0.07635101636093208,0.10138820029747149,0.13187902825979178,0.1427863163113535,0.15493306891422906,0.1479920674268716,0.15245413981160139,0.0954387704511651,0.08081308874566187,0.10163609320773426,0.14377788795240456,0.0932077342588002,0.1412989588497769,0.08750619732275657
PLAYGROUND_GRAPH_DENSITY,0.10932077342588002,0.08254833911750124,0.9992563212692117,0.1065939514129896,0.06643529995042141,0.06891422905304909,0.08998512642538424,0.08775409023301933,0.07164105106593951,0.06147744174516609,0.06693108577094695,0.11626177491323748,0.10758552305404065,0.08924144769459594,1.0,0.07907783837382251,0.11452652454139811,0.07783837382250867,0.09271194843827467,0.13411006445215667,0.09494298463063956,0.13559742191373328,0.09717402082300446,0.10560237977193852,0.12270699058006941,0.08403569657907783,0.07238472979672782,0.07089737233515121,0.07040158651462568,0.06643529995042141,0.08552305404065444,0.11254338125929599,0.12469013386217154,0.06916212196331185,0.12394645513138325,0.07387208725830441,0.10609816559246406
PLAYGROUND_INFORMATIVE_DIVERSE,0.08230044620723848,0.15071888943976203,0.07907783837382251,0.08180466038671294,0.16187407040158652,0.16236985622211206,0.07486365889935548,0.07015369360436291,0.15691621219633117,0.16757560733763013,0.16683192860684184,0.09345562716906297,0.10163609320773426,0.31705503222607834,0.07907783837382251,1.0,0.0872583044124938,0.3148239960337134,0.2967278135845315,0.10262766484878533,0.16311353495290035,0.10832920178482895,0.10560237977193852,0.07783837382250867,0.10163609320773426,0.12444224095190877,0.1554288547347546,0.15617253346554288,0.15592464055528013,0.1628656420426376,0.0917203767972236,0.08304412493802678,0.0909766980664353,0.161378284581061,0.10857709469509172,0.15518096182449181,0.08106098165592464
PLAYGROUND_KCENTER_GREEDY,0.9846306395637084,0.09147248388696083,0.11427863163113534,0.11675756073376302,0.07610312345066932,0.07288051561725335,0.08552305404065444,0.0961824491819534,0.07337630143777887,0.07288051561725335,0.07263262270699058,0.12469013386217154,0.11799702528507684,0.0842835894893406,0.11452652454139811,0.0872583044124938,1.0,0.07535944471988101,0.0894893406048587,0.12766484878532475,0.10882498760535449,0.13882002974714924,0.10708973723351513,0.10188398611799702,0.1338621715418939,0.08701041150223103,0.07882994546355974,0.07932573128408528,0.07511155180961825,0.07411998016856718,0.09072880515617253,0.11601388200297472,0.1626177491323748,0.07560733763014378,0.1212196331184928,0.07436787307882994,0.11650966782350025
PLAYGROUND_MARGIN,0.06941001487357462,0.15493306891422906,0.07759048091224591,0.07610312345066932,0.20624690133862172,0.2330193356470005,0.07461576598909271,0.06965790778383739,0.14352999504214178,0.1457610312345067,0.15121467526028756,0.090233019335647,0.09072880515617253,0.3490332176499752,0.07783837382250867,0.3148239960337134,0.07535944471988101,1.0,0.45091720376797223,0.09890927119484383,0.15964303420922163,0.0924640555280119,0.10708973723351513,0.07164105106593951,0.08254833911750124,0.12394645513138325,0.15468517600396628,0.15989092711948438,0.15642042637580567,0.2263262270699058,0.09395141298958849,0.06941001487357462,0.09271194843827467,0.1983143282102132,0.07238472979672782,0.19112543381259295,0.07560733763014378
PLAYGROUND_MIXTURE,0.08453148239960337,0.14724838869608328,0.0924640555280119,0.0909766980664353,0.16063460585027267,0.17327714427367377,0.07411998016856718,0.07511155180961825,0.1308874566187407,0.1375805651958354,0.13510163609320774,0.10411502231036192,0.09519087754090233,0.315319781854239,0.09271194843827467,0.2967278135845315,0.0894893406048587,0.45091720376797223,1.0,0.10956866633614279,0.16980664352999505,0.10262766484878533,0.10535448686167576,0.07312840852751612,0.10560237977193852,0.12196331184928111,0.13782845810609817,0.1412989588497769,0.14154685176003967,0.16162617749132374,0.09593455627169063,0.08180466038671294,0.10064452156668319,0.146504709965295,0.08626673277144274,0.1442736737729301,0.09048091224590976
PLAYGROUND_UNIFORM,0.12444224095190877,0.08899355478433317,0.13361427863163114,0.14179474467030243,0.08676251859196826,0.08601883986117997,0.11155180961824492,0.11130391670798215,0.08998512642538424,0.0850272682201289,0.08651462568170551,0.15840356965790778,0.14724838869608328,0.11279127416955875,0.13411006445215667,0.10262766484878533,0.12766484878532475,0.09890927119484383,0.10956866633614279,1.0,0.10808130887456618,0.14823996033713435,0.11378284581060982,0.1256817055032226,0.1628656420426376,0.09667823500247893,0.08403569657907783,0.0894893406048587,0.0805651958353991,0.08403569657907783,0.10832920178482895,0.13510163609320774,0.14030738720872582,0.07808626673277144,0.16187407040158652,0.08155676747645017,0.14105106593951414
SKACTIVEML_COST_EMBEDDING,0.10485870104115022,0.14848785324739713,0.09444719881011403,0.09791769955379276,0.1487357461576599,0.15642042637580567,0.0932077342588002,0.08899355478433317,0.13634110064452157,0.13882002974714924,0.13658899355478432,0.10237977193852256,0.10411502231036192,0.18443232523549827,0.09494298463063956,0.16311353495290035,0.10882498760535449,0.15964303420922163,0.16980664352999505,0.10808130887456618,1.0,0.11725334655428855,0.11303916707982152,0.09395141298958849,0.12072384729796728,0.12816063460585028,0.1442736737729301,0.1360932077342588,0.14551313832424392,0.13807635101636093,0.11328705999008429,0.08824987605354487,0.11155180961824492,0.13584531482399603,0.11700545364402579,0.13882002974714924,0.09742191373326722
SKACTIVEML_DAL,0.13411006445215667,0.10064452156668319,0.1353495290034705,0.13039167079821518,0.08477937530986614,0.08701041150223103,0.09593455627169063,0.10634605850272683,0.09419930589985126,0.08552305404065444,0.09295984134853744,0.14526524541398117,0.13361427863163114,0.10783341596430342,0.13559742191373328,0.10832920178482895,0.13882002974714924,0.0924640555280119,0.10262766484878533,0.14823996033713435,0.11725334655428855,1.0,0.11626177491323748,0.11403073872087258,0.1457610312345067,0.10163609320773426,0.08601883986117997,0.08924144769459594,0.08676251859196826,0.08626673277144274,0.10808130887456618,0.12444224095190877,0.13510163609320774,0.0894893406048587,0.14898363906792267,0.09072880515617253,0.12964799206742686
SKACTIVEML_DWUS,0.1036192364898364,0.12047595438770452,0.09717402082300446,0.09890927119484383,0.1065939514129896,0.11155180961824492,0.10609816559246406,0.09122459097669806,0.10089241447694595,0.10461080813088745,0.10634605850272683,0.11650966782350025,0.11130391670798215,0.10857709469509172,0.09717402082300446,0.10560237977193852,0.10708973723351513,0.10708973723351513,0.10535448686167576,0.11378284581060982,0.11303916707982152,0.11626177491323748,1.0,0.09940505701536936,0.11973227565691621,0.1065939514129896,0.10956866633614279,0.10609816559246406,0.10188398611799702,0.1036192364898364,0.09395141298958849,0.10237977193852256,0.11229548834903322,0.10411502231036192,0.11279127416955875,0.10163609320773426,0.0984134853743183
SKACTIVEML_QBC,0.09816559246405553,0.07139315815567675,0.10535448686167576,0.11527020327218641,0.07040158651462568,0.06742687159147248,0.10585027268220129,0.10634605850272683,0.07635101636093208,0.07064947942488845,0.07535944471988101,0.12245909766980664,0.11774913237481408,0.07635101636093208,0.10560237977193852,0.07783837382250867,0.10188398611799702,0.07164105106593951,0.07312840852751612,0.1256817055032226,0.09395141298958849,0.11403073872087258,0.09940505701536936,1.0,0.12270699058006941,0.0991571641051066,0.07436787307882994,0.07585523054040655,0.07213683688646505,0.062221120475954385,0.11948438274665345,0.11725334655428855,0.11650966782350025,0.058750619732275654,0.12890431333663857,0.06048587010411502,0.11477441745166088
SKACTIVEML_QBC_VOTE_ENTROPY,0.13063956370847793,0.09519087754090233,0.12221120475954388,0.14551313832424392,0.08701041150223103,0.08849776896380764,0.10114030738720872,0.1028755577590481,0.09221616261774913,0.08477937530986614,0.08701041150223103,0.13931581556767478,0.14600892414476946,0.10138820029747149,0.12270699058006941,0.10163609320773426,0.1338621715418939,0.08254833911750124,0.10560237977193852,0.1628656420426376,0.12072384729796728,0.1457610312345067,0.11973227565691621,0.12270699058006941,1.0,0.0880019831432821,0.08626673277144274,0.08998512642538424,0.09122459097669806,0.08477937530986614,0.09667823500247893,0.12617749132374814,0.14080317302925136,0.0857709469509172,0.1650966782350025,0.0932077342588002,0.14452156668319285
SKACTIVEML_QUIRE,0.08527516113039167,0.12171541893901834,0.0835399107585523,0.08701041150223103,0.11378284581060982,0.11452652454139811,0.09295984134853744,0.09717402082300446,0.11031234506693109,0.10932077342588002,0.10609816559246406,0.08924144769459594,0.08329201784828955,0.13187902825979178,0.08403569657907783,0.12444224095190877,0.08701041150223103,0.12394645513138325,0.12196331184928111,0.09667823500247893,0.12816063460585028,0.10163609320773426,0.1065939514129896,0.0991571641051066,0.0880019831432821,1.0,0.11006445215666832,0.11130391670798215,0.1065939514129896,0.10783341596430342,0.11898859692612791,0.08899355478433317,0.0991571641051066,0.10337134357957363,0.0984134853743183,0.11006445215666832,0.08676251859196826
SKACTIVEML_US_ENTROPY,0.07535944471988101,0.15294992563212692,0.07188894397620228,0.06792265741199802,0.161378284581061,0.15493306891422906,0.06321269211700545,0.07610312345066932,0.1628656420426376,0.15319781854238967,0.14526524541398117,0.07907783837382251,0.08155676747645017,0.1427863163113535,0.07238472979672782,0.1554288547347546,0.07882994546355974,0.15468517600396628,0.13782845810609817,0.08403569657907783,0.1442736737729301,0.08601883986117997,0.10956866633614279,0.07436787307882994,0.08626673277144274,0.11006445215666832,1.0,0.7513634110064452,0.7387208725830441,0.1499752107089737,0.08601883986117997,0.06990580069410014,0.08775409023301933,0.15344571145265246,0.07535944471988101,0.16212196331184928,0.06742687159147248
SKACTIVEML_US_LC,0.07511155180961825,0.15567674764501735,0.07040158651462568,0.07139315815567675,0.17550818046603867,0.16212196331184928,0.06246901338621715,0.07337630143777887,0.14724838869608328,0.1663361427863163,0.1499752107089737,0.08230044620723848,0.08527516113039167,0.15493306891422906,0.07089737233515121,0.15617253346554288,0.07932573128408528,0.15989092711948438,0.1412989588497769,0.0894893406048587,0.1360932077342588,0.08924144769459594,0.10609816559246406,0.07585523054040655,0.08998512642538424,0.11130391670798215,0.7513634110064452,1.0,0.7481408031730292,0.15270203272186417,0.08676251859196826,0.07635101636093208,0.08676251859196826,0.1715418939018344,0.0813088745661874,0.15270203272186417,0.07064947942488845
SKACTIVEML_US_MARGIN,0.07089737233515121,0.15195835399107585,0.06990580069410014,0.06916212196331185,0.15840356965790778,0.17352503718393653,0.06172533465542886,0.07288051561725335,0.14229053049082796,0.14923153197818542,0.1576598909271195,0.08230044620723848,0.08477937530986614,0.1479920674268716,0.07040158651462568,0.15592464055528013,0.07511155180961825,0.15642042637580567,0.14154685176003967,0.0805651958353991,0.14551313832424392,0.08676251859196826,0.10188398611799702,0.07213683688646505,0.09122459097669806,0.1065939514129896,0.7387208725830441,0.7481408031730292,1.0,0.16831928606841845,0.08701041150223103,0.07461576598909271,0.08477937530986614,0.14923153197818542,0.08006941001487357,0.146504709965295,0.06866633614278632
SMALLTEXT_BREAKINGTIES,0.07139315815567675,0.14229053049082796,0.06593951412989589,0.06544372830937036,0.2055032226078334,0.2741695587506197,0.06693108577094695,0.05999008428358949,0.1499752107089737,0.16088249876053545,0.1700545364402578,0.07635101636093208,0.07511155180961825,0.15245413981160139,0.06643529995042141,0.1628656420426376,0.07411998016856718,0.2263262270699058,0.16162617749132374,0.08403569657907783,0.13807635101636093,0.08626673277144274,0.1036192364898364,0.062221120475954385,0.08477937530986614,0.10783341596430342,0.1499752107089737,0.15270203272186417,0.16831928606841845,1.0,0.08775409023301933,0.07213683688646505,0.08106098165592464,0.7429350520575112,0.07783837382250867,0.7307882994546356,0.06470004957858205
SMALLTEXT_CONTRASTIVEAL,0.0894893406048587,0.10114030738720872,0.0850272682201289,0.08973723351512147,0.09221616261774913,0.08701041150223103,0.11527020327218641,0.11328705999008429,0.0887456618740704,0.08676251859196826,0.08651462568170551,0.0961824491819534,0.09295984134853744,0.0954387704511651,0.08552305404065444,0.0917203767972236,0.09072880515617253,0.09395141298958849,0.09593455627169063,0.10832920178482895,0.11328705999008429,0.10808130887456618,0.09395141298958849,0.11948438274665345,0.09667823500247893,0.11898859692612791,0.08601883986117997,0.08676251859196826,0.08701041150223103,0.08775409023301933,1.0,0.09766980664352999,0.12295488349033218,0.09444719881011403,0.10386712940009915,0.09593455627169063,0.0894893406048587
SMALLTEXT_EMBEDDINGKMEANS,0.11229548834903322,0.09395141298958849,0.11254338125929599,0.1249380267724343,0.07312840852751612,0.07858205255329698,0.13584531482399603,0.10684184432325236,0.07535944471988101,0.07486365889935548,0.07486365889935548,0.12469013386217154,0.1256817055032226,0.08081308874566187,0.11254338125929599,0.08304412493802678,0.11601388200297472,0.06941001487357462,0.08180466038671294,0.13510163609320774,0.08824987605354487,0.12444224095190877,0.10237977193852256,0.11725334655428855,0.12617749132374814,0.08899355478433317,0.06990580069410014,0.07635101636093208,0.07461576598909271,0.07213683688646505,0.09766980664352999,1.0,0.12221120475954388,0.06990580069410014,0.13782845810609817,0.07040158651462568,0.12444224095190877
SMALLTEXT_GREEDYCORESET,0.16013882002974714,0.10535448686167576,0.12444224095190877,0.1360932077342588,0.08527516113039167,0.08378780366881507,0.10014873574615767,0.11229548834903322,0.09122459097669806,0.08973723351512147,0.08701041150223103,0.12543381259295985,0.1264253842340109,0.10163609320773426,0.12469013386217154,0.0909766980664353,0.1626177491323748,0.09271194843827467,0.10064452156668319,0.14030738720872582,0.11155180961824492,0.13510163609320774,0.11229548834903322,0.11650966782350025,0.14080317302925136,0.0991571641051066,0.08775409023301933,0.08676251859196826,0.08477937530986614,0.08106098165592464,0.12295488349033218,0.12221120475954388,1.0,0.08378780366881507,0.14303420922161625,0.08477937530986614,0.13510163609320774
SMALLTEXT_LEASTCONFIDENCE,0.07337630143777887,0.14179474467030243,0.06891422905304909,0.06643529995042141,0.28061477441745164,0.20451165096678234,0.06693108577094695,0.06593951412989589,0.15815567674764502,0.1700545364402578,0.15790778383738224,0.07659890927119484,0.07436787307882994,0.14377788795240456,0.06916212196331185,0.161378284581061,0.07560733763014378,0.1983143282102132,0.146504709965295,0.07808626673277144,0.13584531482399603,0.0894893406048587,0.10411502231036192,0.058750619732275654,0.0857709469509172,0.10337134357957363,0.15344571145265246,0.1715418939018344,0.14923153197818542,0.7429350520575112,0.09444719881011403,0.06990580069410014,0.08378780366881507,1.0,0.08378780366881507,0.7493802677243431,0.06693108577094695
SMALLTEXT_LIGHTWEIGHTCORESET,0.11750123946455131,0.0894893406048587,0.12369856222112048,0.1412989588497769,0.07858205255329698,0.07759048091224591,0.11403073872087258,0.10783341596430342,0.08081308874566187,0.07833415964303421,0.07759048091224591,0.14600892414476946,0.14724838869608328,0.0932077342588002,0.12394645513138325,0.10857709469509172,0.1212196331184928,0.07238472979672782,0.08626673277144274,0.16187407040158652,0.11700545364402579,0.14898363906792267,0.11279127416955875,0.12890431333663857,0.1650966782350025,0.0984134853743183,0.07535944471988101,0.0813088745661874,0.08006941001487357,0.07783837382250867,0.10386712940009915,0.13782845810609817,0.14303420922161625,0.08378780366881507,1.0,0.08106098165592464,0.14229053049082796
SMALLTEXT_PREDICTIONENTROPY,0.07114526524541398,0.14526524541398117,0.07387208725830441,0.07064947942488845,0.20823004462072384,0.19509172037679723,0.06618740704015866,0.06321269211700545,0.17352503718393653,0.16236985622211206,0.16063460585027267,0.0850272682201289,0.0835399107585523,0.1412989588497769,0.07387208725830441,0.15518096182449181,0.07436787307882994,0.19112543381259295,0.1442736737729301,0.08155676747645017,0.13882002974714924,0.09072880515617253,0.10163609320773426,0.06048587010411502,0.0932077342588002,0.11006445215666832,0.16212196331184928,0.15270203272186417,0.146504709965295,0.7307882994546356,0.09593455627169063,0.07040158651462568,0.08477937530986614,0.7493802677243431,0.08106098165592464,1.0,0.07188894397620228
SMALLTEXT_RANDOM,0.11328705999008429,0.08081308874566187,0.10609816559246406,0.9975210708973723,0.07114526524541398,0.07263262270699058,0.0961824491819534,0.08552305404065444,0.06792265741199802,0.06717897868120971,0.06817055032226078,0.12989588497768964,0.13039167079821518,0.08750619732275657,0.10609816559246406,0.08106098165592464,0.11650966782350025,0.07560733763014378,0.09048091224590976,0.14105106593951414,0.09742191373326722,0.12964799206742686,0.0984134853743183,0.11477441745166088,0.14452156668319285,0.08676251859196826,0.06742687159147248,0.07064947942488845,0.06866633614278632,0.06470004957858205,0.0894893406048587,0.12444224095190877,0.13510163609320774,0.06693108577094695,0.14229053049082796,0.07188894397620228,1.0
