,ALIPY_CORESET_GREEDY,ALIPY_DENSITY_WEIGHTED,ALIPY_GRAPH_DENSITY,ALIPY_RANDOM,ALIPY_UNCERTAINTY_LC,ALIPY_UNCERTAINTY_MM,LIBACT_DWUS,LIBACT_QUIRE,LIBACT_UNCERTAINTY_ENT,LIBACT_UNCERTAINTY_LC,LIBACT_UNCERTAINTY_SM,OPTIMAL_GREEDY_10,OPTIMAL_GREEDY_20,PLAYGROUND_BANDIT,PLAYGROUND_GRAPH_DENSITY,PLAYGROUND_INFORMATIVE_DIVERSE,PLAYGROUND_KCENTER_GREEDY,PLAYGROUND_MARGIN,PLAYGROUND_MIXTURE,PLAYGROUND_UNIFORM,SKACTIVEML_COST_EMBEDDING,SKACTIVEML_DAL,SKACTIVEML_DWUS,SKACTIVEML_QBC,SKACTIVEML_QBC_VOTE_ENTROPY,SKACTIVEML_QUIRE,SKACTIVEML_US_ENTROPY,SKACTIVEML_US_LC,SKACTIVEML_US_MARGIN,SMALLTEXT_BREAKINGTIES,SMALLTEXT_CONTRASTIVEAL,SMALLTEXT_EMBEDDINGKMEANS,SMALLTEXT_GREEDYCORESET,SMALLTEXT_LEASTCONFIDENCE,SMALLTEXT_LIGHTWEIGHTCORESET,SMALLTEXT_PREDICTIONENTROPY,SMALLTEXT_RANDOM
ALIPY_CORESET_GREEDY,1.0,0.05333333333333334,0.023333333333333334,0.030555555555555555,0.034444444444444444,0.029444444444444443,0.05388888888888889,0.06388888888888888,0.03222222222222222,0.03,0.030555555555555555,0.057777777777777775,0.059444444444444446,0.06,0.023333333333333334,0.045,1.0,0.04,0.044444444444444446,0.05611111111111111,0.07333333333333333,0.06444444444444444,0.04722222222222222,0.058888888888888886,0.06055555555555556,0.06277777777777778,0.03277777777777778,0.02666666666666667,0.035555555555555556,0.018333333333333333,0.06111111111111111,0.06166666666666667,0.08666666666666667,0.023333333333333334,0.057777777777777775,0.02666666666666667,0.030555555555555555
ALIPY_DENSITY_WEIGHTED,0.05333333333333334,1.0,0.058888888888888886,0.06166666666666667,0.11222222222222222,0.10111111111111111,0.15777777777777777,0.17166666666666666,0.08222222222222222,0.07388888888888889,0.08222222222222222,0.1661111111111111,0.14944444444444444,0.14277777777777778,0.058888888888888886,0.13,0.05333333333333334,0.08888888888888889,0.10444444444444445,0.16777777777777778,0.17777777777777778,0.1688888888888889,0.17055555555555554,0.17,0.14944444444444444,0.16777777777777778,0.0811111111111111,0.09333333333333334,0.08888888888888889,0.06722222222222222,0.16944444444444445,0.15666666666666668,0.17444444444444446,0.07944444444444444,0.17555555555555555,0.08555555555555555,0.06166666666666667
ALIPY_GRAPH_DENSITY,0.023333333333333334,0.058888888888888886,1.0,0.03,0.03777777777777778,0.03666666666666667,0.052222222222222225,0.04777777777777778,0.024444444444444446,0.021666666666666667,0.028333333333333332,0.051111111111111114,0.057777777777777775,0.04888888888888889,1.0,0.052222222222222225,0.023333333333333334,0.04055555555555555,0.049444444444444444,0.04611111111111111,0.05444444444444444,0.075,0.05333333333333334,0.056666666666666664,0.052222222222222225,0.059444444444444446,0.03111111111111111,0.02666666666666667,0.022222222222222223,0.020555555555555556,0.058333333333333334,0.06055555555555556,0.05,0.02277777777777778,0.05611111111111111,0.030555555555555555,0.03
ALIPY_RANDOM,0.030555555555555555,0.06166666666666667,0.03,1.0,0.03,0.03777777777777778,0.06111111111111111,0.06666666666666667,0.034444444444444444,0.029444444444444443,0.024444444444444446,0.06944444444444445,0.07166666666666667,0.051666666666666666,0.03,0.056666666666666664,0.030555555555555555,0.03888888888888889,0.055,0.05611111111111111,0.06777777777777778,0.06333333333333334,0.0661111111111111,0.058888888888888886,0.052222222222222225,0.06888888888888889,0.03388888888888889,0.025,0.02722222222222222,0.025,0.06722222222222222,0.06222222222222222,0.06166666666666667,0.016666666666666666,0.058333333333333334,0.026111111111111113,1.0
ALIPY_UNCERTAINTY_LC,0.034444444444444444,0.11222222222222222,0.03777777777777778,0.03,1.0,0.5811111111111111,0.09833333333333333,0.08611111111111111,0.09166666666666666,0.09333333333333334,0.08444444444444445,0.09277777777777778,0.09666666666666666,0.08388888888888889,0.03777777777777778,0.08333333333333333,0.034444444444444444,0.135,0.09,0.10277777777777777,0.10777777777777778,0.085,0.115,0.09055555555555556,0.10166666666666667,0.08944444444444444,0.08611111111111111,0.09277777777777778,0.08277777777777778,0.125,0.08333333333333333,0.09666666666666666,0.08444444444444445,0.2361111111111111,0.09444444444444444,0.14333333333333334,0.03
ALIPY_UNCERTAINTY_MM,0.029444444444444443,0.10111111111111111,0.03666666666666667,0.03777777777777778,0.5811111111111111,1.0,0.08833333333333333,0.09166666666666666,0.07166666666666667,0.07111111111111111,0.07611111111111112,0.09833333333333333,0.10388888888888889,0.08777777777777777,0.03666666666666667,0.07666666666666666,0.029444444444444443,0.1922222222222222,0.11055555555555556,0.08722222222222223,0.1,0.0811111111111111,0.08833333333333333,0.0811111111111111,0.10888888888888888,0.08555555555555555,0.07611111111111112,0.08944444444444444,0.07722222222222222,0.2361111111111111,0.08333333333333333,0.105,0.085,0.12555555555555556,0.09055555555555556,0.12222222222222222,0.03777777777777778
LIBACT_DWUS,0.05388888888888889,0.15777777777777777,0.052222222222222225,0.06111111111111111,0.09833333333333333,0.08833333333333333,1.0,0.18222222222222223,0.07777777777777778,0.08222222222222222,0.085,0.1738888888888889,0.17333333333333334,0.13777777777777778,0.052222222222222225,0.14666666666666667,0.05388888888888889,0.10222222222222223,0.11388888888888889,0.17055555555555554,0.19722222222222222,0.16944444444444445,0.18666666666666668,0.1738888888888889,0.17055555555555554,0.17277777777777778,0.08277777777777778,0.08666666666666667,0.08166666666666667,0.06777777777777778,0.1711111111111111,0.17777777777777778,0.17888888888888888,0.06444444444444444,0.17166666666666666,0.07833333333333334,0.06111111111111111
LIBACT_QUIRE,0.06388888888888888,0.17166666666666666,0.04777777777777778,0.06666666666666667,0.08611111111111111,0.09166666666666666,0.18222222222222223,1.0,0.06166666666666667,0.08666666666666667,0.07166666666666667,0.14222222222222222,0.1738888888888889,0.14277777777777778,0.04777777777777778,0.1322222222222222,0.06388888888888888,0.10944444444444444,0.10055555555555555,0.165,0.1711111111111111,0.17722222222222223,0.1688888888888889,0.1761111111111111,0.16333333333333333,0.16777777777777778,0.08,0.085,0.06944444444444445,0.06833333333333333,0.1688888888888889,0.15888888888888889,0.17444444444444446,0.07277777777777777,0.18055555555555555,0.08388888888888889,0.06666666666666667
LIBACT_UNCERTAINTY_ENT,0.03222222222222222,0.08222222222222222,0.024444444444444446,0.034444444444444444,0.09166666666666666,0.07166666666666667,0.07777777777777778,0.06166666666666667,1.0,0.6177777777777778,0.6094444444444445,0.07444444444444444,0.08055555555555556,0.06222222222222222,0.024444444444444446,0.065,0.03222222222222222,0.06222222222222222,0.06166666666666667,0.08888888888888889,0.07944444444444444,0.07277777777777777,0.0811111111111111,0.07722222222222222,0.07222222222222222,0.08944444444444444,0.09333333333333334,0.08555555555555555,0.08888888888888889,0.06555555555555556,0.08222222222222222,0.08222222222222222,0.08,0.07833333333333334,0.07333333333333333,0.10055555555555555,0.034444444444444444
LIBACT_UNCERTAINTY_LC,0.03,0.07388888888888889,0.021666666666666667,0.029444444444444443,0.09333333333333334,0.07111111111111111,0.08222222222222222,0.08666666666666667,0.6177777777777778,1.0,0.6044444444444445,0.07944444444444444,0.085,0.05611111111111111,0.021666666666666667,0.057777777777777775,0.03,0.057777777777777775,0.06555555555555556,0.07611111111111112,0.08222222222222222,0.08277777777777778,0.085,0.07833333333333334,0.08,0.09444444444444444,0.09,0.08277777777777778,0.08833333333333333,0.07055555555555555,0.07333333333333333,0.07777777777777778,0.07555555555555556,0.08555555555555555,0.08555555555555555,0.08444444444444445,0.029444444444444443
LIBACT_UNCERTAINTY_SM,0.030555555555555555,0.08222222222222222,0.028333333333333332,0.024444444444444446,0.08444444444444445,0.07611111111111112,0.085,0.07166666666666667,0.6094444444444445,0.6044444444444445,1.0,0.08555555555555555,0.06833333333333333,0.06444444444444444,0.028333333333333332,0.06555555555555556,0.030555555555555555,0.06388888888888888,0.055,0.07666666666666666,0.07666666666666666,0.08,0.08444444444444445,0.07444444444444444,0.07666666666666666,0.1,0.07944444444444444,0.09222222222222222,0.09833333333333333,0.07444444444444444,0.06888888888888889,0.07444444444444444,0.0811111111111111,0.07666666666666666,0.08722222222222223,0.09444444444444444,0.024444444444444446
OPTIMAL_GREEDY_10,0.057777777777777775,0.1661111111111111,0.051111111111111114,0.06944444444444445,0.09277777777777778,0.09833333333333333,0.1738888888888889,0.14222222222222222,0.07444444444444444,0.07944444444444444,0.08555555555555555,1.0,0.15722222222222224,0.12666666666666668,0.051111111111111114,0.14166666666666666,0.057777777777777775,0.09888888888888889,0.10333333333333333,0.18444444444444444,0.17722222222222223,0.16944444444444445,0.185,0.15,0.1827777777777778,0.19333333333333333,0.08277777777777778,0.06777777777777778,0.075,0.05277777777777778,0.16833333333333333,0.15611111111111112,0.1638888888888889,0.06166666666666667,0.1661111111111111,0.08055555555555556,0.06944444444444445
OPTIMAL_GREEDY_20,0.059444444444444446,0.14944444444444444,0.057777777777777775,0.07166666666666667,0.09666666666666666,0.10388888888888889,0.17333333333333334,0.1738888888888889,0.08055555555555556,0.085,0.06833333333333333,0.15722222222222224,1.0,0.1411111111111111,0.057777777777777775,0.12666666666666668,0.059444444444444446,0.09888888888888889,0.1111111111111111,0.17444444444444446,0.16555555555555557,0.16111111111111112,0.18222222222222223,0.17444444444444446,0.1661111111111111,0.15888888888888889,0.07833333333333334,0.08055555555555556,0.075,0.06055555555555556,0.1661111111111111,0.17222222222222222,0.145,0.059444444444444446,0.18333333333333332,0.06944444444444445,0.07166666666666667
PLAYGROUND_BANDIT,0.06,0.14277777777777778,0.04888888888888889,0.051666666666666666,0.08388888888888889,0.08777777777777777,0.13777777777777778,0.14277777777777778,0.06222222222222222,0.05611111111111111,0.06444444444444444,0.12666666666666668,0.1411111111111111,1.0,0.04888888888888889,0.29055555555555557,0.06,0.29777777777777775,0.275,0.12555555555555556,0.13444444444444445,0.12555555555555556,0.12833333333333333,0.12833333333333333,0.12611111111111112,0.13666666666666666,0.08166666666666667,0.06888888888888889,0.06666666666666667,0.06777777777777778,0.13166666666666665,0.12222222222222222,0.13,0.07555555555555556,0.13722222222222222,0.07722222222222222,0.051666666666666666
PLAYGROUND_GRAPH_DENSITY,0.023333333333333334,0.058888888888888886,1.0,0.03,0.03777777777777778,0.03666666666666667,0.052222222222222225,0.04777777777777778,0.024444444444444446,0.021666666666666667,0.028333333333333332,0.051111111111111114,0.057777777777777775,0.04888888888888889,1.0,0.052222222222222225,0.023333333333333334,0.04055555555555555,0.049444444444444444,0.04611111111111111,0.05444444444444444,0.075,0.05333333333333334,0.056666666666666664,0.052222222222222225,0.059444444444444446,0.03111111111111111,0.02666666666666667,0.022222222222222223,0.020555555555555556,0.058333333333333334,0.06055555555555556,0.05,0.02277777777777778,0.05611111111111111,0.030555555555555555,0.03
PLAYGROUND_INFORMATIVE_DIVERSE,0.045,0.13,0.052222222222222225,0.056666666666666664,0.08333333333333333,0.07666666666666666,0.14666666666666667,0.1322222222222222,0.065,0.057777777777777775,0.06555555555555556,0.14166666666666666,0.12666666666666668,0.29055555555555557,0.052222222222222225,1.0,0.045,0.2644444444444444,0.26055555555555554,0.14333333333333334,0.1461111111111111,0.12444444444444444,0.14166666666666666,0.14166666666666666,0.1338888888888889,0.1411111111111111,0.07,0.08055555555555556,0.07111111111111111,0.07166666666666667,0.12944444444444445,0.12944444444444445,0.14777777777777779,0.06277777777777778,0.13777777777777778,0.07111111111111111,0.056666666666666664
PLAYGROUND_KCENTER_GREEDY,1.0,0.05333333333333334,0.023333333333333334,0.030555555555555555,0.034444444444444444,0.029444444444444443,0.05388888888888889,0.06388888888888888,0.03222222222222222,0.03,0.030555555555555555,0.057777777777777775,0.059444444444444446,0.06,0.023333333333333334,0.045,1.0,0.04,0.044444444444444446,0.05611111111111111,0.07333333333333333,0.06444444444444444,0.04722222222222222,0.058888888888888886,0.06055555555555556,0.06277777777777778,0.03277777777777778,0.02666666666666667,0.035555555555555556,0.018333333333333333,0.06111111111111111,0.06166666666666667,0.08666666666666667,0.023333333333333334,0.057777777777777775,0.02666666666666667,0.030555555555555555
PLAYGROUND_MARGIN,0.04,0.08888888888888889,0.04055555555555555,0.03888888888888889,0.135,0.1922222222222222,0.10222222222222223,0.10944444444444444,0.06222222222222222,0.057777777777777775,0.06388888888888888,0.09888888888888889,0.09888888888888889,0.29777777777777775,0.04055555555555555,0.2644444444444444,0.04,1.0,0.43,0.0961111111111111,0.09222222222222222,0.09333333333333334,0.09166666666666666,0.09444444444444444,0.10277777777777777,0.10888888888888888,0.06166666666666667,0.056666666666666664,0.06166666666666667,0.16555555555555557,0.09444444444444444,0.10388888888888889,0.08555555555555555,0.10333333333333333,0.09,0.10944444444444444,0.03888888888888889
PLAYGROUND_MIXTURE,0.044444444444444446,0.10444444444444445,0.049444444444444444,0.055,0.09,0.11055555555555556,0.11388888888888889,0.10055555555555555,0.06166666666666667,0.06555555555555556,0.055,0.10333333333333333,0.1111111111111111,0.275,0.049444444444444444,0.26055555555555554,0.044444444444444446,0.43,1.0,0.11888888888888889,0.10611111111111111,0.10333333333333333,0.10222222222222223,0.12111111111111111,0.09,0.10444444444444445,0.05722222222222222,0.05611111111111111,0.058888888888888886,0.095,0.105,0.10611111111111111,0.09333333333333334,0.07555555555555556,0.11277777777777778,0.07166666666666667,0.055
PLAYGROUND_UNIFORM,0.05611111111111111,0.16777777777777778,0.04611111111111111,0.05611111111111111,0.10277777777777777,0.08722222222222223,0.17055555555555554,0.165,0.08888888888888889,0.07611111111111112,0.07666666666666666,0.18444444444444444,0.17444444444444446,0.12555555555555556,0.04611111111111111,0.14333333333333334,0.05611111111111111,0.0961111111111111,0.11888888888888889,1.0,0.14777777777777779,0.17666666666666667,0.1827777777777778,0.17444444444444446,0.15444444444444444,0.16666666666666666,0.07611111111111112,0.06666666666666667,0.07888888888888888,0.06,0.17555555555555555,0.16722222222222222,0.16833333333333333,0.05277777777777778,0.1688888888888889,0.07277777777777777,0.05611111111111111
SKACTIVEML_COST_EMBEDDING,0.07333333333333333,0.17777777777777778,0.05444444444444444,0.06777777777777778,0.10777777777777778,0.1,0.19722222222222222,0.1711111111111111,0.07944444444444444,0.08222222222222222,0.07666666666666666,0.17722222222222223,0.16555555555555557,0.13444444444444445,0.05444444444444444,0.1461111111111111,0.07333333333333333,0.09222222222222222,0.10611111111111111,0.14777777777777779,1.0,0.16111111111111112,0.17444444444444446,0.17333333333333334,0.17333333333333334,0.1761111111111111,0.08666666666666667,0.08944444444444444,0.07722222222222222,0.06888888888888889,0.16944444444444445,0.165,0.17722222222222223,0.06722222222222222,0.16166666666666665,0.07166666666666667,0.06777777777777778
SKACTIVEML_DAL,0.06444444444444444,0.1688888888888889,0.075,0.06333333333333334,0.085,0.0811111111111111,0.16944444444444445,0.17722222222222223,0.07277777777777777,0.08277777777777778,0.08,0.16944444444444445,0.16111111111111112,0.12555555555555556,0.075,0.12444444444444444,0.06444444444444444,0.09333333333333334,0.10333333333333333,0.17666666666666667,0.16111111111111112,1.0,0.1688888888888889,0.15722222222222224,0.15833333333333333,0.18,0.08,0.08388888888888889,0.07777777777777778,0.065,0.18166666666666667,0.17,0.16444444444444445,0.05611111111111111,0.16777777777777778,0.08,0.06333333333333334
SKACTIVEML_DWUS,0.04722222222222222,0.17055555555555554,0.05333333333333334,0.0661111111111111,0.115,0.08833333333333333,0.18666666666666668,0.1688888888888889,0.0811111111111111,0.085,0.08444444444444445,0.185,0.18222222222222223,0.12833333333333333,0.05333333333333334,0.14166666666666666,0.04722222222222222,0.09166666666666666,0.10222222222222223,0.1827777777777778,0.17444444444444446,0.1688888888888889,1.0,0.1622222222222222,0.16,0.1938888888888889,0.08222222222222222,0.09333333333333334,0.08666666666666667,0.06388888888888888,0.17222222222222222,0.1738888888888889,0.17444444444444446,0.0661111111111111,0.17666666666666667,0.08833333333333333,0.0661111111111111
SKACTIVEML_QBC,0.058888888888888886,0.17,0.056666666666666664,0.058888888888888886,0.09055555555555556,0.0811111111111111,0.1738888888888889,0.1761111111111111,0.07722222222222222,0.07833333333333334,0.07444444444444444,0.15,0.17444444444444446,0.12833333333333333,0.056666666666666664,0.14166666666666666,0.058888888888888886,0.09444444444444444,0.12111111111111111,0.17444444444444446,0.17333333333333334,0.15722222222222224,0.1622222222222222,1.0,0.18444444444444444,0.15833333333333333,0.08166666666666667,0.08444444444444445,0.085,0.06222222222222222,0.1688888888888889,0.15777777777777777,0.18333333333333332,0.06833333333333333,0.17888888888888888,0.07777777777777778,0.058888888888888886
SKACTIVEML_QBC_VOTE_ENTROPY,0.06055555555555556,0.14944444444444444,0.052222222222222225,0.052222222222222225,0.10166666666666667,0.10888888888888888,0.17055555555555554,0.16333333333333333,0.07222222222222222,0.08,0.07666666666666666,0.1827777777777778,0.1661111111111111,0.12611111111111112,0.052222222222222225,0.1338888888888889,0.06055555555555556,0.10277777777777777,0.09,0.15444444444444444,0.17333333333333334,0.15833333333333333,0.16,0.18444444444444444,1.0,0.15444444444444444,0.08611111111111111,0.07777777777777778,0.08444444444444445,0.06777777777777778,0.17277777777777778,0.15944444444444444,0.16666666666666666,0.06944444444444445,0.15444444444444444,0.06833333333333333,0.052222222222222225
SKACTIVEML_QUIRE,0.06277777777777778,0.16777777777777778,0.059444444444444446,0.06888888888888889,0.08944444444444444,0.08555555555555555,0.17277777777777778,0.16777777777777778,0.08944444444444444,0.09444444444444444,0.1,0.19333333333333333,0.15888888888888889,0.13666666666666666,0.059444444444444446,0.1411111111111111,0.06277777777777778,0.10888888888888888,0.10444444444444445,0.16666666666666666,0.1761111111111111,0.18,0.1938888888888889,0.15833333333333333,0.15444444444444444,1.0,0.09055555555555556,0.09833333333333333,0.09,0.07222222222222222,0.1761111111111111,0.16777777777777778,0.16166666666666665,0.07222222222222222,0.16333333333333333,0.07555555555555556,0.06888888888888889
SKACTIVEML_US_ENTROPY,0.03277777777777778,0.0811111111111111,0.03111111111111111,0.03388888888888889,0.08611111111111111,0.07611111111111112,0.08277777777777778,0.08,0.09333333333333334,0.09,0.07944444444444444,0.08277777777777778,0.07833333333333334,0.08166666666666667,0.03111111111111111,0.07,0.03277777777777778,0.06166666666666667,0.05722222222222222,0.07611111111111112,0.08666666666666667,0.08,0.08222222222222222,0.08166666666666667,0.08611111111111111,0.09055555555555556,1.0,0.61,0.5894444444444444,0.06277777777777778,0.07666666666666666,0.07666666666666666,0.08777777777777777,0.07833333333333334,0.08222222222222222,0.09277777777777778,0.03388888888888889
SKACTIVEML_US_LC,0.02666666666666667,0.09333333333333334,0.02666666666666667,0.025,0.09277777777777778,0.08944444444444444,0.08666666666666667,0.085,0.08555555555555555,0.08277777777777778,0.09222222222222222,0.06777777777777778,0.08055555555555556,0.06888888888888889,0.02666666666666667,0.08055555555555556,0.02666666666666667,0.056666666666666664,0.05611111111111111,0.06666666666666667,0.08944444444444444,0.08388888888888889,0.09333333333333334,0.08444444444444445,0.07777777777777778,0.09833333333333333,0.61,1.0,0.5994444444444444,0.06944444444444445,0.07,0.07777777777777778,0.07833333333333334,0.08166666666666667,0.07944444444444444,0.09055555555555556,0.025
SKACTIVEML_US_MARGIN,0.035555555555555556,0.08888888888888889,0.022222222222222223,0.02722222222222222,0.08277777777777778,0.07722222222222222,0.08166666666666667,0.06944444444444445,0.08888888888888889,0.08833333333333333,0.09833333333333333,0.075,0.075,0.06666666666666667,0.022222222222222223,0.07111111111111111,0.035555555555555556,0.06166666666666667,0.058888888888888886,0.07888888888888888,0.07722222222222222,0.07777777777777778,0.08666666666666667,0.085,0.08444444444444445,0.09,0.5894444444444444,0.5994444444444444,1.0,0.08277777777777778,0.07222222222222222,0.07611111111111112,0.09055555555555556,0.07333333333333333,0.08055555555555556,0.08333333333333333,0.02722222222222222
SMALLTEXT_BREAKINGTIES,0.018333333333333333,0.06722222222222222,0.020555555555555556,0.025,0.125,0.2361111111111111,0.06777777777777778,0.06833333333333333,0.06555555555555556,0.07055555555555555,0.07444444444444444,0.05277777777777778,0.06055555555555556,0.06777777777777778,0.020555555555555556,0.07166666666666667,0.018333333333333333,0.16555555555555557,0.095,0.06,0.06888888888888889,0.065,0.06388888888888888,0.06222222222222222,0.06777777777777778,0.07222222222222222,0.06277777777777778,0.06944444444444445,0.08277777777777778,1.0,0.06388888888888888,0.06444444444444444,0.05555555555555555,0.5883333333333334,0.06444444444444444,0.5827777777777777,0.025
SMALLTEXT_CONTRASTIVEAL,0.06111111111111111,0.16944444444444445,0.058333333333333334,0.06722222222222222,0.08333333333333333,0.08333333333333333,0.1711111111111111,0.1688888888888889,0.08222222222222222,0.07333333333333333,0.06888888888888889,0.16833333333333333,0.1661111111111111,0.13166666666666665,0.058333333333333334,0.12944444444444445,0.06111111111111111,0.09444444444444444,0.105,0.17555555555555555,0.16944444444444445,0.18166666666666667,0.17222222222222222,0.1688888888888889,0.17277777777777778,0.1761111111111111,0.07666666666666666,0.07,0.07222222222222222,0.06388888888888888,1.0,0.15944444444444444,0.16944444444444445,0.06111111111111111,0.17166666666666666,0.06944444444444445,0.06722222222222222
SMALLTEXT_EMBEDDINGKMEANS,0.06166666666666667,0.15666666666666668,0.06055555555555556,0.06222222222222222,0.09666666666666666,0.105,0.17777777777777778,0.15888888888888889,0.08222222222222222,0.07777777777777778,0.07444444444444444,0.15611111111111112,0.17222222222222222,0.12222222222222222,0.06055555555555556,0.12944444444444445,0.06166666666666667,0.10388888888888889,0.10611111111111111,0.16722222222222222,0.165,0.17,0.1738888888888889,0.15777777777777777,0.15944444444444444,0.16777777777777778,0.07666666666666666,0.07777777777777778,0.07611111111111112,0.06444444444444444,0.15944444444444444,1.0,0.155,0.06444444444444444,0.16944444444444445,0.08277777777777778,0.06222222222222222
SMALLTEXT_GREEDYCORESET,0.08666666666666667,0.17444444444444446,0.05,0.06166666666666667,0.08444444444444445,0.085,0.17888888888888888,0.17444444444444446,0.08,0.07555555555555556,0.0811111111111111,0.1638888888888889,0.145,0.13,0.05,0.14777777777777779,0.08666666666666667,0.08555555555555555,0.09333333333333334,0.16833333333333333,0.17722222222222223,0.16444444444444445,0.17444444444444446,0.18333333333333332,0.16666666666666666,0.16166666666666665,0.08777777777777777,0.07833333333333334,0.09055555555555556,0.05555555555555555,0.16944444444444445,0.155,1.0,0.06777777777777778,0.18166666666666667,0.06833333333333333,0.06166666666666667
SMALLTEXT_LEASTCONFIDENCE,0.023333333333333334,0.07944444444444444,0.02277777777777778,0.016666666666666666,0.2361111111111111,0.12555555555555556,0.06444444444444444,0.07277777777777777,0.07833333333333334,0.08555555555555555,0.07666666666666666,0.06166666666666667,0.059444444444444446,0.07555555555555556,0.02277777777777778,0.06277777777777778,0.023333333333333334,0.10333333333333333,0.07555555555555556,0.05277777777777778,0.06722222222222222,0.05611111111111111,0.0661111111111111,0.06833333333333333,0.06944444444444445,0.07222222222222222,0.07833333333333334,0.08166666666666667,0.07333333333333333,0.5883333333333334,0.06111111111111111,0.06444444444444444,0.06777777777777778,1.0,0.06944444444444445,0.595,0.016666666666666666
SMALLTEXT_LIGHTWEIGHTCORESET,0.057777777777777775,0.17555555555555555,0.05611111111111111,0.058333333333333334,0.09444444444444444,0.09055555555555556,0.17166666666666666,0.18055555555555555,0.07333333333333333,0.08555555555555555,0.08722222222222223,0.1661111111111111,0.18333333333333332,0.13722222222222222,0.05611111111111111,0.13777777777777778,0.057777777777777775,0.09,0.11277777777777778,0.1688888888888889,0.16166666666666665,0.16777777777777778,0.17666666666666667,0.17888888888888888,0.15444444444444444,0.16333333333333333,0.08222222222222222,0.07944444444444444,0.08055555555555556,0.06444444444444444,0.17166666666666666,0.16944444444444445,0.18166666666666667,0.06944444444444445,1.0,0.07111111111111111,0.058333333333333334
SMALLTEXT_PREDICTIONENTROPY,0.02666666666666667,0.08555555555555555,0.030555555555555555,0.026111111111111113,0.14333333333333334,0.12222222222222222,0.07833333333333334,0.08388888888888889,0.10055555555555555,0.08444444444444445,0.09444444444444444,0.08055555555555556,0.06944444444444445,0.07722222222222222,0.030555555555555555,0.07111111111111111,0.02666666666666667,0.10944444444444444,0.07166666666666667,0.07277777777777777,0.07166666666666667,0.08,0.08833333333333333,0.07777777777777778,0.06833333333333333,0.07555555555555556,0.09277777777777778,0.09055555555555556,0.08333333333333333,0.5827777777777777,0.06944444444444445,0.08277777777777778,0.06833333333333333,0.595,0.07111111111111111,1.0,0.026111111111111113
SMALLTEXT_RANDOM,0.030555555555555555,0.06166666666666667,0.03,1.0,0.03,0.03777777777777778,0.06111111111111111,0.06666666666666667,0.034444444444444444,0.029444444444444443,0.024444444444444446,0.06944444444444445,0.07166666666666667,0.051666666666666666,0.03,0.056666666666666664,0.030555555555555555,0.03888888888888889,0.055,0.05611111111111111,0.06777777777777778,0.06333333333333334,0.0661111111111111,0.058888888888888886,0.052222222222222225,0.06888888888888889,0.03388888888888889,0.025,0.02722222222222222,0.025,0.06722222222222222,0.06222222222222222,0.06166666666666667,0.016666666666666666,0.058333333333333334,0.026111111111111113,1.0
