,ALIPY_CORESET_GREEDY,ALIPY_DENSITY_WEIGHTED,ALIPY_GRAPH_DENSITY,ALIPY_RANDOM,ALIPY_UNCERTAINTY_LC,ALIPY_UNCERTAINTY_MM,LIBACT_DWUS,LIBACT_QUIRE,LIBACT_UNCERTAINTY_ENT,LIBACT_UNCERTAINTY_LC,LIBACT_UNCERTAINTY_SM,OPTIMAL_GREEDY_10,OPTIMAL_GREEDY_20,PLAYGROUND_BANDIT,PLAYGROUND_GRAPH_DENSITY,PLAYGROUND_INFORMATIVE_DIVERSE,PLAYGROUND_KCENTER_GREEDY,PLAYGROUND_MARGIN,PLAYGROUND_MIXTURE,PLAYGROUND_UNIFORM,SKACTIVEML_COST_EMBEDDING,SKACTIVEML_DAL,SKACTIVEML_DWUS,SKACTIVEML_QBC,SKACTIVEML_QBC_VOTE_ENTROPY,SKACTIVEML_QUIRE,SKACTIVEML_US_ENTROPY,SKACTIVEML_US_LC,SKACTIVEML_US_MARGIN,SMALLTEXT_BREAKINGTIES,SMALLTEXT_CONTRASTIVEAL,SMALLTEXT_EMBEDDINGKMEANS,SMALLTEXT_GREEDYCORESET,SMALLTEXT_LEASTCONFIDENCE,SMALLTEXT_LIGHTWEIGHTCORESET,SMALLTEXT_PREDICTIONENTROPY,SMALLTEXT_RANDOM
ALIPY_CORESET_GREEDY,1.0,0.07040158651462568,0.03148239960337134,0.06346058502726822,0.03619236489836391,0.036440257808626676,0.0813088745661874,0.1065939514129896,0.030738720872583045,0.018591968269707486,0.018591968269707486,0.09568666336142786,0.08750619732275657,0.05775904809122459,0.03148239960337134,0.0495785820525533,1.0,0.034209221616261776,0.06271690629647993,0.0969261279127417,0.07288051561725335,0.09791769955379276,0.06147744174516609,0.07263262270699058,0.09444719881011403,0.06346058502726822,0.01412989588497769,0.018591968269707486,0.019583539910758552,0.017848289538919187,0.09147248388696083,0.09048091224590976,0.19558750619732276,0.017848289538919187,0.09717402082300446,0.018839861179970253,0.06346058502726822
ALIPY_DENSITY_WEIGHTED,0.07040158651462568,1.0,0.04561229548834903,0.050322260783341594,0.14179474467030243,0.1420426375805652,0.13733267228557264,0.16807139315815567,0.08824987605354487,0.09593455627169063,0.09766980664352999,0.16410510659395142,0.161378284581061,0.1650966782350025,0.04561229548834903,0.17997025285076848,0.07040158651462568,0.15344571145265246,0.1249380267724343,0.139067922657412,0.1864154685176004,0.15195835399107585,0.15865146256817056,0.14080317302925136,0.15592464055528013,0.22806147744174515,0.10138820029747149,0.10064452156668319,0.10114030738720872,0.08477937530986614,0.18294496777392166,0.13931581556767478,0.1774913237481408,0.0887456618740704,0.16013882002974714,0.0932077342588002,0.050322260783341594
ALIPY_GRAPH_DENSITY,0.03148239960337134,0.04561229548834903,1.0,0.03891918691125434,0.025780862667327716,0.025532969757064948,0.062221120475954385,0.05304908279623203,0.014377788795240456,0.012146752602875557,0.012890431333663858,0.06023797719385226,0.056023797719385225,0.03941497273177987,1.0,0.035448686167575606,0.03148239960337134,0.030738720872583045,0.035448686167575606,0.05453644025780863,0.0436291522062469,0.05999008428358949,0.054784333168071395,0.05453644025780863,0.05676747645017353,0.04784333168071393,0.013138324243926624,0.013138324243926624,0.013386217154189391,0.010163609320773426,0.0518096182449182,0.053792761527020325,0.04858701041150223,0.010163609320773426,0.05528011898859692,0.011650966782350025,0.03891918691125434
ALIPY_RANDOM,0.06346058502726822,0.050322260783341594,0.03891918691125434,1.0,0.03619236489836391,0.035696579077838374,0.07560733763014378,0.05800694100148736,0.02181457610312345,0.01983143282102132,0.021566683192860685,0.11155180961824492,0.10733763014377788,0.059494298463063956,0.03891918691125434,0.04933068914229053,0.06346058502726822,0.03272186415468518,0.06916212196331185,0.10932077342588002,0.07213683688646505,0.10758552305404065,0.08552305404065444,0.10609816559246406,0.11551809618244918,0.06122954883490332,0.017104610808130888,0.017848289538919187,0.019583539910758552,0.01983143282102132,0.0768468021814576,0.0894893406048587,0.07659890927119484,0.01983143282102132,0.0954387704511651,0.019583539910758552,1.0
ALIPY_UNCERTAINTY_LC,0.03619236489836391,0.14179474467030243,0.025780862667327716,0.03619236489836391,1.0,0.7441745166088249,0.06172533465542886,0.06494794248884482,0.12245909766980664,0.1368368864650471,0.12047595438770452,0.06841844323252355,0.06445215666831929,0.09643034209221617,0.025780862667327716,0.11527020327218641,0.03619236489836391,0.17674764501735252,0.0932077342588002,0.05577590480912246,0.09196826970748637,0.07213683688646505,0.08477937530986614,0.06891422905304909,0.06470004957858205,0.10089241447694595,0.12543381259295985,0.13435795736241943,0.12394645513138325,0.1633614278631631,0.0835399107585523,0.05701536936043629,0.07213683688646505,0.26499752107089736,0.06470004957858205,0.17352503718393653,0.03619236489836391
ALIPY_UNCERTAINTY_MM,0.036440257808626676,0.1420426375805652,0.025532969757064948,0.035696579077838374,0.7441745166088249,1.0,0.06321269211700545,0.06841844323252355,0.10510659395141299,0.12146752602875557,0.14105106593951414,0.06742687159147248,0.07238472979672782,0.09643034209221617,0.025532969757064948,0.11998016856717898,0.036440257808626676,0.21690629647992068,0.10932077342588002,0.05627169062964799,0.0894893406048587,0.07139315815567675,0.08552305404065444,0.07436787307882994,0.06742687159147248,0.10461080813088745,0.11378284581060982,0.1212196331184928,0.1450173525037184,0.25756073376301436,0.08403569657907783,0.06370847793753098,0.07312840852751612,0.161378284581061,0.06742687159147248,0.16212196331184928,0.035696579077838374
LIBACT_DWUS,0.0813088745661874,0.13733267228557264,0.062221120475954385,0.07560733763014378,0.06172533465542886,0.06321269211700545,1.0,0.1353495290034705,0.03668815071888944,0.036440257808626676,0.035696579077838374,0.17129400099157163,0.17575607337630145,0.12444224095190877,0.062221120475954385,0.12047595438770452,0.0813088745661874,0.0991571641051066,0.10014873574615767,0.15691621219633117,0.15195835399107585,0.17055032226078334,0.2057511155180962,0.18616757560733763,0.17253346554288548,0.15071888943976203,0.03371343579573624,0.03767972235994051,0.03941497273177987,0.03247397124442241,0.15493306891422906,0.2072384729796728,0.14675260287555775,0.031234506693108576,0.15964303420922163,0.03718393653941497,0.07560733763014378
LIBACT_QUIRE,0.1065939514129896,0.16807139315815567,0.05304908279623203,0.05800694100148736,0.06494794248884482,0.06841844323252355,0.1353495290034705,1.0,0.04164600892414477,0.039167079821517105,0.03718393653941497,0.15195835399107585,0.1591472483886961,0.10981655924640556,0.05304908279623203,0.11502231036192365,0.1065939514129896,0.0835399107585523,0.09940505701536936,0.14377788795240456,0.153941497273178,0.15121467526028756,0.13882002974714924,0.14625681705503224,0.15245413981160139,0.17550818046603867,0.04090233019335647,0.04189390183440753,0.04238968765493307,0.03222607833415964,0.18691125433812594,0.14972731779871096,0.21393158155676748,0.03743182944967774,0.17426871591472484,0.0428854734754586,0.05800694100148736
LIBACT_UNCERTAINTY_ENT,0.030738720872583045,0.08824987605354487,0.014377788795240456,0.02181457610312345,0.12245909766980664,0.10510659395141299,0.03668815071888944,0.04164600892414477,1.0,0.7583044124938026,0.7364898363906792,0.052553296975706494,0.05304908279623203,0.05999008428358949,0.014377788795240456,0.06321269211700545,0.030738720872583045,0.07411998016856718,0.04685176003966286,0.06593951412989589,0.05503222607833416,0.05651958353991076,0.053544868616757564,0.05007436787307883,0.04462072384729797,0.06122954883490332,0.14005949429846307,0.1256817055032226,0.10337134357957363,0.11725334655428855,0.05057015369360436,0.044868616757560736,0.05205751115518096,0.13634110064452157,0.04784333168071393,0.17104610808130888,0.02181457610312345
LIBACT_UNCERTAINTY_LC,0.018591968269707486,0.09593455627169063,0.012146752602875557,0.01983143282102132,0.1368368864650471,0.12146752602875557,0.036440257808626676,0.039167079821517105,0.7583044124938026,1.0,0.7600396628656421,0.0480912245909767,0.045364402578086264,0.07238472979672782,0.012146752602875557,0.08155676747645017,0.018591968269707486,0.08155676747645017,0.0495785820525533,0.04238968765493307,0.06122954883490332,0.050322260783341594,0.06817055032226078,0.04784333168071393,0.0436291522062469,0.062221120475954385,0.13882002974714924,0.14303420922161625,0.12369856222112048,0.1383242439266237,0.04015865146256817,0.041398116013882005,0.04561229548834903,0.1588993554784333,0.04561229548834903,0.16559246405552802,0.01983143282102132
LIBACT_UNCERTAINTY_SM,0.018591968269707486,0.09766980664352999,0.012890431333663858,0.021566683192860685,0.12047595438770452,0.14105106593951414,0.035696579077838374,0.03718393653941497,0.7364898363906792,0.7600396628656421,1.0,0.05280118988596926,0.05280118988596926,0.07288051561725335,0.012890431333663858,0.08329201784828955,0.018591968269707486,0.0872583044124938,0.05651958353991076,0.04685176003966286,0.06544372830937036,0.054784333168071395,0.06246901338621715,0.05007436787307883,0.04610808130887457,0.05552801189885969,0.12295488349033218,0.11849281110560238,0.15195835399107585,0.16162617749132374,0.04338125929598413,0.04313336638572137,0.047595438770451165,0.14080317302925136,0.04784333168071393,0.1494794248884482,0.021566683192860685
OPTIMAL_GREEDY_10,0.09568666336142786,0.16410510659395142,0.06023797719385226,0.11155180961824492,0.06841844323252355,0.06742687159147248,0.17129400099157163,0.15195835399107585,0.052553296975706494,0.0480912245909767,0.05280118988596926,1.0,0.24739712444224096,0.14179474467030243,0.06023797719385226,0.12592959841348536,0.09568666336142786,0.07585523054040655,0.11849281110560238,0.2166584035696579,0.16063460585027267,0.20971740208230044,0.18443232523549827,0.2055032226078334,0.22211204759543876,0.15964303420922163,0.04833911750123947,0.0473475458601884,0.05304908279623203,0.03445711452652454,0.1591472483886961,0.1938522558254834,0.17426871591472484,0.039167079821517105,0.21095686663361427,0.045364402578086264,0.11155180961824492
OPTIMAL_GREEDY_20,0.08750619732275657,0.161378284581061,0.056023797719385225,0.10733763014377788,0.06445215666831929,0.07238472979672782,0.17575607337630145,0.1591472483886961,0.05304908279623203,0.045364402578086264,0.05280118988596926,0.24739712444224096,1.0,0.12617749132374814,0.056023797719385225,0.13237481408031732,0.08750619732275657,0.08899355478433317,0.11279127416955875,0.22161626177491323,0.1715418939018344,0.20798215171046108,0.1737729300941993,0.1938522558254834,0.20847793753098662,0.16311353495290035,0.0466038671294001,0.051065939514129896,0.05007436787307883,0.03767972235994051,0.16732771442736738,0.1819533961328706,0.1812097174020823,0.04090233019335647,0.2055032226078334,0.04685176003966286,0.10733763014377788
PLAYGROUND_BANDIT,0.05775904809122459,0.1650966782350025,0.03941497273177987,0.059494298463063956,0.09643034209221617,0.09643034209221617,0.12444224095190877,0.10981655924640556,0.05999008428358949,0.07238472979672782,0.07288051561725335,0.14179474467030243,0.12617749132374814,1.0,0.03941497273177987,0.3626673277144274,0.05775904809122459,0.33093703520079326,0.3626673277144274,0.14229053049082796,0.16187407040158652,0.13262270699058007,0.13187902825979178,0.12394645513138325,0.13634110064452157,0.14229053049082796,0.058750619732275654,0.06073376301437779,0.06742687159147248,0.06792265741199802,0.13361427863163114,0.11576598909271195,0.13708477937530986,0.06370847793753098,0.12865642042637582,0.06668319286068418,0.059494298463063956
PLAYGROUND_GRAPH_DENSITY,0.03148239960337134,0.04561229548834903,1.0,0.03891918691125434,0.025780862667327716,0.025532969757064948,0.062221120475954385,0.05304908279623203,0.014377788795240456,0.012146752602875557,0.012890431333663858,0.06023797719385226,0.056023797719385225,0.03941497273177987,1.0,0.035448686167575606,0.03148239960337134,0.030738720872583045,0.035448686167575606,0.05453644025780863,0.0436291522062469,0.05999008428358949,0.054784333168071395,0.05453644025780863,0.05676747645017353,0.04784333168071393,0.013138324243926624,0.013138324243926624,0.013386217154189391,0.010163609320773426,0.0518096182449182,0.053792761527020325,0.04858701041150223,0.010163609320773426,0.05528011898859692,0.011650966782350025,0.03891918691125434
PLAYGROUND_INFORMATIVE_DIVERSE,0.0495785820525533,0.17997025285076848,0.035448686167575606,0.04933068914229053,0.11527020327218641,0.11998016856717898,0.12047595438770452,0.11502231036192365,0.06321269211700545,0.08155676747645017,0.08329201784828955,0.12592959841348536,0.13237481408031732,0.3626673277144274,0.035448686167575606,1.0,0.0495785820525533,0.34234010907288054,0.307882994546356,0.1264253842340109,0.15319781854238967,0.12097174020823004,0.14402578086266732,0.11303916707982152,0.12171541893901834,0.1700545364402578,0.07535944471988101,0.07957362419434805,0.08626673277144274,0.07858205255329698,0.1450173525037184,0.11948438274665345,0.11948438274665345,0.07932573128408528,0.12989588497768964,0.08304412493802678,0.04933068914229053
PLAYGROUND_KCENTER_GREEDY,1.0,0.07040158651462568,0.03148239960337134,0.06346058502726822,0.03619236489836391,0.036440257808626676,0.0813088745661874,0.1065939514129896,0.030738720872583045,0.018591968269707486,0.018591968269707486,0.09568666336142786,0.08750619732275657,0.05775904809122459,0.03148239960337134,0.0495785820525533,1.0,0.034209221616261776,0.06271690629647993,0.0969261279127417,0.07288051561725335,0.09791769955379276,0.06147744174516609,0.07263262270699058,0.09444719881011403,0.06346058502726822,0.01412989588497769,0.018591968269707486,0.019583539910758552,0.017848289538919187,0.09147248388696083,0.09048091224590976,0.19558750619732276,0.017848289538919187,0.09717402082300446,0.018839861179970253,0.06346058502726822
PLAYGROUND_MARGIN,0.034209221616261776,0.15344571145265246,0.030738720872583045,0.03272186415468518,0.17674764501735252,0.21690629647992068,0.0991571641051066,0.0835399107585523,0.07411998016856718,0.08155676747645017,0.0872583044124938,0.07585523054040655,0.08899355478433317,0.33093703520079326,0.030738720872583045,0.34234010907288054,0.034209221616261776,1.0,0.44868616757560736,0.07114526524541398,0.12072384729796728,0.07882994546355974,0.09643034209221617,0.07709469509172037,0.07957362419434805,0.1264253842340109,0.08205255329697571,0.09271194843827467,0.09048091224590976,0.16831928606841845,0.10039662865642042,0.0768468021814576,0.08279623202776401,0.12022806147744175,0.08453148239960337,0.1249380267724343,0.03272186415468518
PLAYGROUND_MIXTURE,0.06271690629647993,0.1249380267724343,0.035448686167575606,0.06916212196331185,0.0932077342588002,0.10932077342588002,0.10014873574615767,0.09940505701536936,0.04685176003966286,0.0495785820525533,0.05651958353991076,0.11849281110560238,0.11279127416955875,0.3626673277144274,0.035448686167575606,0.307882994546356,0.06271690629647993,0.44868616757560736,1.0,0.11328705999008429,0.13237481408031732,0.10882498760535449,0.10857709469509172,0.0999008428358949,0.10535448686167576,0.11403073872087258,0.04858701041150223,0.04784333168071393,0.04833911750123947,0.08106098165592464,0.11626177491323748,0.10064452156668319,0.11179970252850768,0.06271690629647993,0.11527020327218641,0.06172533465542886,0.06916212196331185
PLAYGROUND_UNIFORM,0.0969261279127417,0.139067922657412,0.05453644025780863,0.10932077342588002,0.05577590480912246,0.05627169062964799,0.15691621219633117,0.14377788795240456,0.06593951412989589,0.04238968765493307,0.04685176003966286,0.2166584035696579,0.22161626177491323,0.14229053049082796,0.05453644025780863,0.1264253842340109,0.0969261279127417,0.07114526524541398,0.11328705999008429,1.0,0.1774913237481408,0.2203767972235994,0.1968269707486366,0.20748636588993555,0.236737729300942,0.1611303916707982,0.04090233019335647,0.042637580565195836,0.03495290034705007,0.03594447198810114,0.17550818046603867,0.2035200793257313,0.16931085770946952,0.03346554288547347,0.1983143282102132,0.04462072384729797,0.10932077342588002
SKACTIVEML_COST_EMBEDDING,0.07288051561725335,0.1864154685176004,0.0436291522062469,0.07213683688646505,0.09196826970748637,0.0894893406048587,0.15195835399107585,0.153941497273178,0.05503222607833416,0.06122954883490332,0.06544372830937036,0.16063460585027267,0.1715418939018344,0.16187407040158652,0.0436291522062469,0.15319781854238967,0.07288051561725335,0.12072384729796728,0.13237481408031732,0.1774913237481408,1.0,0.1665840356965791,0.1722855726326227,0.1628656420426376,0.17625185919682698,0.17773921665840356,0.05280118988596926,0.05775904809122459,0.06048587010411502,0.05304908279623203,0.17476450173525038,0.1663361427863163,0.17848289538919188,0.05230540406544373,0.17649975210708974,0.057263262270699056,0.07213683688646505
SKACTIVEML_DAL,0.09791769955379276,0.15195835399107585,0.05999008428358949,0.10758552305404065,0.07213683688646505,0.07139315815567675,0.17055032226078334,0.15121467526028756,0.05651958353991076,0.050322260783341594,0.054784333168071395,0.20971740208230044,0.20798215171046108,0.13262270699058007,0.05999008428358949,0.12097174020823004,0.09791769955379276,0.07882994546355974,0.10882498760535449,0.2203767972235994,0.1665840356965791,1.0,0.17104610808130888,0.19533961328705998,0.21839365394149726,0.1517104610808131,0.05007436787307883,0.046355974219137334,0.05304908279623203,0.04189390183440753,0.17327714427367377,0.19484382746653445,0.1945959345562717,0.044868616757560736,0.2017848289538919,0.05156172533465543,0.10758552305404065
SKACTIVEML_DWUS,0.06147744174516609,0.15865146256817056,0.054784333168071395,0.08552305404065444,0.08477937530986614,0.08552305404065444,0.2057511155180962,0.13882002974714924,0.053544868616757564,0.06817055032226078,0.06246901338621715,0.18443232523549827,0.1737729300941993,0.13187902825979178,0.054784333168071395,0.14402578086266732,0.06147744174516609,0.09643034209221617,0.10857709469509172,0.1968269707486366,0.1722855726326227,0.17104610808130888,1.0,0.19881011403073873,0.18889439762022806,0.1536936043629152,0.06494794248884482,0.06147744174516609,0.061973227565691624,0.053544868616757564,0.14179474467030243,0.18790282597917699,0.1574119980168567,0.05404065443728309,0.18368864650470995,0.06395637084779375,0.08552305404065444
SKACTIVEML_QBC,0.07263262270699058,0.14080317302925136,0.05453644025780863,0.10609816559246406,0.06891422905304909,0.07436787307882994,0.18616757560733763,0.14625681705503224,0.05007436787307883,0.04784333168071393,0.05007436787307883,0.2055032226078334,0.1938522558254834,0.12394645513138325,0.05453644025780863,0.11303916707982152,0.07263262270699058,0.07709469509172037,0.0999008428358949,0.20748636588993555,0.1628656420426376,0.19533961328705998,0.19881011403073873,1.0,0.2107089737233515,0.14105106593951414,0.044124938026772434,0.045364402578086264,0.05057015369360436,0.03594447198810114,0.16311353495290035,0.20971740208230044,0.17426871591472484,0.03941497273177987,0.18666336142786316,0.04313336638572137,0.10609816559246406
SKACTIVEML_QBC_VOTE_ENTROPY,0.09444719881011403,0.15592464055528013,0.05676747645017353,0.11551809618244918,0.06470004957858205,0.06742687159147248,0.17253346554288548,0.15245413981160139,0.04462072384729797,0.0436291522062469,0.04610808130887457,0.22211204759543876,0.20847793753098662,0.13634110064452157,0.05676747645017353,0.12171541893901834,0.09444719881011403,0.07957362419434805,0.10535448686167576,0.236737729300942,0.17625185919682698,0.21839365394149726,0.18889439762022806,0.2107089737233515,1.0,0.15815567674764502,0.044124938026772434,0.0458601883986118,0.05552801189885969,0.03668815071888944,0.16807139315815567,0.19558750619732276,0.19707486365889937,0.02875557759048091,0.1943480416460089,0.03867129400099157,0.11551809618244918
SKACTIVEML_QUIRE,0.06346058502726822,0.22806147744174515,0.04784333168071393,0.06122954883490332,0.10089241447694595,0.10461080813088745,0.15071888943976203,0.17550818046603867,0.06122954883490332,0.062221120475954385,0.05552801189885969,0.15964303420922163,0.16311353495290035,0.14229053049082796,0.04784333168071393,0.1700545364402578,0.06346058502726822,0.1264253842340109,0.11403073872087258,0.1611303916707982,0.17773921665840356,0.1517104610808131,0.1536936043629152,0.14105106593951414,0.15815567674764502,1.0,0.062221120475954385,0.06494794248884482,0.06544372830937036,0.0495785820525533,0.1871591472483887,0.14476945959345563,0.15493306891422906,0.05428854734754586,0.15319781854238967,0.06370847793753098,0.06122954883490332
SKACTIVEML_US_ENTROPY,0.01412989588497769,0.10138820029747149,0.013138324243926624,0.017104610808130888,0.12543381259295985,0.11378284581060982,0.03371343579573624,0.04090233019335647,0.14005949429846307,0.13882002974714924,0.12295488349033218,0.04833911750123947,0.0466038671294001,0.058750619732275654,0.013138324243926624,0.07535944471988101,0.01412989588497769,0.08205255329697571,0.04858701041150223,0.04090233019335647,0.05280118988596926,0.05007436787307883,0.06494794248884482,0.044124938026772434,0.044124938026772434,0.062221120475954385,1.0,0.7813584531482399,0.7530986613782846,0.09742191373326722,0.04561229548834903,0.03991075855230541,0.04462072384729797,0.11849281110560238,0.048834903321764996,0.146504709965295,0.017104610808130888
SKACTIVEML_US_LC,0.018591968269707486,0.10064452156668319,0.013138324243926624,0.017848289538919187,0.13435795736241943,0.1212196331184928,0.03767972235994051,0.04189390183440753,0.1256817055032226,0.14303420922161625,0.11849281110560238,0.0473475458601884,0.051065939514129896,0.06073376301437779,0.013138324243926624,0.07957362419434805,0.018591968269707486,0.09271194843827467,0.04784333168071393,0.042637580565195836,0.05775904809122459,0.046355974219137334,0.06147744174516609,0.045364402578086264,0.0458601883986118,0.06494794248884482,0.7813584531482399,1.0,0.7592959841348538,0.1028755577590481,0.049826474962816066,0.03520079325731284,0.04313336638572137,0.124194348041646,0.0466038671294001,0.13063956370847793,0.017848289538919187
SKACTIVEML_US_MARGIN,0.019583539910758552,0.10114030738720872,0.013386217154189391,0.019583539910758552,0.12394645513138325,0.1450173525037184,0.03941497273177987,0.04238968765493307,0.10337134357957363,0.12369856222112048,0.15195835399107585,0.05304908279623203,0.05007436787307883,0.06742687159147248,0.013386217154189391,0.08626673277144274,0.019583539910758552,0.09048091224590976,0.04833911750123947,0.03495290034705007,0.06048587010411502,0.05304908279623203,0.061973227565691624,0.05057015369360436,0.05552801189885969,0.06544372830937036,0.7530986613782846,0.7592959841348538,1.0,0.12469013386217154,0.0480912245909767,0.040406544372830935,0.04685176003966286,0.10485870104115022,0.0458601883986118,0.11031234506693109,0.019583539910758552
SMALLTEXT_BREAKINGTIES,0.017848289538919187,0.08477937530986614,0.010163609320773426,0.01983143282102132,0.1633614278631631,0.25756073376301436,0.03247397124442241,0.03222607833415964,0.11725334655428855,0.1383242439266237,0.16162617749132374,0.03445711452652454,0.03767972235994051,0.06792265741199802,0.010163609320773426,0.07858205255329698,0.017848289538919187,0.16831928606841845,0.08106098165592464,0.03594447198810114,0.05304908279623203,0.04189390183440753,0.053544868616757564,0.03594447198810114,0.03668815071888944,0.0495785820525533,0.09742191373326722,0.1028755577590481,0.12469013386217154,1.0,0.03594447198810114,0.03891918691125434,0.03743182944967774,0.7449181953396132,0.03767972235994051,0.7461576598909271,0.01983143282102132
SMALLTEXT_CONTRASTIVEAL,0.09147248388696083,0.18294496777392166,0.0518096182449182,0.0768468021814576,0.0835399107585523,0.08403569657907783,0.15493306891422906,0.18691125433812594,0.05057015369360436,0.04015865146256817,0.04338125929598413,0.1591472483886961,0.16732771442736738,0.13361427863163114,0.0518096182449182,0.1450173525037184,0.09147248388696083,0.10039662865642042,0.11626177491323748,0.17550818046603867,0.17476450173525038,0.17327714427367377,0.14179474467030243,0.16311353495290035,0.16807139315815567,0.1871591472483887,0.04561229548834903,0.049826474962816066,0.0480912245909767,0.03594447198810114,1.0,0.16013882002974714,0.17129400099157163,0.04338125929598413,0.16782350024789291,0.04784333168071393,0.0768468021814576
SMALLTEXT_EMBEDDINGKMEANS,0.09048091224590976,0.13931581556767478,0.053792761527020325,0.0894893406048587,0.05701536936043629,0.06370847793753098,0.2072384729796728,0.14972731779871096,0.044868616757560736,0.041398116013882005,0.04313336638572137,0.1938522558254834,0.1819533961328706,0.11576598909271195,0.053792761527020325,0.11948438274665345,0.09048091224590976,0.0768468021814576,0.10064452156668319,0.2035200793257313,0.1663361427863163,0.19484382746653445,0.18790282597917699,0.20971740208230044,0.19558750619732276,0.14476945959345563,0.03991075855230541,0.03520079325731284,0.040406544372830935,0.03891918691125434,0.16013882002974714,1.0,0.19038175508180466,0.033217649975210706,0.22731779871095686,0.03743182944967774,0.0894893406048587
SMALLTEXT_GREEDYCORESET,0.19558750619732276,0.1774913237481408,0.04858701041150223,0.07659890927119484,0.07213683688646505,0.07312840852751612,0.14675260287555775,0.21393158155676748,0.05205751115518096,0.04561229548834903,0.047595438770451165,0.17426871591472484,0.1812097174020823,0.13708477937530986,0.04858701041150223,0.11948438274665345,0.19558750619732276,0.08279623202776401,0.11179970252850768,0.16931085770946952,0.17848289538919188,0.1945959345562717,0.1574119980168567,0.17426871591472484,0.19707486365889937,0.15493306891422906,0.04462072384729797,0.04313336638572137,0.04685176003966286,0.03743182944967774,0.17129400099157163,0.19038175508180466,1.0,0.03867129400099157,0.2211204759543877,0.04338125929598413,0.07659890927119484
SMALLTEXT_LEASTCONFIDENCE,0.017848289538919187,0.0887456618740704,0.010163609320773426,0.01983143282102132,0.26499752107089736,0.161378284581061,0.031234506693108576,0.03743182944967774,0.13634110064452157,0.1588993554784333,0.14080317302925136,0.039167079821517105,0.04090233019335647,0.06370847793753098,0.010163609320773426,0.07932573128408528,0.017848289538919187,0.12022806147744175,0.06271690629647993,0.03346554288547347,0.05230540406544373,0.044868616757560736,0.05404065443728309,0.03941497273177987,0.02875557759048091,0.05428854734754586,0.11849281110560238,0.124194348041646,0.10485870104115022,0.7449181953396132,0.04338125929598413,0.033217649975210706,0.03867129400099157,1.0,0.03396132870599901,0.7627664848785325,0.01983143282102132
SMALLTEXT_LIGHTWEIGHTCORESET,0.09717402082300446,0.16013882002974714,0.05528011898859692,0.0954387704511651,0.06470004957858205,0.06742687159147248,0.15964303420922163,0.17426871591472484,0.04784333168071393,0.04561229548834903,0.04784333168071393,0.21095686663361427,0.2055032226078334,0.12865642042637582,0.05528011898859692,0.12989588497768964,0.09717402082300446,0.08453148239960337,0.11527020327218641,0.1983143282102132,0.17649975210708974,0.2017848289538919,0.18368864650470995,0.18666336142786316,0.1943480416460089,0.15319781854238967,0.048834903321764996,0.0466038671294001,0.0458601883986118,0.03767972235994051,0.16782350024789291,0.22731779871095686,0.2211204759543877,0.03396132870599901,1.0,0.04090233019335647,0.0954387704511651
SMALLTEXT_PREDICTIONENTROPY,0.018839861179970253,0.0932077342588002,0.011650966782350025,0.019583539910758552,0.17352503718393653,0.16212196331184928,0.03718393653941497,0.0428854734754586,0.17104610808130888,0.16559246405552802,0.1494794248884482,0.045364402578086264,0.04685176003966286,0.06668319286068418,0.011650966782350025,0.08304412493802678,0.018839861179970253,0.1249380267724343,0.06172533465542886,0.04462072384729797,0.057263262270699056,0.05156172533465543,0.06395637084779375,0.04313336638572137,0.03867129400099157,0.06370847793753098,0.146504709965295,0.13063956370847793,0.11031234506693109,0.7461576598909271,0.04784333168071393,0.03743182944967774,0.04338125929598413,0.7627664848785325,0.04090233019335647,1.0,0.019583539910758552
SMALLTEXT_RANDOM,0.06346058502726822,0.050322260783341594,0.03891918691125434,1.0,0.03619236489836391,0.035696579077838374,0.07560733763014378,0.05800694100148736,0.02181457610312345,0.01983143282102132,0.021566683192860685,0.11155180961824492,0.10733763014377788,0.059494298463063956,0.03891918691125434,0.04933068914229053,0.06346058502726822,0.03272186415468518,0.06916212196331185,0.10932077342588002,0.07213683688646505,0.10758552305404065,0.08552305404065444,0.10609816559246406,0.11551809618244918,0.06122954883490332,0.017104610808130888,0.017848289538919187,0.019583539910758552,0.01983143282102132,0.0768468021814576,0.0894893406048587,0.07659890927119484,0.01983143282102132,0.0954387704511651,0.019583539910758552,1.0
