,ALIPY_CORESET_GREEDY,ALIPY_DENSITY_WEIGHTED,ALIPY_GRAPH_DENSITY,ALIPY_RANDOM,ALIPY_UNCERTAINTY_LC,ALIPY_UNCERTAINTY_MM,LIBACT_DWUS,LIBACT_QUIRE,LIBACT_UNCERTAINTY_ENT,LIBACT_UNCERTAINTY_LC,LIBACT_UNCERTAINTY_SM,OPTIMAL_GREEDY_10,OPTIMAL_GREEDY_20,PLAYGROUND_BANDIT,PLAYGROUND_GRAPH_DENSITY,PLAYGROUND_INFORMATIVE_DIVERSE,PLAYGROUND_KCENTER_GREEDY,PLAYGROUND_MARGIN,PLAYGROUND_MIXTURE,PLAYGROUND_UNIFORM,SKACTIVEML_COST_EMBEDDING,SKACTIVEML_DAL,SKACTIVEML_DWUS,SKACTIVEML_QBC,SKACTIVEML_QBC_VOTE_ENTROPY,SKACTIVEML_QUIRE,SKACTIVEML_US_ENTROPY,SKACTIVEML_US_LC,SKACTIVEML_US_MARGIN,SMALLTEXT_BREAKINGTIES,SMALLTEXT_CONTRASTIVEAL,SMALLTEXT_EMBEDDINGKMEANS,SMALLTEXT_GREEDYCORESET,SMALLTEXT_LEASTCONFIDENCE,SMALLTEXT_LIGHTWEIGHTCORESET,SMALLTEXT_PREDICTIONENTROPY,SMALLTEXT_RANDOM
ALIPY_CORESET_GREEDY,4034,489,540,534,332,349,191,329,262,278,298,798,762,478,540,476,4031,353,586,656,487,640,294,296,610,447,295,318,301,308,331,423,937,313,520,296,534
ALIPY_DENSITY_WEIGHTED,489,4034,303,387,569,530,183,383,479,477,473,391,397,543,303,555,490,510,534,421,597,444,509,245,412,563,561,539,542,473,300,297,418,519,445,532,386
ALIPY_GRAPH_DENSITY,540,303,4034,781,283,306,245,139,267,241,288,631,577,446,4034,409,541,342,545,962,432,720,365,391,943,281,284,276,293,290,199,582,604,265,750,281,781
ALIPY_RANDOM,534,387,781,4034,344,378,215,295,309,296,334,832,793,518,781,555,536,436,658,1180,540,964,428,493,1242,374,330,340,363,333,245,859,655,310,1068,304,4033
ALIPY_UNCERTAINTY_LC,332,569,283,344,4034,3165,111,141,966,1157,920,618,619,1044,283,956,333,1281,1014,444,806,441,357,204,383,409,1124,1268,1042,1305,194,302,336,1764,387,1398,343
ALIPY_UNCERTAINTY_MM,349,530,306,378,3165,4034,136,136,815,920,1140,664,667,1112,306,998,350,1485,1121,481,786,451,349,227,422,402,969,1023,1245,1775,185,321,333,1290,431,1162,377
LIBACT_DWUS,191,183,245,215,111,136,4034,287,94,89,110,114,103,116,245,101,191,118,124,248,155,213,415,309,293,205,116,104,128,113,254,462,151,94,235,102,215
LIBACT_QUIRE,329,383,139,295,141,136,287,4034,130,117,130,203,195,177,139,173,329,142,190,317,221,291,213,302,326,437,100,102,105,123,406,332,385,125,372,123,295
LIBACT_UNCERTAINTY_ENT,262,479,267,309,966,815,94,130,4034,3279,3050,542,541,696,267,819,262,706,661,404,654,401,336,177,391,336,1098,909,781,1104,227,270,324,1244,381,1431,309
LIBACT_UNCERTAINTY_LC,278,477,241,296,1157,920,89,117,3279,4034,3173,566,575,777,241,886,280,822,764,361,683,386,359,167,380,333,957,1092,896,1181,174,253,302,1452,363,1285,295
LIBACT_UNCERTAINTY_SM,298,473,288,334,920,1140,110,130,3050,3173,4034,608,602,794,288,935,300,864,810,407,695,413,345,195,402,322,809,891,1099,1441,165,270,313,1209,402,1157,333
OPTIMAL_GREEDY_10,798,391,631,832,618,664,114,203,542,566,608,4034,2890,1023,631,1094,800,871,1280,942,701,915,255,402,937,489,603,627,677,650,199,798,478,611,869,598,831
OPTIMAL_GREEDY_20,762,397,577,793,619,667,103,195,541,575,602,2890,4034,999,577,1100,761,871,1268,896,681,860,250,399,895,496,636,661,713,657,227,801,458,596,857,584,792
PLAYGROUND_BANDIT,478,543,446,518,1044,1112,116,177,696,777,794,1023,999,4034,446,1782,479,2603,1977,656,1216,619,325,329,567,606,788,807,902,1045,210,365,382,949,556,903,517
PLAYGROUND_GRAPH_DENSITY,540,303,4034,781,283,306,245,139,267,241,288,631,577,446,4034,409,541,342,545,962,432,720,365,391,943,281,284,276,293,290,199,582,604,265,750,281,781
PLAYGROUND_INFORMATIVE_DIVERSE,476,555,409,555,956,998,101,173,819,886,935,1094,1100,1782,409,4034,479,1833,1768,644,1037,545,337,339,620,533,862,922,975,927,208,462,392,881,595,839,554
PLAYGROUND_KCENTER_GREEDY,4031,490,541,536,333,350,191,329,262,280,300,800,761,479,541,479,4034,354,588,656,487,640,295,297,612,447,296,320,302,309,330,422,937,314,521,296,535
PLAYGROUND_MARGIN,353,510,342,436,1281,1485,118,142,706,822,864,871,871,2603,342,1833,354,4034,2169,540,1202,479,315,301,495,583,843,896,969,1418,200,318,329,1202,477,1122,435
PLAYGROUND_MIXTURE,586,534,545,658,1014,1121,124,190,661,764,810,1280,1268,1977,545,1768,588,2169,4034,856,1025,685,318,348,741,555,771,799,879,1042,220,559,420,909,693,879,657
PLAYGROUND_UNIFORM,656,421,962,1180,444,481,248,317,404,361,407,942,896,656,962,644,656,540,856,4034,656,1077,482,553,1331,429,420,429,469,487,371,938,687,443,1178,428,1179
SKACTIVEML_COST_EMBEDDING,487,597,432,540,806,786,155,221,654,683,695,701,681,1216,432,1037,487,1202,1025,656,4034,586,398,343,609,677,720,726,756,695,249,418,445,717,594,709,540
SKACTIVEML_DAL,640,444,720,964,441,451,213,291,401,386,413,915,860,619,720,545,640,479,685,1077,586,4034,444,476,1092,442,450,450,486,403,358,735,657,386,1001,378,964
SKACTIVEML_DWUS,294,509,365,428,357,349,415,213,336,359,345,255,250,325,365,337,295,315,318,482,398,444,4034,403,439,297,347,356,356,318,215,395,324,320,450,321,427
SKACTIVEML_QBC,296,245,391,493,204,227,309,302,177,167,195,402,399,329,391,339,297,301,348,553,343,476,403,4034,632,379,209,214,235,209,309,605,326,178,493,185,493
SKACTIVEML_QBC_VOTE_ENTROPY,610,412,943,1242,383,422,293,326,391,380,402,937,895,567,943,620,612,495,741,1331,609,1092,439,632,4034,433,395,400,448,391,280,932,737,358,1293,355,1241
SKACTIVEML_QUIRE,447,563,281,374,409,402,205,437,336,333,322,489,496,606,281,533,447,583,555,429,677,442,297,379,433,4034,380,360,376,370,378,271,381,381,454,379,374
SKACTIVEML_US_ENTROPY,295,561,284,330,1124,969,116,100,1098,957,809,603,636,788,284,862,296,843,771,420,720,450,347,209,395,380,4034,3316,3122,899,196,268,332,1045,411,1258,329
SKACTIVEML_US_LC,318,539,276,340,1268,1023,104,102,909,1092,891,627,661,807,276,922,320,896,799,429,726,450,356,214,400,360,3316,4034,3203,947,197,281,332,1203,424,1056,339
SKACTIVEML_US_MARGIN,301,542,293,363,1042,1245,128,105,781,896,1099,677,713,902,293,975,302,969,879,469,756,486,356,235,448,376,3122,3203,4034,1183,185,277,323,968,431,908,362
SMALLTEXT_BREAKINGTIES,308,473,290,333,1305,1775,113,123,1104,1181,1441,650,657,1045,290,927,309,1418,1042,487,695,403,318,209,391,370,899,947,1183,4034,167,291,319,3191,386,3062,332
SMALLTEXT_CONTRASTIVEAL,331,300,199,245,194,185,254,406,227,174,165,199,227,210,199,208,330,200,220,371,249,358,215,309,280,378,196,197,185,167,4034,387,412,187,334,181,245
SMALLTEXT_EMBEDDINGKMEANS,423,297,582,859,302,321,462,332,270,253,270,798,801,365,582,462,422,318,559,938,418,735,395,605,932,271,268,281,277,291,387,4034,555,264,959,258,858
SMALLTEXT_GREEDYCORESET,937,418,604,655,336,333,151,385,324,302,313,478,458,382,604,392,937,329,420,687,445,657,324,326,737,381,332,332,323,319,412,555,4034,311,735,342,655
SMALLTEXT_LEASTCONFIDENCE,313,519,265,310,1764,1290,94,125,1244,1452,1209,611,596,949,265,881,314,1202,909,443,717,386,320,178,358,381,1045,1203,968,3191,187,264,311,4034,352,3281,311
SMALLTEXT_LIGHTWEIGHTCORESET,520,445,750,1068,387,431,235,372,381,363,402,869,857,556,750,595,521,477,693,1178,594,1001,450,493,1293,454,411,424,431,386,334,959,735,352,4034,360,1069
SMALLTEXT_PREDICTIONENTROPY,296,532,281,304,1398,1162,102,123,1431,1285,1157,598,584,903,281,839,296,1122,879,428,709,378,321,185,355,379,1258,1056,908,3062,181,258,342,3281,360,4034,304
SMALLTEXT_RANDOM,534,386,781,4033,343,377,215,295,309,295,333,831,792,517,781,554,535,435,657,1179,540,964,427,493,1241,374,329,339,362,332,245,858,655,311,1069,304,4034
