,ALIPY_CORESET_GREEDY,ALIPY_DENSITY_WEIGHTED,ALIPY_GRAPH_DENSITY,ALIPY_RANDOM,ALIPY_UNCERTAINTY_LC,ALIPY_UNCERTAINTY_MM,LIBACT_DWUS,LIBACT_QUIRE,LIBACT_UNCERTAINTY_ENT,LIBACT_UNCERTAINTY_LC,LIBACT_UNCERTAINTY_SM,OPTIMAL_GREEDY_10,OPTIMAL_GREEDY_20,PLAYGROUND_BANDIT,PLAYGROUND_GRAPH_DENSITY,PLAYGROUND_INFORMATIVE_DIVERSE,PLAYGROUND_KCENTER_GREEDY,PLAYGROUND_MARGIN,PLAYGROUND_MIXTURE,PLAYGROUND_UNIFORM,SKACTIVEML_COST_EMBEDDING,SKACTIVEML_DAL,SKACTIVEML_DWUS,SKACTIVEML_QBC,SKACTIVEML_QBC_VOTE_ENTROPY,SKACTIVEML_QUIRE,SKACTIVEML_US_ENTROPY,SKACTIVEML_US_LC,SKACTIVEML_US_MARGIN,SMALLTEXT_BREAKINGTIES,SMALLTEXT_CONTRASTIVEAL,SMALLTEXT_EMBEDDINGKMEANS,SMALLTEXT_GREEDYCORESET,SMALLTEXT_LEASTCONFIDENCE,SMALLTEXT_LIGHTWEIGHTCORESET,SMALLTEXT_PREDICTIONENTROPY,SMALLTEXT_RANDOM
ALIPY_CORESET_GREEDY,4034,370,432,433,276,256,313,407,272,290,263,482,478,315,432,338,3983,288,338,520,432,519,382,396,540,357,295,299,277,282,408,477,647,288,515,284,435
ALIPY_DENSITY_WEIGHTED,370,4034,322,297,636,613,320,339,533,529,559,350,356,598,322,556,380,624,554,348,571,386,494,309,364,511,564,590,550,634,424,313,393,641,357,625,298
ALIPY_GRAPH_DENSITY,432,322,4034,389,254,281,308,346,280,275,289,457,442,315,4033,326,446,300,373,535,366,504,386,422,506,358,261,256,271,275,379,433,490,263,502,280,389
ALIPY_RANDOM,433,297,389,4034,275,271,417,382,250,221,238,521,526,355,389,341,447,311,361,620,349,529,399,468,571,354,262,266,271,252,394,492,528,253,566,263,4029
ALIPY_UNCERTAINTY_LC,276,636,254,275,4034,2983,248,276,643,716,655,345,353,611,254,637,295,860,621,353,560,342,446,291,365,465,632,699,618,826,383,300,356,1112,307,841,275
ALIPY_UNCERTAINTY_MM,256,613,281,271,2983,4034,266,278,613,652,711,319,338,627,281,638,274,975,682,345,612,365,427,271,360,465,593,651,692,1095,388,303,359,811,300,801,271
LIBACT_DWUS,313,320,308,417,248,266,4034,415,262,256,276,438,417,339,308,310,324,301,306,442,331,446,446,454,418,333,275,269,283,252,451,511,390,244,461,251,417
LIBACT_QUIRE,407,339,346,382,276,278,415,4034,298,266,276,380,404,303,346,293,410,315,333,392,355,444,311,438,432,391,298,282,285,262,482,440,450,274,468,277,382
LIBACT_UNCERTAINTY_ENT,272,533,280,250,643,613,262,298,4034,2991,2945,322,313,529,280,587,286,566,481,343,575,385,405,285,341,434,622,556,552,619,388,291,352,652,328,671,249
LIBACT_UNCERTAINTY_LC,290,529,275,221,716,652,256,266,2991,4034,3014,307,311,556,275,621,302,593,504,343,600,356,401,283,320,437,593,611,581,633,393,257,309,700,336,659,220
LIBACT_UNCERTAINTY_SM,263,559,289,238,655,711,276,276,2945,3014,4034,346,315,577,289,631,275,612,530,329,612,347,414,282,330,426,565,596,627,706,352,285,326,654,336,647,237
OPTIMAL_GREEDY_10,482,350,457,521,345,319,438,380,322,307,346,4034,792,409,457,383,497,353,422,627,423,619,456,524,538,364,325,321,332,337,390,493,531,332,600,337,519
OPTIMAL_GREEDY_20,478,356,442,526,353,338,417,404,313,311,315,792,4034,374,442,412,495,343,387,584,393,553,421,486,565,383,298,310,333,296,396,537,539,302,568,306,523
PLAYGROUND_BANDIT,315,598,315,355,611,627,339,303,529,556,577,409,374,4034,315,1284,329,1380,1270,409,761,449,426,354,401,518,552,595,565,643,399,322,398,637,342,630,355
PLAYGROUND_GRAPH_DENSITY,432,322,4033,389,254,281,308,346,280,275,289,457,442,315,4034,326,446,300,373,535,366,504,386,422,506,358,261,256,271,275,379,433,490,263,502,280,389
PLAYGROUND_INFORMATIVE_DIVERSE,338,556,326,341,637,638,310,293,587,621,631,383,412,1284,326,4034,355,1309,1179,365,694,408,437,309,409,473,597,633,605,631,365,296,373,610,363,636,340
PLAYGROUND_KCENTER_GREEDY,3983,380,446,447,295,274,324,410,286,302,275,497,495,329,446,355,4034,308,357,536,446,531,399,403,554,360,313,320,299,300,416,491,655,300,524,298,447
PLAYGROUND_MARGIN,288,624,300,311,860,975,301,315,566,593,612,353,343,1380,300,1309,308,4034,1806,363,699,367,444,294,345,461,614,670,621,879,392,285,355,787,309,786,311
PLAYGROUND_MIXTURE,338,554,373,361,621,682,306,333,481,504,530,422,387,1270,373,1179,357,1806,4034,420,725,434,467,325,367,487,523,550,553,633,401,330,395,594,368,552,361
PLAYGROUND_UNIFORM,520,348,535,620,353,345,442,392,343,343,329,627,584,409,535,365,536,363,420,4034,393,625,469,538,637,359,321,330,320,298,450,520,565,304,625,310,619
SKACTIVEML_COST_EMBEDDING,432,571,366,349,560,612,331,355,575,600,612,423,393,761,366,694,446,699,725,393,4034,439,478,354,443,539,566,545,555,588,464,365,455,579,437,569,349
SKACTIVEML_DAL,519,386,504,529,342,365,446,444,385,356,347,619,553,449,504,408,531,367,434,625,439,4034,467,512,570,352,355,372,344,346,441,537,553,341,604,332,528
SKACTIVEML_DWUS,382,494,386,399,446,427,446,311,405,401,414,456,421,426,386,437,399,444,467,469,478,467,4034,428,467,409,416,410,405,394,398,427,451,388,435,386,398
SKACTIVEML_QBC,396,309,422,468,291,271,454,438,285,283,282,524,486,354,422,309,403,294,325,538,354,512,428,4034,521,376,267,284,301,291,435,520,452,280,557,296,468
SKACTIVEML_QBC_VOTE_ENTROPY,540,364,506,571,365,360,418,432,341,320,330,538,565,401,506,409,554,345,367,637,443,570,467,521,4034,391,347,341,332,352,443,531,595,358,645,356,569
SKACTIVEML_QUIRE,357,511,358,354,465,465,333,391,434,437,426,364,383,518,358,473,360,461,487,359,539,352,409,376,391,4034,443,439,426,442,481,398,411,453,387,448,354
SKACTIVEML_US_ENTROPY,295,564,261,262,632,593,275,298,622,593,565,325,298,552,261,597,313,614,523,321,566,355,416,267,347,443,4034,2987,2995,567,351,253,330,569,311,639,262
SKACTIVEML_US_LC,299,590,256,266,699,651,269,282,556,611,596,321,310,595,256,633,320,670,550,330,545,372,410,284,341,439,2987,4034,3019,576,348,261,325,615,323,581,266
SKACTIVEML_US_MARGIN,277,550,271,271,618,692,283,285,552,581,627,332,333,565,271,605,299,621,553,320,555,344,405,301,332,426,2995,3019,4034,637,345,265,335,579,339,573,271
SMALLTEXT_BREAKINGTIES,282,634,275,252,826,1095,252,262,619,633,706,337,296,643,275,631,300,879,633,298,588,346,394,291,352,442,567,576,637,4034,357,280,333,2985,291,2973,252
SMALLTEXT_CONTRASTIVEAL,408,424,379,394,383,388,451,482,388,393,352,390,396,399,379,365,416,392,401,450,464,441,398,435,443,481,351,348,345,357,4034,393,510,356,451,359,394
SMALLTEXT_EMBEDDINGKMEANS,477,313,433,492,300,303,511,440,291,257,285,493,537,322,433,296,491,285,330,520,365,537,427,520,531,398,253,261,265,280,393,4034,481,293,550,283,492
SMALLTEXT_GREEDYCORESET,647,393,490,528,356,359,390,450,352,309,326,531,539,398,490,373,655,355,395,565,455,553,451,452,595,411,330,325,335,333,510,481,4034,308,573,312,527
SMALLTEXT_LEASTCONFIDENCE,288,641,263,253,1112,811,244,274,652,700,654,332,302,637,263,610,300,787,594,304,579,341,388,280,358,453,569,615,579,2985,356,293,308,4034,286,3022,255
SMALLTEXT_LIGHTWEIGHTCORESET,515,357,502,566,307,300,461,468,328,336,336,600,568,342,502,363,524,309,368,625,437,604,435,557,645,387,311,323,339,291,451,550,573,286,4034,290,567
SMALLTEXT_PREDICTIONENTROPY,284,625,280,263,841,801,251,277,671,659,647,337,306,630,280,636,298,786,552,310,569,332,386,296,356,448,639,581,573,2973,359,283,312,3022,290,4034,264
SMALLTEXT_RANDOM,435,298,389,4029,275,271,417,382,249,220,237,519,523,355,389,340,447,311,361,619,349,528,398,468,569,354,262,266,271,252,394,492,527,255,567,264,4034
