,ALIPY_CORESET_GREEDY,ALIPY_DENSITY_WEIGHTED,ALIPY_GRAPH_DENSITY,ALIPY_RANDOM,ALIPY_UNCERTAINTY_LC,ALIPY_UNCERTAINTY_MM,LIBACT_DWUS,LIBACT_QUIRE,LIBACT_UNCERTAINTY_ENT,LIBACT_UNCERTAINTY_LC,LIBACT_UNCERTAINTY_SM,OPTIMAL_GREEDY_10,OPTIMAL_GREEDY_20,PLAYGROUND_BANDIT,PLAYGROUND_GRAPH_DENSITY,PLAYGROUND_INFORMATIVE_DIVERSE,PLAYGROUND_KCENTER_GREEDY,PLAYGROUND_MARGIN,PLAYGROUND_MIXTURE,PLAYGROUND_UNIFORM,SKACTIVEML_COST_EMBEDDING,SKACTIVEML_DAL,SKACTIVEML_DWUS,SKACTIVEML_QBC,SKACTIVEML_QBC_VOTE_ENTROPY,SKACTIVEML_QUIRE,SKACTIVEML_US_ENTROPY,SKACTIVEML_US_LC,SKACTIVEML_US_MARGIN,SMALLTEXT_BREAKINGTIES,SMALLTEXT_CONTRASTIVEAL,SMALLTEXT_EMBEDDINGKMEANS,SMALLTEXT_GREEDYCORESET,SMALLTEXT_LEASTCONFIDENCE,SMALLTEXT_LIGHTWEIGHTCORESET,SMALLTEXT_PREDICTIONENTROPY,SMALLTEXT_RANDOM
ALIPY_CORESET_GREEDY,4034,529,350,404,327,331,305,495,261,239,266,695,672,351,350,420,4032,303,443,531,412,550,317,430,600,501,278,298,275,297,382,559,753,322,560,309,404
ALIPY_DENSITY_WEIGHTED,529,4034,354,373,473,447,544,708,397,400,408,679,648,426,354,460,529,365,453,498,474,616,572,493,577,735,436,429,420,417,453,606,620,435,561,446,373
ALIPY_GRAPH_DENSITY,350,354,4034,545,337,358,596,295,267,252,302,775,790,404,4034,402,349,362,520,686,397,609,604,595,725,337,258,276,311,316,357,798,546,269,666,278,545
ALIPY_RANDOM,404,373,545,4034,338,387,448,343,296,284,336,930,948,422,545,504,405,407,607,825,451,723,462,611,814,374,311,335,367,335,405,849,512,288,794,298,4034
ALIPY_UNCERTAINTY_LC,327,473,337,338,4034,3003,364,306,534,649,464,591,586,698,337,467,328,799,625,514,469,498,477,440,545,439,653,780,592,871,354,515,428,1403,494,962,338
ALIPY_UNCERTAINTY_MM,331,447,358,387,3003,4034,399,318,441,443,669,613,610,772,358,482,332,1054,739,562,465,522,498,442,560,434,523,554,756,1391,370,535,443,903,536,797,387
LIBACT_DWUS,305,544,596,448,364,399,4034,424,304,301,338,668,662,409,596,390,305,402,405,602,428,580,765,609,666,467,305,322,362,348,509,745,525,323,618,314,448
LIBACT_QUIRE,495,708,295,343,306,318,424,4034,222,230,249,493,502,334,295,356,495,316,380,480,378,477,478,435,461,600,261,260,270,281,533,440,586,273,492,266,343
LIBACT_UNCERTAINTY_ENT,261,397,267,296,534,441,304,222,4034,3153,2965,451,428,335,267,452,261,318,352,408,384,389,424,302,421,325,704,512,439,698,276,417,356,787,405,973,296
LIBACT_UNCERTAINTY_LC,239,400,252,284,649,443,301,230,3153,4034,3049,446,442,353,252,468,239,342,373,383,400,396,445,280,412,320,545,655,445,710,276,396,337,915,386,794,284
LIBACT_UNCERTAINTY_SM,266,408,302,336,464,669,338,249,2965,3049,4034,521,516,387,302,495,267,351,415,467,402,432,490,344,467,312,437,455,656,936,280,463,358,728,474,735,336
OPTIMAL_GREEDY_10,695,679,775,930,591,613,668,493,451,446,521,4034,2311,650,775,754,696,561,914,1240,610,1105,696,889,1276,639,537,564,584,527,562,1445,775,497,1168,482,930
OPTIMAL_GREEDY_20,672,648,790,948,586,610,662,502,428,442,516,2311,4034,637,790,792,672,586,938,1251,624,1076,691,894,1296,638,548,541,593,517,574,1428,776,472,1167,481,948
PLAYGROUND_BANDIT,351,426,404,422,698,772,409,334,335,353,387,650,637,4034,404,1360,352,2541,1521,619,846,619,486,517,578,578,431,445,455,666,387,598,458,561,596,546,422
PLAYGROUND_GRAPH_DENSITY,350,354,4034,545,337,358,596,295,267,252,302,775,790,404,4034,402,349,362,520,686,397,609,604,595,725,337,258,276,311,316,357,798,546,269,666,278,545
PLAYGROUND_INFORMATIVE_DIVERSE,420,460,402,504,467,482,390,356,452,468,495,754,792,1360,402,4034,421,1298,1298,675,643,602,527,553,684,524,442,427,460,414,397,670,454,387,646,395,504
PLAYGROUND_KCENTER_GREEDY,4032,529,349,405,328,332,305,495,261,239,267,696,672,352,349,421,4034,304,444,532,412,549,319,429,601,501,278,298,277,298,382,559,754,323,560,309,405
PLAYGROUND_MARGIN,303,365,362,407,799,1054,402,316,318,342,351,561,586,2541,362,1298,304,4034,1885,560,790,509,418,497,533,518,419,427,454,991,372,522,391,741,525,671,407
PLAYGROUND_MIXTURE,443,453,520,607,625,739,405,380,352,373,415,914,938,1521,520,1298,444,1885,4034,888,653,711,480,593,781,524,414,426,442,660,387,806,499,551,742,512,607
PLAYGROUND_UNIFORM,531,498,686,825,514,562,602,480,408,383,467,1240,1251,619,686,675,532,560,888,4034,602,897,576,791,1073,542,413,436,455,490,527,1068,631,453,971,430,825
SKACTIVEML_COST_EMBEDDING,412,474,397,451,469,465,428,378,384,400,402,610,624,846,397,643,412,790,653,602,4034,554,504,500,587,647,446,469,459,400,402,597,470,394,591,409,451
SKACTIVEML_DAL,550,616,609,723,498,522,580,477,389,396,432,1105,1076,619,609,602,549,509,711,897,554,4034,651,714,928,560,494,502,501,453,570,954,633,421,900,411,723
SKACTIVEML_DWUS,317,572,604,462,477,498,765,478,424,445,490,696,691,486,604,527,319,418,480,576,504,651,4034,581,637,508,403,399,462,433,515,716,515,391,637,390,462
SKACTIVEML_QBC,430,493,595,611,440,442,609,435,302,280,344,889,894,517,595,553,429,497,593,791,500,714,581,4034,832,549,364,369,409,395,508,833,524,355,692,351,611
SKACTIVEML_QBC_VOTE_ENTROPY,600,577,725,814,545,560,666,461,421,412,467,1276,1296,578,725,684,601,533,781,1073,587,928,637,832,4034,581,484,508,525,462,528,1111,699,442,993,439,814
SKACTIVEML_QUIRE,501,735,337,374,439,434,467,600,325,320,312,639,638,578,337,524,501,518,524,542,647,560,508,549,581,4034,401,383,393,362,491,546,623,380,560,367,374
SKACTIVEML_US_ENTROPY,278,436,258,311,653,523,305,261,704,545,437,537,548,431,258,442,278,419,414,413,446,494,403,364,484,401,4034,3174,2969,483,312,449,398,578,442,766,311
SKACTIVEML_US_LC,298,429,276,335,780,554,322,260,512,655,455,564,541,445,276,427,298,427,426,436,469,502,399,369,508,383,3174,4034,3042,483,300,440,371,717,441,572,335
SKACTIVEML_US_MARGIN,275,420,311,367,592,756,362,270,439,445,656,584,593,455,311,460,277,454,442,455,459,501,462,409,525,393,2969,3042,4034,670,289,500,378,523,485,466,367
SMALLTEXT_BREAKINGTIES,297,417,316,335,871,1391,348,281,698,710,936,527,517,666,316,414,298,991,660,490,400,453,433,395,462,362,483,483,670,4034,298,476,379,3009,466,2937,335
SMALLTEXT_CONTRASTIVEAL,382,453,357,405,354,370,509,533,276,276,280,562,574,387,357,397,382,372,387,527,402,570,515,508,528,491,312,300,289,298,4034,549,590,311,553,317,405
SMALLTEXT_EMBEDDINGKMEANS,559,606,798,849,515,535,745,440,417,396,463,1445,1428,598,798,670,559,522,806,1068,597,954,716,833,1111,546,449,440,500,476,549,4034,655,447,1084,456,849
SMALLTEXT_GREEDYCORESET,753,620,546,512,428,443,525,586,356,337,358,775,776,458,546,454,754,391,499,631,470,633,515,524,699,623,398,371,378,379,590,655,4034,377,652,387,512
SMALLTEXT_LEASTCONFIDENCE,322,435,269,288,1403,903,323,273,787,915,728,497,472,561,269,387,323,741,551,453,394,421,391,355,442,380,578,717,523,3009,311,447,377,4034,436,3105,288
SMALLTEXT_LIGHTWEIGHTCORESET,560,561,666,794,494,536,618,492,405,386,474,1168,1167,596,666,646,560,525,742,971,591,900,637,692,993,560,442,441,485,466,553,1084,652,436,4034,436,794
SMALLTEXT_PREDICTIONENTROPY,309,446,278,298,962,797,314,266,973,794,735,482,481,546,278,395,309,671,512,430,409,411,390,351,439,367,766,572,466,2937,317,456,387,3105,436,4034,298
SMALLTEXT_RANDOM,404,373,545,4034,338,387,448,343,296,284,336,930,948,422,545,504,405,407,607,825,451,723,462,611,814,374,311,335,367,335,405,849,512,288,794,298,4034
