,ALIPY_CORESET_GREEDY,ALIPY_DENSITY_WEIGHTED,ALIPY_GRAPH_DENSITY,ALIPY_RANDOM,ALIPY_UNCERTAINTY_LC,ALIPY_UNCERTAINTY_MM,LIBACT_DWUS,LIBACT_QUIRE,LIBACT_UNCERTAINTY_ENT,LIBACT_UNCERTAINTY_LC,LIBACT_UNCERTAINTY_SM,OPTIMAL_GREEDY_10,OPTIMAL_GREEDY_20,PLAYGROUND_BANDIT,PLAYGROUND_GRAPH_DENSITY,PLAYGROUND_INFORMATIVE_DIVERSE,PLAYGROUND_KCENTER_GREEDY,PLAYGROUND_MARGIN,PLAYGROUND_MIXTURE,PLAYGROUND_UNIFORM,SKACTIVEML_COST_EMBEDDING,SKACTIVEML_DAL,SKACTIVEML_DWUS,SKACTIVEML_QBC,SKACTIVEML_QBC_VOTE_ENTROPY,SKACTIVEML_QUIRE,SKACTIVEML_US_ENTROPY,SKACTIVEML_US_LC,SKACTIVEML_US_MARGIN,SMALLTEXT_BREAKINGTIES,SMALLTEXT_CONTRASTIVEAL,SMALLTEXT_EMBEDDINGKMEANS,SMALLTEXT_GREEDYCORESET,SMALLTEXT_LEASTCONFIDENCE,SMALLTEXT_LIGHTWEIGHTCORESET,SMALLTEXT_PREDICTIONENTROPY,SMALLTEXT_RANDOM
ALIPY_CORESET_GREEDY,1.0,0.19484382746653445,0.10386712940009915,0.1427863163113535,0.13361427863163114,0.12369856222112048,0.07635101636093208,0.16980664352999505,0.13361427863163114,0.1331184928111056,0.1279127416955875,0.15344571145265246,0.1457610312345067,0.14823996033713435,0.10386712940009915,0.1591472483886961,0.9905800694100149,0.14625681705503224,0.16038671294000992,0.14352999504214178,0.16187407040158652,0.14402578086266732,0.11155180961824492,0.12171541893901834,0.15220624690133863,0.16435299950421417,0.1427863163113535,0.13708477937530986,0.13187902825979178,0.131631135349529,0.09816559246405553,0.1212196331184928,0.1960832920178483,0.13931581556767478,0.13510163609320774,0.14352999504214178,0.14229053049082796
ALIPY_DENSITY_WEIGHTED,0.19484382746653445,1.0,0.0850272682201289,0.10882498760535449,0.15592464055528013,0.14476945959345563,0.08676251859196826,0.19707486365889937,0.13981160138820029,0.1442736737729301,0.1331184928111056,0.11452652454139811,0.11551809618244918,0.1554288547347546,0.0850272682201289,0.1554288547347546,0.19955379276152702,0.1517104610808131,0.1412989588497769,0.12221120475954388,0.15493306891422906,0.12270699058006941,0.11948438274665345,0.11576598909271195,0.12394645513138325,0.19757064947942488,0.15220624690133863,0.15592464055528013,0.14625681705503224,0.1405552801189886,0.10907288051561725,0.10758552305404065,0.16013882002974714,0.14848785324739713,0.1294000991571641,0.15195835399107585,0.10882498760535449
ALIPY_GRAPH_DENSITY,0.10386712940009915,0.0850272682201289,1.0,0.1457610312345067,0.0999008428358949,0.10684184432325236,0.13733267228557264,0.06494794248884482,0.09667823500247893,0.0946950917203768,0.10386712940009915,0.15865146256817056,0.1487357461576599,0.12146752602875557,0.9992563212692117,0.11849281110560238,0.10609816559246406,0.10436291522062469,0.1301437778879524,0.15989092711948438,0.10758552305404065,0.139067922657412,0.1353495290034705,0.12369856222112048,0.15146256817055032,0.07610312345066932,0.09519087754090233,0.09395141298958849,0.10262766484878533,0.09816559246405553,0.08205255329697571,0.15319781854238967,0.13510163609320774,0.09072880515617253,0.14724838869608328,0.08998512642538424,0.14526524541398117
ALIPY_RANDOM,0.1427863163113535,0.10882498760535449,0.1457610312345067,1.0,0.11403073872087258,0.11998016856717898,0.10089241447694595,0.09890927119484383,0.11527020327218641,0.12320277640059495,0.12543381259295985,0.19781854238968766,0.19955379276152702,0.14476945959345563,0.1457610312345067,0.14675260287555775,0.14625681705503224,0.13634110064452157,0.1650966782350025,0.18096182449181952,0.11650966782350025,0.16584035696579078,0.11303916707982152,0.1331184928111056,0.1849281110560238,0.10089241447694595,0.11923648983639068,0.12295488349033218,0.13039167079821518,0.12989588497768964,0.0954387704511651,0.17873078829945463,0.13510163609320774,0.1249380267724343,0.1774913237481408,0.12072384729796728,0.9980168567178979
ALIPY_UNCERTAINTY_LC,0.13361427863163114,0.15592464055528013,0.0999008428358949,0.11403073872087258,1.0,0.7478929102627665,0.08924144769459594,0.11849281110560238,0.1945959345562717,0.23946455131383243,0.17773921665840356,0.13634110064452157,0.13287059990084282,0.20252850768468023,0.0999008428358949,0.16385721368368864,0.13857213683688646,0.24293505205751115,0.18021814576103123,0.1308874566187407,0.1670798215171046,0.13882002974714924,0.11279127416955875,0.11650966782350025,0.1212196331184928,0.14724838869608328,0.2181457610312345,0.2627664848785325,0.19781854238968766,0.2478929102627665,0.10907288051561725,0.11799702528507684,0.13559742191373328,0.37902825979176996,0.12245909766980664,0.2811105602379772,0.11353495290034706
ALIPY_UNCERTAINTY_MM,0.12369856222112048,0.14476945959345563,0.10684184432325236,0.11998016856717898,0.7478929102627665,1.0,0.09395141298958849,0.10634605850272683,0.16980664352999505,0.1737729300941993,0.24318294496777393,0.13956370847793753,0.1383242439266237,0.21764997521070897,0.10684184432325236,0.16881507188894398,0.12816063460585028,0.29102627664848785,0.20699058006941,0.13807635101636093,0.16831928606841845,0.14352999504214178,0.11675756073376302,0.11799702528507684,0.12345066931085771,0.14179474467030243,0.18616757560733763,0.19633118492811105,0.26425384234010907,0.3735746157659891,0.10634605850272683,0.12766484878532475,0.12865642042637582,0.2506197322756569,0.12369856222112048,0.23277144273673772,0.11948438274665345
LIBACT_DWUS,0.07635101636093208,0.08676251859196826,0.13733267228557264,0.10089241447694595,0.08924144769459594,0.09395141298958849,1.0,0.07833415964303421,0.08453148239960337,0.08453148239960337,0.0857709469509172,0.08626673277144274,0.07982151710461081,0.11056023797719385,0.13733267228557264,0.09568666336142786,0.07957362419434805,0.10436291522062469,0.10560237977193852,0.10684184432325236,0.11477441745166088,0.09816559246405553,0.11353495290034706,0.10684184432325236,0.10783341596430342,0.09122459097669806,0.08403569657907783,0.08329201784828955,0.08824987605354487,0.08973723351512147,0.09419930589985126,0.13262270699058007,0.08849776896380764,0.08626673277144274,0.11006445215666832,0.08527516113039167,0.0999008428358949
LIBACT_QUIRE,0.16980664352999505,0.19707486365889937,0.06494794248884482,0.09890927119484383,0.11849281110560238,0.10634605850272683,0.07833415964303421,1.0,0.11427863163113534,0.11403073872087258,0.10213187902825979,0.09866137828458106,0.0909766980664353,0.12270699058006941,0.06494794248884482,0.12047595438770452,0.17327714427367377,0.11824491819533961,0.11502231036192365,0.10510659395141299,0.13187902825979178,0.0932077342588002,0.09940505701536936,0.10708973723351513,0.10138820029747149,0.16187407040158652,0.11254338125929599,0.11427863163113534,0.10163609320773426,0.10758552305404065,0.1065939514129896,0.0961824491819534,0.13485374318294496,0.11502231036192365,0.10213187902825979,0.11353495290034706,0.0984134853743183
LIBACT_UNCERTAINTY_ENT,0.13361427863163114,0.13981160138820029,0.09667823500247893,0.11527020327218641,0.1945959345562717,0.16980664352999505,0.08453148239960337,0.11427863163113534,1.0,0.7875557759048091,0.7402082300446208,0.12617749132374814,0.13361427863163114,0.16757560733763013,0.09667823500247893,0.17129400099157163,0.13931581556767478,0.16236985622211206,0.13485374318294496,0.12915220624690135,0.1633614278631631,0.12469013386217154,0.11378284581060982,0.10733763014377788,0.13584531482399603,0.14476945959345563,0.24194348041646008,0.1945959345562717,0.1707982151710461,0.26227069905800693,0.10560237977193852,0.12097174020823004,0.13559742191373328,0.28334159643034207,0.12345066931085771,0.33763014377788797,0.11477441745166088
LIBACT_UNCERTAINTY_LC,0.1331184928111056,0.1442736737729301,0.0946950917203768,0.12320277640059495,0.23946455131383243,0.1737729300941993,0.08453148239960337,0.11403073872087258,0.7875557759048091,1.0,0.7530986613782846,0.1301437778879524,0.1360932077342588,0.16831928606841845,0.0946950917203768,0.16906296479920674,0.13882002974714924,0.16460089241447695,0.1368368864650471,0.12245909766980664,0.16931085770946952,0.1271690629647992,0.11229548834903322,0.10585027268220129,0.13336638572136836,0.14154685176003967,0.1980664352999504,0.23772930094199307,0.17575607337630145,0.2702032721864155,0.09965294992563213,0.12543381259295985,0.13411006445215667,0.33911750123946455,0.12345066931085771,0.29548834903321763,0.12270699058006941
LIBACT_UNCERTAINTY_SM,0.1279127416955875,0.1331184928111056,0.10386712940009915,0.12543381259295985,0.17773921665840356,0.24318294496777393,0.0857709469509172,0.10213187902825979,0.7402082300446208,0.7530986613782846,1.0,0.13485374318294496,0.13708477937530986,0.16038671294000992,0.10386712940009915,0.1670798215171046,0.13287059990084282,0.16236985622211206,0.13733267228557264,0.13584531482399603,0.16360932077342588,0.12865642042637582,0.11849281110560238,0.11179970252850768,0.1346058502726822,0.13138324243926625,0.1665840356965791,0.17873078829945463,0.23946455131383243,0.3363906792265741,0.09742191373326722,0.1256817055032226,0.1338621715418939,0.2677243430837878,0.13039167079821518,0.26053544868616757,0.1249380267724343
OPTIMAL_GREEDY_10,0.15344571145265246,0.11452652454139811,0.15865146256817056,0.19781854238968766,0.13634110064452157,0.13956370847793753,0.08626673277144274,0.09866137828458106,0.12617749132374814,0.1301437778879524,0.13485374318294496,1.0,0.4181953396132871,0.14600892414476946,0.15865146256817056,0.16807139315815567,0.15691621219633117,0.14179474467030243,0.19038175508180466,0.21417947446703026,0.12369856222112048,0.18468021814576102,0.11427863163113534,0.1494794248884482,0.2035200793257313,0.10337134357957363,0.1346058502726822,0.13559742191373328,0.14253842340109074,0.13063956370847793,0.09593455627169063,0.20897372335151215,0.16212196331184928,0.12295488349033218,0.20079325731284084,0.12394645513138325,0.19707486365889937
OPTIMAL_GREEDY_20,0.1457610312345067,0.11551809618244918,0.1487357461576599,0.19955379276152702,0.13287059990084282,0.1383242439266237,0.07982151710461081,0.0909766980664353,0.13361427863163114,0.1360932077342588,0.13708477937530986,0.4181953396132871,1.0,0.15245413981160139,0.1487357461576599,0.1700545364402578,0.1487357461576599,0.139067922657412,0.17873078829945463,0.20872583044124937,0.12097174020823004,0.18220128904313337,0.11204759543877045,0.14377788795240456,0.2017848289538919,0.10237977193852256,0.12766484878532475,0.139067922657412,0.1412989588497769,0.14352999504214178,0.09643034209221617,0.20699058006941,0.1405552801189886,0.13336638572136836,0.19757064947942488,0.13336638572136836,0.19881011403073873
PLAYGROUND_BANDIT,0.14823996033713435,0.1554288547347546,0.12146752602875557,0.14476945959345563,0.20252850768468023,0.21764997521070897,0.11056023797719385,0.12270699058006941,0.16757560733763013,0.16831928606841845,0.16038671294000992,0.14600892414476946,0.15245413981160139,1.0,0.12146752602875557,0.3373822508676252,0.15294992563212692,0.5835399107585523,0.3564700049578582,0.16088249876053545,0.2597917699553793,0.14600892414476946,0.12766484878532475,0.12865642042637582,0.15096678235002478,0.16732771442736738,0.17278135845314824,0.17327714427367377,0.16757560733763013,0.21417947446703026,0.1065939514129896,0.1375805651958354,0.13584531482399603,0.20104115022310362,0.13634110064452157,0.20029747149231533,0.14377788795240456
PLAYGROUND_GRAPH_DENSITY,0.10386712940009915,0.0850272682201289,0.9992563212692117,0.1457610312345067,0.0999008428358949,0.10684184432325236,0.13733267228557264,0.06494794248884482,0.09667823500247893,0.0946950917203768,0.10386712940009915,0.15865146256817056,0.1487357461576599,0.12146752602875557,1.0,0.11849281110560238,0.10609816559246406,0.10436291522062469,0.1301437778879524,0.15989092711948438,0.10758552305404065,0.139067922657412,0.13559742191373328,0.12369856222112048,0.15146256817055032,0.07610312345066932,0.09519087754090233,0.09395141298958849,0.10262766484878533,0.09816559246405553,0.08205255329697571,0.15319781854238967,0.13510163609320774,0.09072880515617253,0.14724838869608328,0.08998512642538424,0.14526524541398117
PLAYGROUND_INFORMATIVE_DIVERSE,0.1591472483886961,0.1554288547347546,0.11849281110560238,0.14675260287555775,0.16385721368368864,0.16881507188894398,0.09568666336142786,0.12047595438770452,0.17129400099157163,0.16906296479920674,0.1670798215171046,0.16807139315815567,0.1700545364402578,0.3373822508676252,0.11849281110560238,1.0,0.16385721368368864,0.3368864650470996,0.31383242439266235,0.16212196331184928,0.20748636588993555,0.16013882002974714,0.1271690629647992,0.1331184928111056,0.16013882002974714,0.15840356965790778,0.16584035696579078,0.16584035696579078,0.16088249876053545,0.17253346554288548,0.10783341596430342,0.14972731779871096,0.1331184928111056,0.1665840356965791,0.14452156668319285,0.1700545364402578,0.1457610312345067
PLAYGROUND_KCENTER_GREEDY,0.9905800694100149,0.19955379276152702,0.10609816559246406,0.14625681705503224,0.13857213683688646,0.12816063460585028,0.07957362419434805,0.17327714427367377,0.13931581556767478,0.13882002974714924,0.13287059990084282,0.15691621219633117,0.1487357461576599,0.15294992563212692,0.10609816559246406,0.16385721368368864,1.0,0.15146256817055032,0.16435299950421417,0.14749628160634606,0.1663361427863163,0.14724838869608328,0.11551809618244918,0.12518591968269707,0.15642042637580567,0.16931085770946952,0.14823996033713435,0.14253842340109074,0.13658899355478432,0.1368368864650471,0.10039662865642042,0.124194348041646,0.20079325731284084,0.1442736737729301,0.13857213683688646,0.1479920674268716,0.1457610312345067
PLAYGROUND_MARGIN,0.14625681705503224,0.1517104610808131,0.10436291522062469,0.13634110064452157,0.24293505205751115,0.29102627664848785,0.10436291522062469,0.11824491819533961,0.16236985622211206,0.16460089241447695,0.16236985622211206,0.14179474467030243,0.139067922657412,0.5835399107585523,0.10436291522062469,0.3368864650470996,0.15146256817055032,1.0,0.45686663361427865,0.15840356965790778,0.25731284085275163,0.14402578086266732,0.1249380267724343,0.13187902825979178,0.14377788795240456,0.16782350024789291,0.16782350024789291,0.16931085770946952,0.1707982151710461,0.2922657411998017,0.11502231036192365,0.13361427863163114,0.12667327714427368,0.23971244422409518,0.13559742191373328,0.2315319781854239,0.1353495290034705
PLAYGROUND_MIXTURE,0.16038671294000992,0.1412989588497769,0.1301437778879524,0.1650966782350025,0.18021814576103123,0.20699058006941,0.10560237977193852,0.11502231036192365,0.13485374318294496,0.1368368864650471,0.13733267228557264,0.19038175508180466,0.17873078829945463,0.3564700049578582,0.1301437778879524,0.31383242439266235,0.16435299950421417,0.45686663361427865,1.0,0.19360436291522062,0.18963807635101637,0.16385721368368864,0.11650966782350025,0.1420426375805652,0.16955875061973227,0.1353495290034705,0.14700049578582053,0.15294992563212692,0.15220624690133863,0.20054536440257809,0.09370352007932573,0.16534457114526524,0.1353495290034705,0.17178978681209717,0.1628656420426376,0.1628656420426376,0.16410510659395142
PLAYGROUND_UNIFORM,0.14352999504214178,0.12221120475954388,0.15989092711948438,0.18096182449181952,0.1308874566187407,0.13807635101636093,0.10684184432325236,0.10510659395141299,0.12915220624690135,0.12245909766980664,0.13584531482399603,0.21417947446703026,0.20872583044124937,0.16088249876053545,0.15989092711948438,0.16212196331184928,0.14749628160634606,0.15840356965790778,0.19360436291522062,1.0,0.1346058502726822,0.18294496777392166,0.11179970252850768,0.14377788795240456,0.1923648983639068,0.11229548834903322,0.1249380267724343,0.1271690629647992,0.12964799206742686,0.13807635101636093,0.10981655924640556,0.19186911254338126,0.1499752107089737,0.1331184928111056,0.17253346554288548,0.12915220624690135,0.17997025285076848
SKACTIVEML_COST_EMBEDDING,0.16187407040158652,0.15493306891422906,0.10758552305404065,0.11650966782350025,0.1670798215171046,0.16831928606841845,0.11477441745166088,0.13187902825979178,0.1633614278631631,0.16931085770946952,0.16360932077342588,0.12369856222112048,0.12097174020823004,0.2597917699553793,0.10758552305404065,0.20748636588993555,0.1663361427863163,0.25731284085275163,0.18963807635101637,0.1346058502726822,1.0,0.1294000991571641,0.12295488349033218,0.12469013386217154,0.13807635101636093,0.18542389687654934,0.16757560733763013,0.16980664352999505,0.16385721368368864,0.1670798215171046,0.11527020327218641,0.1294000991571641,0.1353495290034705,0.1663361427863163,0.13063956370847793,0.16831928606841845,0.11576598909271195
SKACTIVEML_DAL,0.14402578086266732,0.12270699058006941,0.139067922657412,0.16584035696579078,0.13882002974714924,0.14352999504214178,0.09816559246405553,0.0932077342588002,0.12469013386217154,0.1271690629647992,0.12865642042637582,0.18468021814576102,0.18220128904313337,0.14600892414476946,0.139067922657412,0.16013882002974714,0.14724838869608328,0.14402578086266732,0.16385721368368864,0.18294496777392166,0.1294000991571641,1.0,0.11551809618244918,0.12989588497768964,0.17724343083787802,0.11080813088745661,0.13956370847793753,0.14154685176003967,0.14551313832424392,0.1383242439266237,0.11427863163113534,0.1648487853247397,0.14898363906792267,0.13708477937530986,0.161378284581061,0.13287059990084282,0.1650966782350025
SKACTIVEML_DWUS,0.11155180961824492,0.11948438274665345,0.1353495290034705,0.11303916707982152,0.11279127416955875,0.11675756073376302,0.11353495290034706,0.09940505701536936,0.11378284581060982,0.11229548834903322,0.11849281110560238,0.11427863163113534,0.11204759543877045,0.12766484878532475,0.13559742191373328,0.1271690629647992,0.11551809618244918,0.1249380267724343,0.11650966782350025,0.11179970252850768,0.12295488349033218,0.11551809618244918,1.0,0.10138820029747149,0.11750123946455131,0.11477441745166088,0.11155180961824492,0.11452652454139811,0.11551809618244918,0.11427863163113534,0.09370352007932573,0.11303916707982152,0.11551809618244918,0.11279127416955875,0.11750123946455131,0.11006445215666832,0.11204759543877045
SKACTIVEML_QBC,0.12171541893901834,0.11576598909271195,0.12369856222112048,0.1331184928111056,0.11650966782350025,0.11799702528507684,0.10684184432325236,0.10708973723351513,0.10733763014377788,0.10585027268220129,0.11179970252850768,0.1494794248884482,0.14377788795240456,0.12865642042637582,0.12369856222112048,0.1331184928111056,0.12518591968269707,0.13187902825979178,0.1420426375805652,0.14377788795240456,0.12469013386217154,0.12989588497768964,0.10138820029747149,1.0,0.15964303420922163,0.11725334655428855,0.1256817055032226,0.12320277640059495,0.12146752602875557,0.11948438274665345,0.10436291522062469,0.13931581556767478,0.11502231036192365,0.11502231036192365,0.14005949429846307,0.11378284581060982,0.131631135349529
SKACTIVEML_QBC_VOTE_ENTROPY,0.15220624690133863,0.12394645513138325,0.15146256817055032,0.1849281110560238,0.1212196331184928,0.12345066931085771,0.10783341596430342,0.10138820029747149,0.13584531482399603,0.13336638572136836,0.1346058502726822,0.2035200793257313,0.2017848289538919,0.15096678235002478,0.15146256817055032,0.16013882002974714,0.15642042637580567,0.14377788795240456,0.16955875061973227,0.1923648983639068,0.13807635101636093,0.17724343083787802,0.11750123946455131,0.15964303420922163,1.0,0.11898859692612791,0.13559742191373328,0.14030738720872582,0.14526524541398117,0.13708477937530986,0.09419930589985126,0.19211700545364402,0.15518096182449181,0.13212692117005453,0.1841844323252355,0.131631135349529,0.1841844323252355
SKACTIVEML_QUIRE,0.16435299950421417,0.19757064947942488,0.07610312345066932,0.10089241447694595,0.14724838869608328,0.14179474467030243,0.09122459097669806,0.16187407040158652,0.14476945959345563,0.14154685176003967,0.13138324243926625,0.10337134357957363,0.10237977193852256,0.16732771442736738,0.07610312345066932,0.15840356965790778,0.16931085770946952,0.16782350024789291,0.1353495290034705,0.11229548834903322,0.18542389687654934,0.11080813088745661,0.11477441745166088,0.11725334655428855,0.11898859692612791,1.0,0.15071888943976203,0.14774417451660882,0.13782845810609817,0.12989588497768964,0.10708973723351513,0.10832920178482895,0.12865642042637582,0.13733267228557264,0.12047595438770452,0.139067922657412,0.10039662865642042
SKACTIVEML_US_ENTROPY,0.1427863163113535,0.15220624690133863,0.09519087754090233,0.11923648983639068,0.2181457610312345,0.18616757560733763,0.08403569657907783,0.11254338125929599,0.24194348041646008,0.1980664352999504,0.1665840356965791,0.1346058502726822,0.12766484878532475,0.17278135845314824,0.09519087754090233,0.16584035696579078,0.14823996033713435,0.16782350024789291,0.14700049578582053,0.1249380267724343,0.16757560733763013,0.13956370847793753,0.11155180961824492,0.1256817055032226,0.13559742191373328,0.15071888943976203,1.0,0.7922657411998016,0.7436787307882995,0.17253346554288548,0.10461080813088745,0.11601388200297472,0.13336638572136836,0.2020327218641547,0.12592959841348536,0.24566187407040158,0.11824491819533961
SKACTIVEML_US_LC,0.13708477937530986,0.15592464055528013,0.09395141298958849,0.12295488349033218,0.2627664848785325,0.19633118492811105,0.08329201784828955,0.11427863163113534,0.1945959345562717,0.23772930094199307,0.17873078829945463,0.13559742191373328,0.139067922657412,0.17327714427367377,0.09395141298958849,0.16584035696579078,0.14253842340109074,0.16931085770946952,0.15294992563212692,0.1271690629647992,0.16980664352999505,0.14154685176003967,0.11452652454139811,0.12320277640059495,0.14030738720872582,0.14774417451660882,0.7922657411998016,1.0,0.7677243430837878,0.1849281110560238,0.10114030738720872,0.11576598909271195,0.13212692117005453,0.24863658899355479,0.12692117005453643,0.20699058006941,0.12196331184928111
SKACTIVEML_US_MARGIN,0.13187902825979178,0.14625681705503224,0.10262766484878533,0.13039167079821518,0.19781854238968766,0.26425384234010907,0.08824987605354487,0.10163609320773426,0.1707982151710461,0.17575607337630145,0.23946455131383243,0.14253842340109074,0.1412989588497769,0.16757560733763013,0.10262766484878533,0.16088249876053545,0.13658899355478432,0.1707982151710461,0.15220624690133863,0.12964799206742686,0.16385721368368864,0.14551313832424392,0.11551809618244918,0.12146752602875557,0.14526524541398117,0.13782845810609817,0.7436787307882995,0.7677243430837878,1.0,0.24938026772434307,0.10510659395141299,0.12146752602875557,0.1338621715418939,0.18096182449181952,0.1353495290034705,0.17550818046603867,0.1294000991571641
SMALLTEXT_BREAKINGTIES,0.131631135349529,0.1405552801189886,0.09816559246405553,0.12989588497768964,0.2478929102627665,0.3735746157659891,0.08973723351512147,0.10758552305404065,0.26227069905800693,0.2702032721864155,0.3363906792265741,0.13063956370847793,0.14352999504214178,0.21417947446703026,0.09816559246405553,0.17253346554288548,0.1368368864650471,0.2922657411998017,0.20054536440257809,0.13807635101636093,0.1670798215171046,0.1383242439266237,0.11427863163113534,0.11948438274665345,0.13708477937530986,0.12989588497768964,0.17253346554288548,0.1849281110560238,0.24938026772434307,1.0,0.10708973723351513,0.1256817055032226,0.13138324243926625,0.7506197322756569,0.1264253842340109,0.7337630143777888,0.1294000991571641
SMALLTEXT_CONTRASTIVEAL,0.09816559246405553,0.10907288051561725,0.08205255329697571,0.0954387704511651,0.10907288051561725,0.10634605850272683,0.09419930589985126,0.1065939514129896,0.10560237977193852,0.09965294992563213,0.09742191373326722,0.09593455627169063,0.09643034209221617,0.1065939514129896,0.08205255329697571,0.10783341596430342,0.10039662865642042,0.11502231036192365,0.09370352007932573,0.10981655924640556,0.11527020327218641,0.11427863163113534,0.09370352007932573,0.10436291522062469,0.09419930589985126,0.10708973723351513,0.10461080813088745,0.10114030738720872,0.10510659395141299,0.10708973723351513,1.0,0.09742191373326722,0.11874070401586515,0.10857709469509172,0.1028755577590481,0.10932077342588002,0.0946950917203768
SMALLTEXT_EMBEDDINGKMEANS,0.1212196331184928,0.10758552305404065,0.15319781854238967,0.17873078829945463,0.11799702528507684,0.12766484878532475,0.13262270699058007,0.0961824491819534,0.12097174020823004,0.12543381259295985,0.1256817055032226,0.20897372335151215,0.20699058006941,0.1375805651958354,0.15319781854238967,0.14972731779871096,0.124194348041646,0.13361427863163114,0.16534457114526524,0.19186911254338126,0.1294000991571641,0.1648487853247397,0.11303916707982152,0.13931581556767478,0.19211700545364402,0.10832920178482895,0.11601388200297472,0.11576598909271195,0.12146752602875557,0.1256817055032226,0.09742191373326722,1.0,0.12692117005453643,0.12543381259295985,0.18319286068418444,0.12047595438770452,0.1774913237481408
SMALLTEXT_GREEDYCORESET,0.1960832920178483,0.16013882002974714,0.13510163609320774,0.13510163609320774,0.13559742191373328,0.12865642042637582,0.08849776896380764,0.13485374318294496,0.13559742191373328,0.13411006445215667,0.1338621715418939,0.16212196331184928,0.1405552801189886,0.13584531482399603,0.13510163609320774,0.1331184928111056,0.20079325731284084,0.12667327714427368,0.1353495290034705,0.1499752107089737,0.1353495290034705,0.14898363906792267,0.11551809618244918,0.11502231036192365,0.15518096182449181,0.12865642042637582,0.13336638572136836,0.13212692117005453,0.1338621715418939,0.13138324243926625,0.11874070401586515,0.12692117005453643,1.0,0.12766484878532475,0.1499752107089737,0.12766484878532475,0.13485374318294496
SMALLTEXT_LEASTCONFIDENCE,0.13931581556767478,0.14848785324739713,0.09072880515617253,0.1249380267724343,0.37902825979176996,0.2506197322756569,0.08626673277144274,0.11502231036192365,0.28334159643034207,0.33911750123946455,0.2677243430837878,0.12295488349033218,0.13336638572136836,0.20104115022310362,0.09072880515617253,0.1665840356965791,0.1442736737729301,0.23971244422409518,0.17178978681209717,0.1331184928111056,0.1663361427863163,0.13708477937530986,0.11279127416955875,0.11502231036192365,0.13212692117005453,0.13733267228557264,0.2020327218641547,0.24863658899355479,0.18096182449181952,0.7506197322756569,0.10857709469509172,0.12543381259295985,0.12766484878532475,1.0,0.124194348041646,0.7828458106098165,0.12444224095190877
SMALLTEXT_LIGHTWEIGHTCORESET,0.13510163609320774,0.1294000991571641,0.14724838869608328,0.1774913237481408,0.12245909766980664,0.12369856222112048,0.11006445215666832,0.10213187902825979,0.12345066931085771,0.12345066931085771,0.13039167079821518,0.20079325731284084,0.19757064947942488,0.13634110064452157,0.14724838869608328,0.14452156668319285,0.13857213683688646,0.13559742191373328,0.1628656420426376,0.17253346554288548,0.13063956370847793,0.161378284581061,0.11750123946455131,0.14005949429846307,0.1841844323252355,0.12047595438770452,0.12592959841348536,0.12692117005453643,0.1353495290034705,0.1264253842340109,0.1028755577590481,0.18319286068418444,0.1499752107089737,0.124194348041646,1.0,0.12047595438770452,0.1782350024789291
SMALLTEXT_PREDICTIONENTROPY,0.14352999504214178,0.15195835399107585,0.08998512642538424,0.12072384729796728,0.2811105602379772,0.23277144273673772,0.08527516113039167,0.11353495290034706,0.33763014377788797,0.29548834903321763,0.26053544868616757,0.12394645513138325,0.13336638572136836,0.20029747149231533,0.08998512642538424,0.1700545364402578,0.1479920674268716,0.2315319781854239,0.1628656420426376,0.12915220624690135,0.16831928606841845,0.13287059990084282,0.11006445215666832,0.11378284581060982,0.131631135349529,0.139067922657412,0.24566187407040158,0.20699058006941,0.17550818046603867,0.7337630143777888,0.10932077342588002,0.12047595438770452,0.12766484878532475,0.7828458106098165,0.12047595438770452,1.0,0.1212196331184928
SMALLTEXT_RANDOM,0.14229053049082796,0.10882498760535449,0.14526524541398117,0.9980168567178979,0.11353495290034706,0.11948438274665345,0.0999008428358949,0.0984134853743183,0.11477441745166088,0.12270699058006941,0.1249380267724343,0.19707486365889937,0.19881011403073873,0.14377788795240456,0.14526524541398117,0.1457610312345067,0.1457610312345067,0.1353495290034705,0.16410510659395142,0.17997025285076848,0.11576598909271195,0.1650966782350025,0.11204759543877045,0.131631135349529,0.1841844323252355,0.10039662865642042,0.11824491819533961,0.12196331184928111,0.1294000991571641,0.1294000991571641,0.0946950917203768,0.1774913237481408,0.13485374318294496,0.12444224095190877,0.1782350024789291,0.1212196331184928,1.0
