,ALIPY_CORESET_GREEDY,ALIPY_DENSITY_WEIGHTED,ALIPY_GRAPH_DENSITY,ALIPY_RANDOM,ALIPY_UNCERTAINTY_LC,ALIPY_UNCERTAINTY_MM,LIBACT_DWUS,LIBACT_QUIRE,LIBACT_UNCERTAINTY_ENT,LIBACT_UNCERTAINTY_LC,LIBACT_UNCERTAINTY_SM,OPTIMAL_GREEDY_10,OPTIMAL_GREEDY_20,PLAYGROUND_BANDIT,PLAYGROUND_GRAPH_DENSITY,PLAYGROUND_INFORMATIVE_DIVERSE,PLAYGROUND_KCENTER_GREEDY,PLAYGROUND_MARGIN,PLAYGROUND_MIXTURE,PLAYGROUND_UNIFORM,SKACTIVEML_COST_EMBEDDING,SKACTIVEML_DAL,SKACTIVEML_DWUS,SKACTIVEML_QBC,SKACTIVEML_QBC_VOTE_ENTROPY,SKACTIVEML_QUIRE,SKACTIVEML_US_ENTROPY,SKACTIVEML_US_LC,SKACTIVEML_US_MARGIN,SMALLTEXT_BREAKINGTIES,SMALLTEXT_CONTRASTIVEAL,SMALLTEXT_EMBEDDINGKMEANS,SMALLTEXT_GREEDYCORESET,SMALLTEXT_LEASTCONFIDENCE,SMALLTEXT_LIGHTWEIGHTCORESET,SMALLTEXT_PREDICTIONENTROPY,SMALLTEXT_RANDOM
ALIPY_CORESET_GREEDY,1.0,0.13435795736241943,0.10956866633614279,0.11056023797719385,0.07833415964303421,0.07560733763014378,0.07759048091224591,0.12964799206742686,0.06271690629647993,0.05899851264253842,0.05999008428358949,0.15716410510659395,0.15716410510659395,0.08924144769459594,0.10956866633614279,0.10560237977193852,0.9997521070897373,0.07585523054040655,0.11799702528507684,0.13634110064452157,0.0954387704511651,0.13708477937530986,0.09221616261774913,0.10783341596430342,0.14476945959345563,0.11750123946455131,0.06593951412989589,0.07387208725830441,0.06891422905304909,0.07040158651462568,0.09890927119484383,0.1517104610808131,0.18988596926127913,0.07411998016856718,0.13634110064452157,0.07015369360436291,0.11080813088745661
ALIPY_DENSITY_WEIGHTED,0.13435795736241943,1.0,0.10411502231036192,0.09494298463063956,0.11452652454139811,0.11477441745166088,0.13262270699058007,0.17649975210708974,0.10163609320773426,0.10213187902825979,0.10237977193852256,0.14675260287555775,0.15071888943976203,0.11229548834903322,0.10411502231036192,0.10634605850272683,0.13411006445215667,0.09221616261774913,0.11254338125929599,0.13237481408031732,0.11774913237481408,0.14898363906792267,0.15344571145265246,0.11477441745166088,0.13807635101636093,0.1745166088249876,0.10510659395141299,0.10684184432325236,0.11080813088745661,0.10560237977193852,0.12146752602875557,0.14452156668319285,0.15865146256817056,0.10585027268220129,0.1420426375805652,0.10808130887456618,0.09519087754090233
ALIPY_GRAPH_DENSITY,0.10956866633614279,0.10411502231036192,1.0,0.1264253842340109,0.06717897868120971,0.06891422905304909,0.10758552305404065,0.08205255329697571,0.056023797719385225,0.05280118988596926,0.060981655924640554,0.17997025285076848,0.1774913237481408,0.08155676747645017,1.0,0.09965294992563213,0.10956866633614279,0.07337630143777887,0.11452652454139811,0.15989092711948438,0.08626673277144274,0.13931581556767478,0.12270699058006941,0.11650966782350025,0.15121467526028756,0.07982151710461081,0.06346058502726822,0.06346058502726822,0.07015369360436291,0.06841844323252355,0.09519087754090233,0.17203767972235995,0.1457610312345067,0.06296479920674268,0.1502231036192365,0.06544372830937036,0.1264253842340109
ALIPY_RANDOM,0.11056023797719385,0.09494298463063956,0.1264253842340109,1.0,0.08899355478433317,0.0924640555280119,0.0880019831432821,0.0887456618740704,0.06817055032226078,0.06717897868120971,0.0768468021814576,0.2211204759543877,0.2196331184928111,0.10213187902825979,0.1264253842340109,0.11998016856717898,0.11080813088745661,0.0894893406048587,0.14452156668319285,0.18889439762022806,0.10560237977193852,0.1715418939018344,0.0932077342588002,0.14700049578582053,0.18517600396628656,0.09766980664352999,0.07511155180961825,0.07808626673277144,0.08205255329697571,0.07882994546355974,0.10708973723351513,0.19360436291522062,0.11923648983639068,0.07461576598909271,0.1871591472483887,0.07263262270699058,0.9997521070897373
ALIPY_UNCERTAINTY_LC,0.07833415964303421,0.11452652454139811,0.06717897868120971,0.08899355478433317,1.0,0.7421913733267228,0.06916212196331185,0.08006941001487357,0.13212692117005453,0.1591472483886961,0.1249380267724343,0.1264253842340109,0.13336638572136836,0.16088249876053545,0.06717897868120971,0.11626177491323748,0.07858205255329698,0.19286068418443233,0.15617253346554288,0.12543381259295985,0.11155180961824492,0.12865642042637582,0.10981655924640556,0.10237977193852256,0.12047595438770452,0.1036192364898364,0.15642042637580567,0.1819533961328706,0.13485374318294496,0.21541893901834408,0.08924144769459594,0.11898859692612791,0.10064452156668319,0.34952900347050075,0.11725334655428855,0.2464055528011899,0.0887456618740704
ALIPY_UNCERTAINTY_MM,0.07560733763014378,0.11477441745166088,0.06891422905304909,0.0924640555280119,0.7421913733267228,1.0,0.0805651958353991,0.07535944471988101,0.11130391670798215,0.11774913237481408,0.17055032226078334,0.1353495290034705,0.13336638572136836,0.17873078829945463,0.06891422905304909,0.12097174020823004,0.07585523054040655,0.2528507684680218,0.18294496777392166,0.12270699058006941,0.10386712940009915,0.13138324243926625,0.11527020327218641,0.10461080813088745,0.11799702528507684,0.10014873574615767,0.12469013386217154,0.12766484878532475,0.17798710956866634,0.3373822508676252,0.08477937530986614,0.12518591968269707,0.10560237977193852,0.221864154685176,0.1271690629647992,0.1960832920178483,0.09221616261774913
LIBACT_DWUS,0.07759048091224591,0.13262270699058007,0.10758552305404065,0.0880019831432821,0.06916212196331185,0.0805651958353991,1.0,0.12890431333663857,0.06445215666831929,0.062221120475954385,0.07461576598909271,0.10684184432325236,0.11155180961824492,0.07511155180961825,0.10758552305404065,0.07288051561725335,0.07759048091224591,0.06916212196331185,0.07411998016856718,0.10312345066931086,0.09221616261774913,0.11452652454139811,0.16410510659395142,0.11056023797719385,0.12816063460585028,0.10262766484878533,0.06792265741199802,0.07064947942488845,0.07808626673277144,0.06668319286068418,0.12047595438770452,0.16360932077342588,0.11700545364402579,0.06271690629647993,0.11353495290034706,0.05924640555280119,0.0880019831432821
LIBACT_QUIRE,0.12964799206742686,0.17649975210708974,0.08205255329697571,0.0887456618740704,0.08006941001487357,0.07535944471988101,0.12890431333663857,1.0,0.058254833911750126,0.062221120475954385,0.06742687159147248,0.12816063460585028,0.12592959841348536,0.0850272682201289,0.08205255329697571,0.09271194843827467,0.12964799206742686,0.0805651958353991,0.10089241447694595,0.12518591968269707,0.09122459097669806,0.12617749132374814,0.11849281110560238,0.11452652454139811,0.12369856222112048,0.1487357461576599,0.07040158651462568,0.07188894397620228,0.07535944471988101,0.06990580069410014,0.12592959841348536,0.12692117005453643,0.13063956370847793,0.07188894397620228,0.10981655924640556,0.07040158651462568,0.0887456618740704
LIBACT_UNCERTAINTY_ENT,0.06271690629647993,0.10163609320773426,0.056023797719385225,0.06817055032226078,0.13212692117005453,0.11130391670798215,0.06445215666831929,0.058254833911750126,1.0,0.7860684184432325,0.7300446207238473,0.0999008428358949,0.09519087754090233,0.0857709469509172,0.056023797719385225,0.1065939514129896,0.06271690629647993,0.07858205255329698,0.08254833911750124,0.08601883986117997,0.09519087754090233,0.0917203767972236,0.09370352007932573,0.07932573128408528,0.10064452156668319,0.09271194843827467,0.17055032226078334,0.12617749132374814,0.10188398611799702,0.16360932077342588,0.06668319286068418,0.09816559246405553,0.0887456618740704,0.19410014873574616,0.09196826970748637,0.24020823004462072,0.06817055032226078
LIBACT_UNCERTAINTY_LC,0.05899851264253842,0.10213187902825979,0.05280118988596926,0.06717897868120971,0.1591472483886961,0.11774913237481408,0.062221120475954385,0.062221120475954385,0.7860684184432325,1.0,0.7558254833911751,0.1036192364898364,0.10188398611799702,0.0872583044124938,0.05280118988596926,0.11204759543877045,0.05924640555280119,0.08552305404065444,0.07957362419434805,0.08626673277144274,0.09494298463063956,0.0961824491819534,0.10064452156668319,0.07783837382250867,0.09791769955379276,0.08899355478433317,0.13361427863163114,0.16236985622211206,0.11303916707982152,0.17352503718393653,0.06916212196331185,0.10089241447694595,0.08304412493802678,0.2233515121467526,0.08924144769459594,0.19583539910758552,0.06693108577094695
LIBACT_UNCERTAINTY_SM,0.05999008428358949,0.10237977193852256,0.060981655924640554,0.0768468021814576,0.1249380267724343,0.17055032226078334,0.07461576598909271,0.06742687159147248,0.7300446207238473,0.7558254833911751,1.0,0.10932077342588002,0.10907288051561725,0.09295984134853744,0.060981655924640554,0.11403073872087258,0.06023797719385226,0.0887456618740704,0.08924144769459594,0.10039662865642042,0.09444719881011403,0.10535448686167576,0.10783341596430342,0.0924640555280119,0.10312345066931086,0.08626673277144274,0.10783341596430342,0.11105602379771938,0.15939514129895885,0.22682201289043133,0.06990580069410014,0.10981655924640556,0.09147248388696083,0.1797223599405057,0.10163609320773426,0.1745166088249876,0.07659890927119484
OPTIMAL_GREEDY_10,0.15716410510659395,0.14675260287555775,0.17997025285076848,0.2211204759543877,0.1264253842340109,0.1353495290034705,0.10684184432325236,0.12816063460585028,0.0999008428358949,0.1036192364898364,0.10932077342588002,1.0,0.552057511155181,0.1487357461576599,0.17997025285076848,0.18071393158155677,0.1574119980168567,0.1308874566187407,0.2188894397620228,0.29300941993059,0.13857213683688646,0.25483391175012393,0.13857213683688646,0.20128904313336637,0.27640059494298463,0.13733267228557264,0.11923648983639068,0.12816063460585028,0.13187902825979178,0.12196331184928111,0.13634110064452157,0.32771442736737727,0.1722855726326227,0.11056023797719385,0.2659890927119484,0.11080813088745661,0.22087258304412494
OPTIMAL_GREEDY_20,0.15716410510659395,0.15071888943976203,0.1774913237481408,0.2196331184928111,0.13336638572136836,0.13336638572136836,0.11155180961824492,0.12592959841348536,0.09519087754090233,0.10188398611799702,0.10907288051561725,0.552057511155181,1.0,0.14972731779871096,0.1774913237481408,0.1819533961328706,0.1574119980168567,0.12617749132374814,0.21343579573624194,0.2922657411998017,0.13262270699058007,0.25260287555775907,0.14898363906792267,0.19633118492811105,0.2922657411998017,0.1368368864650471,0.12171541893901834,0.12766484878532475,0.13336638572136836,0.11948438274665345,0.1368368864650471,0.32300446207238476,0.18071393158155677,0.11080813088745661,0.26871591472483886,0.11353495290034706,0.21938522558254833
PLAYGROUND_BANDIT,0.08924144769459594,0.11229548834903322,0.08155676747645017,0.10213187902825979,0.16088249876053545,0.17873078829945463,0.07511155180961825,0.0850272682201289,0.0857709469509172,0.0872583044124938,0.09295984134853744,0.1487357461576599,0.14972731779871096,1.0,0.08155676747645017,0.33465542885473476,0.0894893406048587,0.6370847793753098,0.36787307882994547,0.14253842340109074,0.21417947446703026,0.12890431333663857,0.09866137828458106,0.12865642042637582,0.13733267228557264,0.14452156668319285,0.10956866633614279,0.10510659395141299,0.11155180961824492,0.1665840356965791,0.090233019335647,0.13262270699058007,0.10857709469509172,0.14253842340109074,0.1412989588497769,0.13187902825979178,0.10188398611799702
PLAYGROUND_GRAPH_DENSITY,0.10956866633614279,0.10411502231036192,1.0,0.1264253842340109,0.06717897868120971,0.06891422905304909,0.10758552305404065,0.08205255329697571,0.056023797719385225,0.05280118988596926,0.060981655924640554,0.17997025285076848,0.1774913237481408,0.08155676747645017,1.0,0.09965294992563213,0.10956866633614279,0.07337630143777887,0.11452652454139811,0.15989092711948438,0.08626673277144274,0.13931581556767478,0.12270699058006941,0.11650966782350025,0.15121467526028756,0.07982151710461081,0.06346058502726822,0.06346058502726822,0.07015369360436291,0.06841844323252355,0.09519087754090233,0.17203767972235995,0.1457610312345067,0.06296479920674268,0.1502231036192365,0.06544372830937036,0.1264253842340109
PLAYGROUND_INFORMATIVE_DIVERSE,0.10560237977193852,0.10634605850272683,0.09965294992563213,0.11998016856717898,0.11626177491323748,0.12097174020823004,0.07288051561725335,0.09271194843827467,0.1065939514129896,0.11204759543877045,0.11403073872087258,0.18071393158155677,0.1819533961328706,0.33465542885473476,0.09965294992563213,1.0,0.10585027268220129,0.33242439266236984,0.3220128904313337,0.15468517600396628,0.15617253346554288,0.15493306891422906,0.11477441745166088,0.12816063460585028,0.1574119980168567,0.13063956370847793,0.10312345066931086,0.11105602379771938,0.11279127416955875,0.10213187902825979,0.09742191373326722,0.15146256817055032,0.11998016856717898,0.09965294992563213,0.15344571145265246,0.09593455627169063,0.11973227565691621
PLAYGROUND_KCENTER_GREEDY,0.9997521070897373,0.13411006445215667,0.10956866633614279,0.11080813088745661,0.07858205255329698,0.07585523054040655,0.07759048091224591,0.12964799206742686,0.06271690629647993,0.05924640555280119,0.06023797719385226,0.1574119980168567,0.1574119980168567,0.0894893406048587,0.10956866633614279,0.10585027268220129,1.0,0.07610312345066932,0.11824491819533961,0.13658899355478432,0.0954387704511651,0.13708477937530986,0.0924640555280119,0.10783341596430342,0.1450173525037184,0.11750123946455131,0.06618740704015866,0.07411998016856718,0.06916212196331185,0.07064947942488845,0.09890927119484383,0.15195835399107585,0.18988596926127913,0.07387208725830441,0.1360932077342588,0.07015369360436291,0.11056023797719385
PLAYGROUND_MARGIN,0.07585523054040655,0.09221616261774913,0.07337630143777887,0.0894893406048587,0.19286068418443233,0.2528507684680218,0.06916212196331185,0.0805651958353991,0.07858205255329698,0.08552305404065444,0.0887456618740704,0.1308874566187407,0.12617749132374814,0.6370847793753098,0.07337630143777887,0.33242439266236984,0.07610312345066932,1.0,0.46058502726822015,0.12989588497768964,0.20327218641546851,0.11601388200297472,0.08775409023301933,0.11378284581060982,0.11477441745166088,0.1353495290034705,0.10386712940009915,0.10411502231036192,0.10857709469509172,0.24144769459593457,0.08378780366881507,0.11849281110560238,0.0991571641051066,0.18096182449181952,0.12270699058006941,0.16063460585027267,0.08924144769459594
PLAYGROUND_MIXTURE,0.11799702528507684,0.11254338125929599,0.11452652454139811,0.14452156668319285,0.15617253346554288,0.18294496777392166,0.07411998016856718,0.10089241447694595,0.08254833911750124,0.07957362419434805,0.08924144769459594,0.2188894397620228,0.21343579573624194,0.36787307882994547,0.11452652454139811,0.3220128904313337,0.11824491819533961,0.46058502726822015,1.0,0.20674268715914726,0.16088249876053545,0.16732771442736738,0.10163609320773426,0.14154685176003967,0.1819533961328706,0.1271690629647992,0.10609816559246406,0.10188398611799702,0.11328705999008429,0.16088249876053545,0.10114030738720872,0.1834407535944472,0.12047595438770452,0.13807635101636093,0.17129400099157163,0.124194348041646,0.1442736737729301
PLAYGROUND_UNIFORM,0.13634110064452157,0.13237481408031732,0.15989092711948438,0.18889439762022806,0.12543381259295985,0.12270699058006941,0.10312345066931086,0.12518591968269707,0.08601883986117997,0.08626673277144274,0.10039662865642042,0.29300941993059,0.2922657411998017,0.14253842340109074,0.15989092711948438,0.15468517600396628,0.13658899355478432,0.12989588497768964,0.20674268715914726,1.0,0.1338621715418939,0.20971740208230044,0.12394645513138325,0.17873078829945463,0.23772930094199307,0.13237481408031732,0.10981655924640556,0.11427863163113534,0.11998016856717898,0.1028755577590481,0.1375805651958354,0.25632126921170056,0.15815567674764502,0.10461080813088745,0.2233515121467526,0.10188398611799702,0.1886465047099653
SKACTIVEML_COST_EMBEDDING,0.0954387704511651,0.11774913237481408,0.08626673277144274,0.10560237977193852,0.11155180961824492,0.10386712940009915,0.09221616261774913,0.09122459097669806,0.09519087754090233,0.09494298463063956,0.09444719881011403,0.13857213683688646,0.13262270699058007,0.21417947446703026,0.08626673277144274,0.15617253346554288,0.0954387704511651,0.20327218641546851,0.16088249876053545,0.1338621715418939,1.0,0.1346058502726822,0.11204759543877045,0.11998016856717898,0.14105106593951414,0.16013882002974714,0.10808130887456618,0.10585027268220129,0.10064452156668319,0.10237977193852256,0.09667823500247893,0.13039167079821518,0.10981655924640556,0.10585027268220129,0.13435795736241943,0.10237977193852256,0.10560237977193852
SKACTIVEML_DAL,0.13708477937530986,0.14898363906792267,0.13931581556767478,0.1715418939018344,0.12865642042637582,0.13138324243926625,0.11452652454139811,0.12617749132374814,0.0917203767972236,0.0961824491819534,0.10535448686167576,0.25483391175012393,0.25260287555775907,0.12890431333663857,0.13931581556767478,0.15493306891422906,0.13708477937530986,0.11601388200297472,0.16732771442736738,0.20971740208230044,0.1346058502726822,1.0,0.1494794248884482,0.16038671294000992,0.22062469013386218,0.12989588497768964,0.11874070401586515,0.1212196331184928,0.12667327714427368,0.11452652454139811,0.12766484878532475,0.21715418939018344,0.16013882002974714,0.11527020327218641,0.2017848289538919,0.10411502231036192,0.1715418939018344
SKACTIVEML_DWUS,0.09221616261774913,0.15344571145265246,0.12270699058006941,0.0932077342588002,0.10981655924640556,0.11527020327218641,0.16410510659395142,0.11849281110560238,0.09370352007932573,0.10064452156668319,0.10783341596430342,0.13857213683688646,0.14898363906792267,0.09866137828458106,0.12270699058006941,0.11477441745166088,0.0924640555280119,0.08775409023301933,0.10163609320773426,0.12394645513138325,0.11204759543877045,0.1494794248884482,1.0,0.13733267228557264,0.14352999504214178,0.12444224095190877,0.10386712940009915,0.10634605850272683,0.11279127416955875,0.09643034209221617,0.12865642042637582,0.15493306891422906,0.1420426375805652,0.0894893406048587,0.1442736737729301,0.09395141298958849,0.09295984134853744
SKACTIVEML_QBC,0.10783341596430342,0.11477441745166088,0.11650966782350025,0.14700049578582053,0.10237977193852256,0.10461080813088745,0.11056023797719385,0.11452652454139811,0.07932573128408528,0.07783837382250867,0.0924640555280119,0.20128904313336637,0.19633118492811105,0.12865642042637582,0.11650966782350025,0.12816063460585028,0.10783341596430342,0.11378284581060982,0.14154685176003967,0.17873078829945463,0.11998016856717898,0.16038671294000992,0.13733267228557264,1.0,0.19162121963311848,0.12816063460585028,0.09221616261774913,0.0961824491819534,0.1065939514129896,0.0932077342588002,0.11626177491323748,0.17997025285076848,0.12518591968269707,0.08899355478433317,0.16360932077342588,0.0842835894893406,0.14700049578582053
SKACTIVEML_QBC_VOTE_ENTROPY,0.14476945959345563,0.13807635101636093,0.15121467526028756,0.18517600396628656,0.12047595438770452,0.11799702528507684,0.12816063460585028,0.12369856222112048,0.10064452156668319,0.09791769955379276,0.10312345066931086,0.27640059494298463,0.2922657411998017,0.13733267228557264,0.15121467526028756,0.1574119980168567,0.1450173525037184,0.11477441745166088,0.1819533961328706,0.23772930094199307,0.14105106593951414,0.22062469013386218,0.14352999504214178,0.19162121963311848,1.0,0.13187902825979178,0.10758552305404065,0.11378284581060982,0.11551809618244918,0.09766980664352999,0.13584531482399603,0.25012394645513136,0.16683192860684184,0.1028755577590481,0.22905304908279622,0.09866137828458106,0.1849281110560238
SKACTIVEML_QUIRE,0.11750123946455131,0.1745166088249876,0.07982151710461081,0.09766980664352999,0.1036192364898364,0.10014873574615767,0.10262766484878533,0.1487357461576599,0.09271194843827467,0.08899355478433317,0.08626673277144274,0.13733267228557264,0.1368368864650471,0.14452156668319285,0.07982151710461081,0.13063956370847793,0.11750123946455131,0.1353495290034705,0.1271690629647992,0.13237481408031732,0.16013882002974714,0.12989588497768964,0.12444224095190877,0.12816063460585028,0.13187902825979178,1.0,0.10560237977193852,0.09494298463063956,0.0984134853743183,0.09147248388696083,0.11527020327218641,0.12667327714427368,0.14923153197818542,0.09419930589985126,0.12518591968269707,0.09717402082300446,0.09766980664352999
SKACTIVEML_US_ENTROPY,0.06593951412989589,0.10510659395141299,0.06346058502726822,0.07511155180961825,0.15642042637580567,0.12469013386217154,0.06792265741199802,0.07040158651462568,0.17055032226078334,0.13361427863163114,0.10783341596430342,0.11923648983639068,0.12171541893901834,0.10956866633614279,0.06346058502726822,0.10312345066931086,0.06618740704015866,0.10386712940009915,0.10609816559246406,0.10981655924640556,0.10808130887456618,0.11874070401586515,0.10386712940009915,0.09221616261774913,0.10758552305404065,0.10560237977193852,1.0,0.7803668815071889,0.7285572632622707,0.10634605850272683,0.07783837382250867,0.10461080813088745,0.09370352007932573,0.13485374318294496,0.10808130887456618,0.17997025285076848,0.07486365889935548
SKACTIVEML_US_LC,0.07387208725830441,0.10684184432325236,0.06346058502726822,0.07808626673277144,0.1819533961328706,0.12766484878532475,0.07064947942488845,0.07188894397620228,0.12617749132374814,0.16236985622211206,0.11105602379771938,0.12816063460585028,0.12766484878532475,0.10510659395141299,0.06346058502726822,0.11105602379771938,0.07411998016856718,0.10411502231036192,0.10188398611799702,0.11427863163113534,0.10585027268220129,0.1212196331184928,0.10634605850272683,0.0961824491819534,0.11378284581060982,0.09494298463063956,0.7803668815071889,1.0,0.7481408031730292,0.11328705999008429,0.07982151710461081,0.11080813088745661,0.08775409023301933,0.17203767972235995,0.11179970252850768,0.1383242439266237,0.07783837382250867
SKACTIVEML_US_MARGIN,0.06891422905304909,0.11080813088745661,0.07015369360436291,0.08205255329697571,0.13485374318294496,0.17798710956866634,0.07808626673277144,0.07535944471988101,0.10188398611799702,0.11303916707982152,0.15939514129895885,0.13187902825979178,0.13336638572136836,0.11155180961824492,0.07015369360436291,0.11279127416955875,0.06916212196331185,0.10857709469509172,0.11328705999008429,0.11998016856717898,0.10064452156668319,0.12667327714427368,0.11279127416955875,0.1065939514129896,0.11551809618244918,0.0984134853743183,0.7285572632622707,0.7481408031730292,1.0,0.15642042637580567,0.07907783837382251,0.11452652454139811,0.09766980664352999,0.11998016856717898,0.1212196331184928,0.11080813088745661,0.08180466038671294
SMALLTEXT_BREAKINGTIES,0.07040158651462568,0.10560237977193852,0.06841844323252355,0.07882994546355974,0.21541893901834408,0.3373822508676252,0.06668319286068418,0.06990580069410014,0.16360932077342588,0.17352503718393653,0.22682201289043133,0.12196331184928111,0.11948438274665345,0.1665840356965791,0.06841844323252355,0.10213187902825979,0.07064947942488845,0.24144769459593457,0.16088249876053545,0.1028755577590481,0.10237977193852256,0.11452652454139811,0.09643034209221617,0.0932077342588002,0.09766980664352999,0.09147248388696083,0.10634605850272683,0.11328705999008429,0.15642042637580567,1.0,0.07436787307882994,0.11353495290034706,0.09048091224590976,0.7394645513138324,0.11427863163113534,0.721864154685176,0.07858205255329698
SMALLTEXT_CONTRASTIVEAL,0.09890927119484383,0.12146752602875557,0.09519087754090233,0.10708973723351513,0.08924144769459594,0.08477937530986614,0.12047595438770452,0.12592959841348536,0.06668319286068418,0.06916212196331185,0.06990580069410014,0.13634110064452157,0.1368368864650471,0.090233019335647,0.09519087754090233,0.09742191373326722,0.09890927119484383,0.08378780366881507,0.10114030738720872,0.1375805651958354,0.09667823500247893,0.12766484878532475,0.12865642042637582,0.11626177491323748,0.13584531482399603,0.11527020327218641,0.07783837382250867,0.07982151710461081,0.07907783837382251,0.07436787307882994,1.0,0.14972731779871096,0.1412989588497769,0.08006941001487357,0.13411006445215667,0.08304412493802678,0.10708973723351513
SMALLTEXT_EMBEDDINGKMEANS,0.1517104610808131,0.14452156668319285,0.17203767972235995,0.19360436291522062,0.11898859692612791,0.12518591968269707,0.16360932077342588,0.12692117005453643,0.09816559246405553,0.10089241447694595,0.10981655924640556,0.32771442736737727,0.32300446207238476,0.13262270699058007,0.17203767972235995,0.15146256817055032,0.15195835399107585,0.11849281110560238,0.1834407535944472,0.25632126921170056,0.13039167079821518,0.21715418939018344,0.15493306891422906,0.17997025285076848,0.25012394645513136,0.12667327714427368,0.10461080813088745,0.11080813088745661,0.11452652454139811,0.11353495290034706,0.14972731779871096,1.0,0.16410510659395142,0.11105602379771938,0.24392662369856222,0.10808130887456618,0.19335647000495787
SMALLTEXT_GREEDYCORESET,0.18988596926127913,0.15865146256817056,0.1457610312345067,0.11923648983639068,0.10064452156668319,0.10560237977193852,0.11700545364402579,0.13063956370847793,0.0887456618740704,0.08304412493802678,0.09147248388696083,0.1722855726326227,0.18071393158155677,0.10857709469509172,0.1457610312345067,0.11998016856717898,0.18988596926127913,0.0991571641051066,0.12047595438770452,0.15815567674764502,0.10981655924640556,0.16013882002974714,0.1420426375805652,0.12518591968269707,0.16683192860684184,0.14923153197818542,0.09370352007932573,0.08775409023301933,0.09766980664352999,0.09048091224590976,0.1412989588497769,0.16410510659395142,1.0,0.08750619732275657,0.15642042637580567,0.0924640555280119,0.11923648983639068
SMALLTEXT_LEASTCONFIDENCE,0.07411998016856718,0.10585027268220129,0.06296479920674268,0.07461576598909271,0.34952900347050075,0.221864154685176,0.06271690629647993,0.07188894397620228,0.19410014873574616,0.2233515121467526,0.1797223599405057,0.11056023797719385,0.11080813088745661,0.14253842340109074,0.06296479920674268,0.09965294992563213,0.07387208725830441,0.18096182449181952,0.13807635101636093,0.10461080813088745,0.10585027268220129,0.11527020327218641,0.0894893406048587,0.08899355478433317,0.1028755577590481,0.09419930589985126,0.13485374318294496,0.17203767972235995,0.11998016856717898,0.7394645513138324,0.08006941001487357,0.11105602379771938,0.08750619732275657,1.0,0.10089241447694595,0.7721864154685176,0.07486365889935548
SMALLTEXT_LIGHTWEIGHTCORESET,0.13634110064452157,0.1420426375805652,0.1502231036192365,0.1871591472483887,0.11725334655428855,0.1271690629647992,0.11353495290034706,0.10981655924640556,0.09196826970748637,0.08924144769459594,0.10163609320773426,0.2659890927119484,0.26871591472483886,0.1412989588497769,0.1502231036192365,0.15344571145265246,0.1360932077342588,0.12270699058006941,0.17129400099157163,0.2233515121467526,0.13435795736241943,0.2017848289538919,0.1442736737729301,0.16360932077342588,0.22905304908279622,0.12518591968269707,0.10808130887456618,0.11179970252850768,0.1212196331184928,0.11427863163113534,0.13411006445215667,0.24392662369856222,0.15642042637580567,0.10089241447694595,1.0,0.10014873574615767,0.18740704015865145
SMALLTEXT_PREDICTIONENTROPY,0.07015369360436291,0.10808130887456618,0.06544372830937036,0.07263262270699058,0.2464055528011899,0.1960832920178483,0.05924640555280119,0.07040158651462568,0.24020823004462072,0.19583539910758552,0.1745166088249876,0.11080813088745661,0.11353495290034706,0.13187902825979178,0.06544372830937036,0.09593455627169063,0.07015369360436291,0.16063460585027267,0.124194348041646,0.10188398611799702,0.10237977193852256,0.10411502231036192,0.09395141298958849,0.0842835894893406,0.09866137828458106,0.09717402082300446,0.17997025285076848,0.1383242439266237,0.11080813088745661,0.721864154685176,0.08304412493802678,0.10808130887456618,0.0924640555280119,0.7721864154685176,0.10014873574615767,1.0,0.07263262270699058
SMALLTEXT_RANDOM,0.11080813088745661,0.09519087754090233,0.1264253842340109,0.9997521070897373,0.0887456618740704,0.09221616261774913,0.0880019831432821,0.0887456618740704,0.06817055032226078,0.06693108577094695,0.07659890927119484,0.22087258304412494,0.21938522558254833,0.10188398611799702,0.1264253842340109,0.11973227565691621,0.11056023797719385,0.08924144769459594,0.1442736737729301,0.1886465047099653,0.10560237977193852,0.1715418939018344,0.09295984134853744,0.14700049578582053,0.1849281110560238,0.09766980664352999,0.07486365889935548,0.07783837382250867,0.08180466038671294,0.07858205255329698,0.10708973723351513,0.19335647000495787,0.11923648983639068,0.07486365889935548,0.18740704015865145,0.07263262270699058,1.0
