,ALIPY_CORESET_GREEDY,ALIPY_DENSITY_WEIGHTED,ALIPY_GRAPH_DENSITY,ALIPY_RANDOM,ALIPY_UNCERTAINTY_LC,ALIPY_UNCERTAINTY_MM,LIBACT_DWUS,LIBACT_QUIRE,LIBACT_UNCERTAINTY_ENT,LIBACT_UNCERTAINTY_LC,LIBACT_UNCERTAINTY_SM,OPTIMAL_GREEDY_10,OPTIMAL_GREEDY_20,PLAYGROUND_BANDIT,PLAYGROUND_GRAPH_DENSITY,PLAYGROUND_INFORMATIVE_DIVERSE,PLAYGROUND_KCENTER_GREEDY,PLAYGROUND_MARGIN,PLAYGROUND_MIXTURE,PLAYGROUND_UNIFORM,SKACTIVEML_COST_EMBEDDING,SKACTIVEML_DAL,SKACTIVEML_DWUS,SKACTIVEML_QBC,SKACTIVEML_QBC_VOTE_ENTROPY,SKACTIVEML_QUIRE,SKACTIVEML_US_ENTROPY,SKACTIVEML_US_LC,SKACTIVEML_US_MARGIN,SMALLTEXT_BREAKINGTIES,SMALLTEXT_CONTRASTIVEAL,SMALLTEXT_EMBEDDINGKMEANS,SMALLTEXT_GREEDYCORESET,SMALLTEXT_LEASTCONFIDENCE,SMALLTEXT_LIGHTWEIGHTCORESET,SMALLTEXT_PREDICTIONENTROPY,SMALLTEXT_RANDOM
ALIPY_CORESET_GREEDY,1.0,0.29077838373822507,0.22905304908279622,0.2233515121467526,0.24219137332672286,0.23772930094199307,0.21764997521070897,0.26152702032721864,0.2322756569162122,0.2278135845314824,0.2263262270699058,0.23648983639067922,0.22954883490332176,0.27565691621219635,0.23029251363411007,0.26202280614774415,0.9625681705503223,0.2625185919682697,0.263262270699058,0.24714923153197818,0.2783837382250868,0.2387208725830441,0.2278135845314824,0.22979672781358454,0.24343083787803668,0.2709469509172038,0.22979672781358454,0.22657411998016858,0.22235994050570154,0.2322756569162122,0.23946455131383243,0.22583044124938026,0.28681209717402084,0.2307882994546356,0.2461576598909271,0.24169558750619732,0.22359940505701537
ALIPY_DENSITY_WEIGHTED,0.29077838373822507,1.0,0.24764501735250372,0.2528507684680218,0.28284581060981656,0.27689638076351014,0.25780862667327714,0.31036192364898363,0.2697074863658899,0.2672285572632623,0.2635101636093208,0.25409023301933564,0.2555775904809122,0.31036192364898363,0.24913237481408032,0.29697570649479427,0.30069410014873577,0.29920674268715913,0.28433316807139314,0.28309370352007934,0.297223599405057,0.259048091224591,0.2602875557759048,0.2654933068914229,0.26053544868616757,0.31928606841844326,0.2811105602379772,0.27590480912245907,0.2721864154685176,0.26945959345562714,0.2697074863658899,0.2478929102627665,0.2900347050074368,0.27491323748140806,0.2704511650966782,0.28135845314824,0.2513634110064452
ALIPY_GRAPH_DENSITY,0.22905304908279622,0.24764501735250372,1.0,0.24392662369856222,0.2307882994546356,0.23971244422409518,0.251611303916708,0.22830937035200793,0.22384729796727815,0.21764997521070897,0.22583044124938026,0.2387208725830441,0.2411998016856718,0.2778879524045612,0.9876053544868617,0.2580565195835399,0.24764501735250372,0.2595438770451165,0.2630143777887952,0.27243430837878035,0.26053544868616757,0.2555775904809122,0.24938026772434307,0.24194348041646008,0.2640059494298463,0.2424392662369856,0.22657411998016858,0.21988101140307387,0.22731779871095686,0.23624194348041647,0.24516608824987604,0.23772930094199307,0.26945959345562714,0.22533465542885472,0.2461576598909271,0.2278135845314824,0.24020823004462072
ALIPY_RANDOM,0.2233515121467526,0.2528507684680218,0.24392662369856222,1.0,0.24293505205751115,0.24764501735250372,0.2307882994546356,0.2240951908775409,0.22434308378780368,0.22285572632622708,0.22434308378780368,0.26375805651958356,0.2741695587506197,0.28309370352007934,0.24764501735250372,0.26747645017352506,0.2426871591472484,0.2702032721864155,0.273921665840357,0.2808626673277144,0.2667327714427367,0.2595438770451165,0.2352503718393654,0.2545860188398612,0.2709469509172038,0.25359444719881014,0.23797719385225583,0.23574615765989093,0.23772930094199307,0.23648983639067922,0.25037183936539414,0.2506197322756569,0.26474962816063463,0.22384729796727815,0.2617749132374814,0.2337630143777888,0.9848785324739713
ALIPY_UNCERTAINTY_LC,0.24219137332672286,0.28284581060981656,0.2307882994546356,0.24293505205751115,1.0,0.8016856717897868,0.24442240951908775,0.2630143777887952,0.3165592464055528,0.33539910758552305,0.3034209221616262,0.2389687654933069,0.25111551809618243,0.3440753594447199,0.23723351512146754,0.2962320277640059,0.26896380763510164,0.3765493306891423,0.326970748636589,0.2818542389687655,0.31011403073872085,0.2640059494298463,0.26945959345562714,0.2702032721864155,0.25731284085275163,0.297223599405057,0.32449181953396133,0.33986117997025284,0.30540406544372833,0.37952404561229547,0.26127912741695586,0.2337630143777888,0.27640059494298463,0.4630639563708478,0.26103123450669313,0.3849776896380763,0.23971244422409518
ALIPY_UNCERTAINTY_MM,0.23772930094199307,0.27689638076351014,0.23971244422409518,0.24764501735250372,0.8016856717897868,1.0,0.24665344571145265,0.2583044124938027,0.3009419930589985,0.29821517104610806,0.3267228557263262,0.24814080317302925,0.2597917699553793,0.35374318294496776,0.2478929102627665,0.3001983143282102,0.2662369856222112,0.4261279127416956,0.35374318294496776,0.288795240456123,0.31259295984134855,0.26871591472483886,0.27243430837878035,0.26822012890431335,0.2595438770451165,0.2920178482895389,0.30589985126425384,0.30540406544372833,0.3341596430342092,0.4635597421913733,0.26127912741695586,0.2404561229548835,0.278135845314824,0.360932077342588,0.26747645017352506,0.3629152206246901,0.24516608824987604
LIBACT_DWUS,0.21764997521070897,0.25780862667327714,0.251611303916708,0.2307882994546356,0.24442240951908775,0.24665344571145265,1.0,0.23723351512146754,0.23202776400594943,0.2300446207238473,0.22682201289043133,0.23500247892910262,0.24442240951908775,0.2882994546355974,0.2592959841348537,0.25756073376301436,0.24392662369856222,0.2766484878532474,0.2635101636093208,0.27193852255825485,0.2659890927119484,0.2521070897372335,0.2597917699553793,0.25855230540406543,0.2545860188398612,0.2640059494298463,0.23475458601883986,0.2330193356470005,0.23624194348041647,0.23971244422409518,0.2597917699553793,0.25483391175012393,0.25706494794248885,0.2285572632622707,0.2508676251859197,0.22979672781358454,0.2285572632622707
LIBACT_QUIRE,0.26152702032721864,0.31036192364898363,0.22830937035200793,0.2240951908775409,0.2630143777887952,0.2583044124938027,0.23723351512146754,1.0,0.24690133862171543,0.23996033713435796,0.23624194348041647,0.23277144273673772,0.22954883490332176,0.2890431333663857,0.23574615765989093,0.26896380763510164,0.28383738225086763,0.2773921665840357,0.2692117005453644,0.26945959345562714,0.2746653445711453,0.2478929102627665,0.25334655428854735,0.2528507684680218,0.2426871591472484,0.30069410014873577,0.25359444719881014,0.2545860188398612,0.2464055528011899,0.2513634110064452,0.266484878532474,0.23401090728805157,0.27590480912245907,0.24814080317302925,0.24764501735250372,0.251611303916708,0.22359940505701537
LIBACT_UNCERTAINTY_ENT,0.2322756569162122,0.2697074863658899,0.22384729796727815,0.22434308378780368,0.3165592464055528,0.3009419930589985,0.23202776400594943,0.24690133862171543,1.0,0.8371343579573625,0.8096182449181953,0.2464055528011899,0.23971244422409518,0.31606346058502727,0.23202776400594943,0.2935052057511155,0.26078334159643035,0.2920178482895389,0.2816063460585027,0.27863163113534956,0.29325731284085277,0.2523549826474963,0.25731284085275163,0.25780862667327714,0.25384234010907286,0.28011898859692613,0.3336638572136837,0.30862667327714427,0.2935052057511155,0.36936043629152204,0.2528507684680218,0.23475458601883986,0.2729300941993059,0.37555775904809124,0.24516608824987604,0.4077838373822509,0.22136836886465047
LIBACT_UNCERTAINTY_LC,0.2278135845314824,0.2672285572632623,0.21764997521070897,0.22285572632622708,0.33539910758552305,0.29821517104610806,0.2300446207238473,0.23996033713435796,0.8371343579573625,1.0,0.81631135349529,0.24144769459593457,0.2374814080317303,0.3061477441745166,0.2263262270699058,0.28705999008428357,0.25706494794248885,0.2882994546355974,0.27615270203272185,0.27169062964799207,0.29300941993059,0.251611303916708,0.25632126921170056,0.25359444719881014,0.248388696083292,0.27863163113534956,0.3083787803668815,0.3252354982647496,0.2925136341100645,0.3673772930094199,0.2513634110064452,0.22806147744174515,0.2692117005453644,0.39514129895884975,0.2449181953396133,0.38001983143282103,0.22062469013386218
LIBACT_UNCERTAINTY_SM,0.2263262270699058,0.2635101636093208,0.22583044124938026,0.22434308378780368,0.3034209221616262,0.3267228557263262,0.22682201289043133,0.23624194348041647,0.8096182449181953,0.81631135349529,1.0,0.2461576598909271,0.24442240951908775,0.3068914229053049,0.23425880019831433,0.28755577590480913,0.255825483391175,0.289786812097174,0.27962320277640057,0.273921665840357,0.2892910262766485,0.25334655428854735,0.2583044124938027,0.25731284085275163,0.25384234010907286,0.26574119980168565,0.2900347050074368,0.29053049082796234,0.32771442736737727,0.3996033713435796,0.248388696083292,0.23351512146752604,0.2640059494298463,0.3579573624194348,0.25111551809618243,0.36936043629152204,0.221864154685176
OPTIMAL_GREEDY_10,0.23648983639067922,0.25409023301933564,0.2387208725830441,0.26375805651958356,0.2389687654933069,0.24814080317302925,0.23500247892910262,0.23277144273673772,0.2464055528011899,0.24144769459593457,0.2461576598909271,1.0,0.3549826474962816,0.29176995537927614,0.2449181953396133,0.28730788299454635,0.2588001983143282,0.2803668815071889,0.29771938522558256,0.3026772434308379,0.26524541398116014,0.2766484878532474,0.24392662369856222,0.2640059494298463,0.2892910262766485,0.2560733763014378,0.24169558750619732,0.24367873078829946,0.24566187407040158,0.23698562221120476,0.2478929102627665,0.2654933068914229,0.2697074863658899,0.2196331184928111,0.27640059494298463,0.22657411998016858,0.26127912741695586
OPTIMAL_GREEDY_20,0.22954883490332176,0.2555775904809122,0.2411998016856718,0.2741695587506197,0.25111551809618243,0.2597917699553793,0.24442240951908775,0.22954883490332176,0.23971244422409518,0.2374814080317303,0.24442240951908775,0.3549826474962816,1.0,0.30218145761031234,0.24714923153197818,0.29920674268715913,0.2508676251859197,0.2771442736737729,0.28755577590480913,0.2987109568666336,0.2776400594942985,0.27565691621219635,0.25111551809618243,0.2721864154685176,0.2890431333663857,0.25681705503222607,0.24913237481408032,0.2523549826474963,0.25334655428854735,0.24888448190381754,0.25731284085275163,0.278135845314824,0.26846802181457613,0.2337630143777888,0.2811105602379772,0.23996033713435796,0.2729300941993059
PLAYGROUND_BANDIT,0.27565691621219635,0.31036192364898363,0.2778879524045612,0.28309370352007934,0.3440753594447199,0.35374318294496776,0.2882994546355974,0.2890431333663857,0.31606346058502727,0.3061477441745166,0.3068914229053049,0.29176995537927614,0.30218145761031234,1.0,0.28705999008428357,0.44620723847297966,0.30490827962320277,0.6472483886960833,0.4910758552305404,0.33168071393158155,0.3815071888943976,0.3034209221616262,0.29102627664848785,0.31308874566187406,0.2999504214179474,0.3430837878036688,0.32126921170054534,0.3177987109568666,0.3140803173029251,0.3440753594447199,0.2994546355974219,0.2878036688150719,0.31383242439266235,0.3259791769955379,0.30193356470004956,0.3331680713931582,0.28011898859692613
PLAYGROUND_GRAPH_DENSITY,0.23029251363411007,0.24913237481408032,0.9876053544868617,0.24764501735250372,0.23723351512146754,0.2478929102627665,0.2592959841348537,0.23574615765989093,0.23202776400594943,0.2263262270699058,0.23425880019831433,0.2449181953396133,0.24714923153197818,0.28705999008428357,1.0,0.2662369856222112,0.2560733763014378,0.26896380763510164,0.2709469509172038,0.2811105602379772,0.26822012890431335,0.26127912741695586,0.255825483391175,0.24938026772434307,0.2714427367377293,0.2508676251859197,0.23500247892910262,0.22880515617253347,0.23574615765989093,0.24516608824987604,0.25260287555775907,0.24343083787803668,0.27615270203272185,0.23029251363411007,0.24888448190381754,0.23252354982647497,0.24467030242935053
PLAYGROUND_INFORMATIVE_DIVERSE,0.26202280614774415,0.29697570649479427,0.2580565195835399,0.26747645017352506,0.2962320277640059,0.3001983143282102,0.25756073376301436,0.26896380763510164,0.2935052057511155,0.28705999008428357,0.28755577590480913,0.28730788299454635,0.29920674268715913,0.44620723847297966,0.2662369856222112,1.0,0.2900347050074368,0.436291522062469,0.4112543381259296,0.3024293505205751,0.33886960832920177,0.2892910262766485,0.273921665840357,0.2882994546355974,0.28730788299454635,0.30441249380267726,0.29796727813584534,0.2997025285076847,0.29449677739216656,0.2952404561229549,0.28334159643034207,0.28358948934060485,0.2949925632126921,0.2863163113534953,0.2811105602379772,0.2937530986613783,0.26425384234010907
PLAYGROUND_KCENTER_GREEDY,0.9625681705503223,0.30069410014873577,0.24764501735250372,0.2426871591472484,0.26896380763510164,0.2662369856222112,0.24392662369856222,0.28383738225086763,0.26078334159643035,0.25706494794248885,0.255825483391175,0.2588001983143282,0.2508676251859197,0.30490827962320277,0.2560733763014378,0.2900347050074368,1.0,0.2922657411998017,0.2927615270203272,0.27491323748140806,0.30639563708477935,0.26375805651958356,0.2523549826474963,0.255825483391175,0.26945959345562714,0.30069410014873577,0.2592959841348537,0.2580565195835399,0.2528507684680218,0.2630143777887952,0.26524541398116014,0.24962816063460586,0.31333663857213684,0.25260287555775907,0.26127912741695586,0.26227069905800693,0.24070401586514625
PLAYGROUND_MARGIN,0.2625185919682697,0.29920674268715913,0.2595438770451165,0.2702032721864155,0.3765493306891423,0.4261279127416956,0.2766484878532474,0.2773921665840357,0.2920178482895389,0.2882994546355974,0.289786812097174,0.2803668815071889,0.2771442736737729,0.6472483886960833,0.26896380763510164,0.436291522062469,0.2922657411998017,1.0,0.5684184432325236,0.3145761031234507,0.3750619732275657,0.2885473475458602,0.2721864154685176,0.30218145761031234,0.28383738225086763,0.3267228557263262,0.3068914229053049,0.3061477441745166,0.30589985126425384,0.4077838373822509,0.29176995537927614,0.27491323748140806,0.29697570649479427,0.35374318294496776,0.28284581060981656,0.35448686167575605,0.2677243430837878
PLAYGROUND_MIXTURE,0.263262270699058,0.28433316807139314,0.2630143777887952,0.273921665840357,0.326970748636589,0.35374318294496776,0.2635101636093208,0.2692117005453644,0.2816063460585027,0.27615270203272185,0.27962320277640057,0.29771938522558256,0.28755577590480913,0.4910758552305404,0.2709469509172038,0.4112543381259296,0.2927615270203272,0.5684184432325236,1.0,0.3202776400594943,0.3296975706494794,0.285572632622707,0.2677243430837878,0.3026772434308379,0.29474467030242935,0.3158155676747645,0.2892910262766485,0.28805156172533464,0.2892910262766485,0.34234010907288054,0.2821021318790283,0.29053049082796234,0.2997025285076847,0.30540406544372833,0.29127416955875063,0.3071393158155677,0.27119484382746656
PLAYGROUND_UNIFORM,0.24714923153197818,0.28309370352007934,0.27243430837878035,0.2808626673277144,0.2818542389687655,0.288795240456123,0.27193852255825485,0.26945959345562714,0.27863163113534956,0.27169062964799207,0.273921665840357,0.3026772434308379,0.2987109568666336,0.33168071393158155,0.2811105602379772,0.3024293505205751,0.27491323748140806,0.3145761031234507,0.3202776400594943,1.0,0.30813088745661876,0.29821517104610806,0.26524541398116014,0.29821517104610806,0.30937035200793256,0.29846306395637084,0.27912741695587506,0.2729300941993059,0.2773921665840357,0.2853247397124442,0.29127416955875063,0.28358948934060485,0.2989588497768964,0.2669806643529995,0.28953891918691127,0.2714427367377293,0.2778879524045612
SKACTIVEML_COST_EMBEDDING,0.2783837382250868,0.297223599405057,0.26053544868616757,0.2667327714427367,0.31011403073872085,0.31259295984134855,0.2659890927119484,0.2746653445711453,0.29325731284085277,0.29300941993059,0.2892910262766485,0.26524541398116014,0.2776400594942985,0.3815071888943976,0.26822012890431335,0.33886960832920177,0.30639563708477935,0.3750619732275657,0.3296975706494794,0.30813088745661876,1.0,0.2714427367377293,0.2816063460585027,0.2915220624690134,0.28309370352007934,0.34258800198314326,0.3108577094695092,0.3076351016360932,0.3071393158155677,0.3061477441745166,0.2890431333663857,0.2659890927119484,0.2952404561229549,0.29127416955875063,0.2821021318790283,0.3031730292513634,0.26450173525037185
SKACTIVEML_DAL,0.2387208725830441,0.259048091224591,0.2555775904809122,0.2595438770451165,0.2640059494298463,0.26871591472483886,0.2521070897372335,0.2478929102627665,0.2523549826474963,0.251611303916708,0.25334655428854735,0.2766484878532474,0.27565691621219635,0.3034209221616262,0.26127912741695586,0.2892910262766485,0.26375805651958356,0.2885473475458602,0.285572632622707,0.29821517104610806,0.2714427367377293,1.0,0.26450173525037185,0.2597917699553793,0.282350024789291,0.27193852255825485,0.26103123450669313,0.26202280614774415,0.2630143777887952,0.2662369856222112,0.2662369856222112,0.2635101636093208,0.2803668815071889,0.25384234010907286,0.27937530986613784,0.259048091224591,0.25855230540406543
SKACTIVEML_DWUS,0.2278135845314824,0.2602875557759048,0.24938026772434307,0.2352503718393654,0.26945959345562714,0.27243430837878035,0.2597917699553793,0.25334655428854735,0.25731284085275163,0.25632126921170056,0.2583044124938027,0.24392662369856222,0.25111551809618243,0.29102627664848785,0.255825483391175,0.273921665840357,0.2523549826474963,0.2721864154685176,0.2677243430837878,0.26524541398116014,0.2816063460585027,0.26450173525037185,1.0,0.2528507684680218,0.26474962816063463,0.27937530986613784,0.2692117005453644,0.26945959345562714,0.26871591472483886,0.26227069905800693,0.25855230540406543,0.24318294496777393,0.27491323748140806,0.2513634110064452,0.25111551809618243,0.25334655428854735,0.23425880019831433
SKACTIVEML_QBC,0.22979672781358454,0.2654933068914229,0.24194348041646008,0.2545860188398612,0.2702032721864155,0.26822012890431335,0.25855230540406543,0.2528507684680218,0.25780862667327714,0.25359444719881014,0.25731284085275163,0.2640059494298463,0.2721864154685176,0.31308874566187406,0.24938026772434307,0.2882994546355974,0.255825483391175,0.30218145761031234,0.3026772434308379,0.29821517104610806,0.2915220624690134,0.2597917699553793,0.2528507684680218,1.0,0.2878036688150719,0.27962320277640057,0.26103123450669313,0.266484878532474,0.2669806643529995,0.26499752107089736,0.2734258800198314,0.26524541398116014,0.2788795240456123,0.25681705503222607,0.26227069905800693,0.25483391175012393,0.25260287555775907
SKACTIVEML_QBC_VOTE_ENTROPY,0.24343083787803668,0.26053544868616757,0.2640059494298463,0.2709469509172038,0.25731284085275163,0.2595438770451165,0.2545860188398612,0.2426871591472484,0.25384234010907286,0.248388696083292,0.25384234010907286,0.2892910262766485,0.2890431333663857,0.2999504214179474,0.2714427367377293,0.28730788299454635,0.26945959345562714,0.28383738225086763,0.29474467030242935,0.30937035200793256,0.28309370352007934,0.282350024789291,0.26474962816063463,0.2878036688150719,1.0,0.2667327714427367,0.25681705503222607,0.25780862667327714,0.2583044124938027,0.2560733763014378,0.2704511650966782,0.273921665840357,0.2892910262766485,0.24367873078829946,0.270699058006941,0.25012394645513136,0.26945959345562714
SKACTIVEML_QUIRE,0.2709469509172038,0.31928606841844326,0.2424392662369856,0.25359444719881014,0.297223599405057,0.2920178482895389,0.2640059494298463,0.30069410014873577,0.28011898859692613,0.27863163113534956,0.26574119980168565,0.2560733763014378,0.25681705503222607,0.3430837878036688,0.2508676251859197,0.30441249380267726,0.30069410014873577,0.3267228557263262,0.3158155676747645,0.29846306395637084,0.34258800198314326,0.27193852255825485,0.27937530986613784,0.27962320277640057,0.2667327714427367,1.0,0.3009419930589985,0.2949925632126921,0.28656420426375806,0.29028259791769956,0.2811105602379772,0.25855230540406543,0.29920674268715913,0.2863163113534953,0.27590480912245907,0.2890431333663857,0.2518591968269707
SKACTIVEML_US_ENTROPY,0.22979672781358454,0.2811105602379772,0.22657411998016858,0.23797719385225583,0.32449181953396133,0.30589985126425384,0.23475458601883986,0.25359444719881014,0.3336638572136837,0.3083787803668815,0.2900347050074368,0.24169558750619732,0.24913237481408032,0.32126921170054534,0.23500247892910262,0.29796727813584534,0.2592959841348537,0.3068914229053049,0.2892910262766485,0.27912741695587506,0.3108577094695092,0.26103123450669313,0.2692117005453644,0.26103123450669313,0.25681705503222607,0.3009419930589985,1.0,0.8391175012394646,0.8093703520079326,0.3041646008924145,0.26375805651958356,0.2345066931085771,0.2736737729300942,0.3108577094695092,0.24938026772434307,0.33763014377788797,0.2352503718393654
SKACTIVEML_US_LC,0.22657411998016858,0.27590480912245907,0.21988101140307387,0.23574615765989093,0.33986117997025284,0.30540406544372833,0.2330193356470005,0.2545860188398612,0.30862667327714427,0.3252354982647496,0.29053049082796234,0.24367873078829946,0.2523549826474963,0.3177987109568666,0.22880515617253347,0.2997025285076847,0.2580565195835399,0.3061477441745166,0.28805156172533464,0.2729300941993059,0.3076351016360932,0.26202280614774415,0.26945959345562714,0.266484878532474,0.25780862667327714,0.2949925632126921,0.8391175012394646,1.0,0.812097174020823,0.30069410014873577,0.259048091224591,0.23549826474962815,0.2662369856222112,0.32350024789291026,0.25111551809618243,0.31284085275161133,0.23326722855726326
SKACTIVEML_US_MARGIN,0.22235994050570154,0.2721864154685176,0.22731779871095686,0.23772930094199307,0.30540406544372833,0.3341596430342092,0.23624194348041647,0.2464055528011899,0.2935052057511155,0.2925136341100645,0.32771442736737727,0.24566187407040158,0.25334655428854735,0.3140803173029251,0.23574615765989093,0.29449677739216656,0.2528507684680218,0.30589985126425384,0.2892910262766485,0.2773921665840357,0.3071393158155677,0.2630143777887952,0.26871591472483886,0.2669806643529995,0.2583044124938027,0.28656420426375806,0.8093703520079326,0.812097174020823,1.0,0.3289538919186911,0.26103123450669313,0.23549826474962815,0.2640059494298463,0.28681209717402084,0.2521070897372335,0.29400099157164106,0.23500247892910262
SMALLTEXT_BREAKINGTIES,0.2322756569162122,0.26945959345562714,0.23624194348041647,0.23648983639067922,0.37952404561229547,0.4635597421913733,0.23971244422409518,0.2513634110064452,0.36936043629152204,0.3673772930094199,0.3996033713435796,0.23698562221120476,0.24888448190381754,0.3440753594447199,0.24516608824987604,0.2952404561229549,0.2630143777887952,0.4077838373822509,0.34234010907288054,0.2853247397124442,0.3061477441745166,0.2662369856222112,0.26227069905800693,0.26499752107089736,0.2560733763014378,0.29028259791769956,0.3041646008924145,0.30069410014873577,0.3289538919186911,1.0,0.2617749132374814,0.23574615765989093,0.2672285572632623,0.7944967773921666,0.25706494794248885,0.7922657411998016,0.23425880019831433
SMALLTEXT_CONTRASTIVEAL,0.23946455131383243,0.2697074863658899,0.24516608824987604,0.25037183936539414,0.26127912741695586,0.26127912741695586,0.2597917699553793,0.266484878532474,0.2528507684680218,0.2513634110064452,0.248388696083292,0.2478929102627665,0.25731284085275163,0.2994546355974219,0.25260287555775907,0.28334159643034207,0.26524541398116014,0.29176995537927614,0.2821021318790283,0.29127416955875063,0.2890431333663857,0.2662369856222112,0.25855230540406543,0.2734258800198314,0.2704511650966782,0.2811105602379772,0.26375805651958356,0.259048091224591,0.26103123450669313,0.2617749132374814,1.0,0.25037183936539414,0.28383738225086763,0.2543381259295984,0.259048091224591,0.25706494794248885,0.248388696083292
SMALLTEXT_EMBEDDINGKMEANS,0.22583044124938026,0.2478929102627665,0.23772930094199307,0.2506197322756569,0.2337630143777888,0.2404561229548835,0.25483391175012393,0.23401090728805157,0.23475458601883986,0.22806147744174515,0.23351512146752604,0.2654933068914229,0.278135845314824,0.2878036688150719,0.24343083787803668,0.28358948934060485,0.24962816063460586,0.27491323748140806,0.29053049082796234,0.28358948934060485,0.2659890927119484,0.2635101636093208,0.24318294496777393,0.26524541398116014,0.273921665840357,0.25855230540406543,0.2345066931085771,0.23549826474962815,0.23549826474962815,0.23574615765989093,0.25037183936539414,1.0,0.25756073376301436,0.21641051065939515,0.2627664848785325,0.22310361923648983,0.24913237481408032
SMALLTEXT_GREEDYCORESET,0.28681209717402084,0.2900347050074368,0.26945959345562714,0.26474962816063463,0.27640059494298463,0.278135845314824,0.25706494794248885,0.27590480912245907,0.2729300941993059,0.2692117005453644,0.2640059494298463,0.2697074863658899,0.26846802181457613,0.31383242439266235,0.27615270203272185,0.2949925632126921,0.31333663857213684,0.29697570649479427,0.2997025285076847,0.2989588497768964,0.2952404561229549,0.2803668815071889,0.27491323748140806,0.2788795240456123,0.2892910262766485,0.29920674268715913,0.2736737729300942,0.2662369856222112,0.2640059494298463,0.2672285572632623,0.28383738225086763,0.25756073376301436,1.0,0.2580565195835399,0.2692117005453644,0.2662369856222112,0.2625185919682697
SMALLTEXT_LEASTCONFIDENCE,0.2307882994546356,0.27491323748140806,0.22533465542885472,0.22384729796727815,0.4630639563708478,0.360932077342588,0.2285572632622707,0.24814080317302925,0.37555775904809124,0.39514129895884975,0.3579573624194348,0.2196331184928111,0.2337630143777888,0.3259791769955379,0.23029251363411007,0.2863163113534953,0.25260287555775907,0.35374318294496776,0.30540406544372833,0.2669806643529995,0.29127416955875063,0.25384234010907286,0.2513634110064452,0.25681705503222607,0.24367873078829946,0.2863163113534953,0.3108577094695092,0.32350024789291026,0.28681209717402084,0.7944967773921666,0.2543381259295984,0.21641051065939515,0.2580565195835399,1.0,0.25483391175012393,0.8277144273673773,0.23401090728805157
SMALLTEXT_LIGHTWEIGHTCORESET,0.2461576598909271,0.2704511650966782,0.2461576598909271,0.2617749132374814,0.26103123450669313,0.26747645017352506,0.2508676251859197,0.24764501735250372,0.24516608824987604,0.2449181953396133,0.25111551809618243,0.27640059494298463,0.2811105602379772,0.30193356470004956,0.24888448190381754,0.2811105602379772,0.26127912741695586,0.28284581060981656,0.29127416955875063,0.28953891918691127,0.2821021318790283,0.27937530986613784,0.25111551809618243,0.26227069905800693,0.270699058006941,0.27590480912245907,0.24938026772434307,0.25111551809618243,0.2521070897372335,0.25706494794248885,0.259048091224591,0.2627664848785325,0.2692117005453644,0.25483391175012393,1.0,0.26524541398116014,0.2704511650966782
SMALLTEXT_PREDICTIONENTROPY,0.24169558750619732,0.28135845314824,0.2278135845314824,0.2337630143777888,0.3849776896380763,0.3629152206246901,0.22979672781358454,0.251611303916708,0.4077838373822509,0.38001983143282103,0.36936043629152204,0.22657411998016858,0.23996033713435796,0.3331680713931582,0.23252354982647497,0.2937530986613783,0.26227069905800693,0.35448686167575605,0.3071393158155677,0.2714427367377293,0.3031730292513634,0.259048091224591,0.25334655428854735,0.25483391175012393,0.25012394645513136,0.2890431333663857,0.33763014377788797,0.31284085275161133,0.29400099157164106,0.7922657411998016,0.25706494794248885,0.22310361923648983,0.2662369856222112,0.8277144273673773,0.26524541398116014,1.0,0.2461576598909271
SMALLTEXT_RANDOM,0.22359940505701537,0.2513634110064452,0.24020823004462072,0.9848785324739713,0.23971244422409518,0.24516608824987604,0.2285572632622707,0.22359940505701537,0.22136836886465047,0.22062469013386218,0.221864154685176,0.26127912741695586,0.2729300941993059,0.28011898859692613,0.24467030242935053,0.26425384234010907,0.24070401586514625,0.2677243430837878,0.27119484382746656,0.2778879524045612,0.26450173525037185,0.25855230540406543,0.23425880019831433,0.25260287555775907,0.26945959345562714,0.2518591968269707,0.2352503718393654,0.23326722855726326,0.23500247892910262,0.23425880019831433,0.248388696083292,0.24913237481408032,0.2625185919682697,0.23401090728805157,0.2704511650966782,0.2461576598909271,1.0
