,ALIPY_CORESET_GREEDY,ALIPY_DENSITY_WEIGHTED,ALIPY_GRAPH_DENSITY,ALIPY_RANDOM,ALIPY_UNCERTAINTY_LC,ALIPY_UNCERTAINTY_MM,LIBACT_DWUS,LIBACT_QUIRE,LIBACT_UNCERTAINTY_ENT,LIBACT_UNCERTAINTY_LC,LIBACT_UNCERTAINTY_SM,OPTIMAL_GREEDY_10,OPTIMAL_GREEDY_20,PLAYGROUND_BANDIT,PLAYGROUND_GRAPH_DENSITY,PLAYGROUND_INFORMATIVE_DIVERSE,PLAYGROUND_KCENTER_GREEDY,PLAYGROUND_MARGIN,PLAYGROUND_MIXTURE,PLAYGROUND_UNIFORM,SKACTIVEML_COST_EMBEDDING,SKACTIVEML_DAL,SKACTIVEML_DWUS,SKACTIVEML_QBC,SKACTIVEML_QBC_VOTE_ENTROPY,SKACTIVEML_QUIRE,SKACTIVEML_US_ENTROPY,SKACTIVEML_US_LC,SKACTIVEML_US_MARGIN,SMALLTEXT_BREAKINGTIES,SMALLTEXT_CONTRASTIVEAL,SMALLTEXT_EMBEDDINGKMEANS,SMALLTEXT_GREEDYCORESET,SMALLTEXT_LEASTCONFIDENCE,SMALLTEXT_LIGHTWEIGHTCORESET,SMALLTEXT_PREDICTIONENTROPY,SMALLTEXT_RANDOM
ALIPY_CORESET_GREEDY,1.0,0.11551809618244918,0.13411006445215667,0.13658899355478432,0.08304412493802678,0.08279623202776401,0.0436291522062469,0.08155676747645017,0.06643529995042141,0.07238472979672782,0.07511155180961825,0.20029747149231533,0.19633118492811105,0.11874070401586515,0.13411006445215667,0.11898859692612791,0.9992563212692117,0.0887456618740704,0.15220624690133863,0.15096678235002478,0.11427863163113534,0.15146256817055032,0.06941001487357462,0.07610312345066932,0.15418939018344074,0.11080813088745661,0.07164105106593951,0.07486365889935548,0.07238472979672782,0.07188894397620228,0.08477937530986614,0.11551809618244918,0.22434308378780368,0.07560733763014378,0.1346058502726822,0.07213683688646505,0.13658899355478432
ALIPY_DENSITY_WEIGHTED,0.11551809618244918,1.0,0.07585523054040655,0.09295984134853744,0.13435795736241943,0.12816063460585028,0.04462072384729797,0.08676251859196826,0.11527020327218641,0.11601388200297472,0.11378284581060982,0.0984134853743183,0.09742191373326722,0.13336638572136836,0.07585523054040655,0.1383242439266237,0.11576598909271195,0.12816063460585028,0.13361427863163114,0.10907288051561725,0.14923153197818542,0.10485870104115022,0.11973227565691621,0.06172533465542886,0.10535448686167576,0.13733267228557264,0.13262270699058007,0.131631135349529,0.12964799206742686,0.12221120475954388,0.06792265741199802,0.07833415964303421,0.10089241447694595,0.12964799206742686,0.11155180961824492,0.131631135349529,0.09271194843827467
ALIPY_GRAPH_DENSITY,0.13411006445215667,0.07585523054040655,1.0,0.19360436291522062,0.07188894397620228,0.07858205255329698,0.0532969757064948,0.036440257808626676,0.06792265741199802,0.062221120475954385,0.06990580069410014,0.14848785324739713,0.14600892414476946,0.10684184432325236,1.0,0.10089241447694595,0.13435795736241943,0.0850272682201289,0.13262270699058007,0.236737729300942,0.1065939514129896,0.1760039662865642,0.08849776896380764,0.0946950917203768,0.2352503718393654,0.06990580069410014,0.06990580069410014,0.06891422905304909,0.07263262270699058,0.07387208725830441,0.04933068914229053,0.14476945959345563,0.14700049578582053,0.06841844323252355,0.18591968269707487,0.07288051561725335,0.19360436291522062
ALIPY_RANDOM,0.13658899355478432,0.09295984134853744,0.19360436291522062,1.0,0.08205255329697571,0.08998512642538424,0.05057015369360436,0.07114526524541398,0.07957362419434805,0.07461576598909271,0.08453148239960337,0.20426375805651958,0.1968269707486366,0.1301437778879524,0.19360436291522062,0.12915220624690135,0.13708477937530986,0.11006445215666832,0.16534457114526524,0.29821517104610806,0.13262270699058007,0.23698562221120476,0.10783341596430342,0.13113534952900346,0.3135845314823996,0.09667823500247893,0.08651462568170551,0.08849776896380764,0.0961824491819534,0.08527516113039167,0.06668319286068418,0.21194843827466534,0.1628656420426376,0.07783837382250867,0.2751611303916708,0.07535944471988101,0.9997521070897373
ALIPY_UNCERTAINTY_LC,0.08304412493802678,0.13435795736241943,0.07188894397620228,0.08205255329697571,1.0,0.7843331680713932,0.027020327218641546,0.03495290034705007,0.23921665840356965,0.28582052553296977,0.22905304908279622,0.15443728309370353,0.1517104610808131,0.26202280614774415,0.07188894397620228,0.24392662369856222,0.0835399107585523,0.31383242439266235,0.2545860188398612,0.11006445215666832,0.20153693604362916,0.10535448686167576,0.08899355478433317,0.05081804660386713,0.09816559246405553,0.10114030738720872,0.2766484878532474,0.3158155676747645,0.25681705503222607,0.3185423896876549,0.04561229548834903,0.07486365889935548,0.0813088745661874,0.4293505205751115,0.0969261279127417,0.3401090728805156,0.08180466038671294
ALIPY_UNCERTAINTY_MM,0.08279623202776401,0.12816063460585028,0.07858205255329698,0.08998512642538424,0.7843331680713932,1.0,0.032969757064947945,0.03495290034705007,0.20228061477441744,0.22657411998016858,0.2808626673277144,0.16782350024789291,0.1648487853247397,0.28383738225086763,0.07858205255329698,0.25384234010907286,0.08304412493802678,0.36440257808626675,0.28334159643034207,0.11874070401586515,0.20029747149231533,0.11130391670798215,0.08750619732275657,0.057263262270699056,0.10436291522062469,0.09866137828458106,0.24541398116013882,0.25681705503222607,0.3108577094695092,0.4365394149727318,0.0443728309370352,0.07907783837382251,0.08155676747645017,0.31606346058502727,0.10535448686167576,0.2850768468021815,0.08973723351512147
LIBACT_DWUS,0.0436291522062469,0.04462072384729797,0.0532969757064948,0.05057015369360436,0.027020327218641546,0.032969757064947945,1.0,0.07064947942488845,0.020823004462072386,0.021318790282597918,0.025780862667327716,0.022806147744174516,0.02330193356470005,0.02900347050074368,0.0532969757064948,0.023054040654437283,0.0436291522062469,0.026524541398116015,0.027764005949429845,0.06420426375805652,0.037927615270203274,0.04610808130887457,0.10262766484878533,0.07436787307882994,0.07387208725830441,0.05007436787307883,0.027268220128904314,0.027020327218641546,0.03173029251363411,0.02602875557759048,0.06866633614278632,0.11527020327218641,0.03619236489836391,0.02181457610312345,0.05751115518096182,0.022062469013386217,0.05057015369360436
LIBACT_QUIRE,0.08155676747645017,0.08676251859196826,0.036440257808626676,0.07114526524541398,0.03495290034705007,0.03495290034705007,0.07064947942488845,1.0,0.031234506693108576,0.02900347050074368,0.031234506693108576,0.044124938026772434,0.0443728309370352,0.042637580565195836,0.036440257808626676,0.04164600892414477,0.0813088745661874,0.0384234010907288,0.05007436787307883,0.07932573128408528,0.056023797719385225,0.07560733763014378,0.05280118988596926,0.07535944471988101,0.08403569657907783,0.10808130887456618,0.028507684680218144,0.029747149231531978,0.03024293505205751,0.02949925632126921,0.09940505701536936,0.07808626673277144,0.08775409023301933,0.031234506693108576,0.09395141298958849,0.030490827962320277,0.07114526524541398
LIBACT_UNCERTAINTY_ENT,0.06643529995042141,0.11527020327218641,0.06792265741199802,0.07957362419434805,0.23921665840356965,0.20228061477441744,0.020823004462072386,0.031234506693108576,1.0,0.8165592464055528,0.7560733763014378,0.1331184928111056,0.13063956370847793,0.17178978681209717,0.06792265741199802,0.20426375805651958,0.06643529995042141,0.17848289538919188,0.17278135845314824,0.10436291522062469,0.1665840356965791,0.09965294992563213,0.08651462568170551,0.04462072384729797,0.09345562716906297,0.08477937530986614,0.27640059494298463,0.23549826474962815,0.2055032226078334,0.270699058006941,0.05651958353991076,0.06470004957858205,0.08329201784828955,0.3036688150718889,0.09494298463063956,0.34729796727813583,0.07957362419434805
LIBACT_UNCERTAINTY_LC,0.07238472979672782,0.11601388200297472,0.062221120475954385,0.07461576598909271,0.28582052553296977,0.22657411998016858,0.021318790282597918,0.02900347050074368,0.8165592464055528,1.0,0.7868120971740208,0.14154685176003967,0.1383242439266237,0.19261279127416955,0.062221120475954385,0.21988101140307387,0.07288051561725335,0.20029747149231533,0.1871591472483887,0.090233019335647,0.17352503718393653,0.09742191373326722,0.08899355478433317,0.04115022310361924,0.0887456618740704,0.0813088745661874,0.24467030242935053,0.2773921665840357,0.2240951908775409,0.289786812097174,0.04561229548834903,0.062221120475954385,0.07610312345066932,0.35671789786812097,0.08899355478433317,0.3165592464055528,0.07436787307882994
LIBACT_UNCERTAINTY_SM,0.07511155180961825,0.11378284581060982,0.06990580069410014,0.08453148239960337,0.22905304908279622,0.2808626673277144,0.025780862667327716,0.031234506693108576,0.7560733763014378,0.7868120971740208,1.0,0.15294992563212692,0.14823996033713435,0.19558750619732276,0.06990580069410014,0.22806147744174515,0.07560733763014378,0.20699058006941,0.20128904313336637,0.10386712940009915,0.17674764501735252,0.10138820029747149,0.08899355478433317,0.051313832424392664,0.0946950917203768,0.08031730292513634,0.21120475954387705,0.22359940505701537,0.28135845314824,0.34977689638076354,0.03966286564204264,0.06817055032226078,0.07858205255329698,0.29053049082796234,0.09295984134853744,0.28284581060981656,0.0842835894893406
OPTIMAL_GREEDY_10,0.20029747149231533,0.0984134853743183,0.14848785324739713,0.20426375805651958,0.15443728309370353,0.16782350024789291,0.022806147744174516,0.044124938026772434,0.1331184928111056,0.14154685176003967,0.15294992563212692,1.0,0.7193852255825484,0.2464055528011899,0.14848785324739713,0.28383738225086763,0.20079325731284084,0.21194843827466534,0.32449181953396133,0.2345066931085771,0.1789786812097174,0.2240951908775409,0.06246901338621715,0.10237977193852256,0.2263262270699058,0.11824491819533961,0.14675260287555775,0.15642042637580567,0.1700545364402578,0.16782350024789291,0.05007436787307883,0.20079325731284084,0.11576598909271195,0.1588993554784333,0.21368368864650472,0.15146256817055032,0.20401586514625683
OPTIMAL_GREEDY_20,0.19633118492811105,0.09742191373326722,0.14600892414476946,0.1968269707486366,0.1517104610808131,0.1648487853247397,0.02330193356470005,0.0443728309370352,0.13063956370847793,0.1383242439266237,0.14823996033713435,0.7193852255825484,1.0,0.24392662369856222,0.14600892414476946,0.2766484878532474,0.19633118492811105,0.21269211700545365,0.31680713931581556,0.22459097669806644,0.16435299950421417,0.21219633118492812,0.06048587010411502,0.09568666336142786,0.21864154685176004,0.12221120475954388,0.1487357461576599,0.1576598909271195,0.17327714427367377,0.16435299950421417,0.05676747645017353,0.1980664352999504,0.11130391670798215,0.14675260287555775,0.2077342588001983,0.14377788795240456,0.19657907783837383
PLAYGROUND_BANDIT,0.11874070401586515,0.13336638572136836,0.10684184432325236,0.1301437778879524,0.26202280614774415,0.28383738225086763,0.02900347050074368,0.042637580565195836,0.17178978681209717,0.19261279127416955,0.19558750619732276,0.2464055528011899,0.24392662369856222,1.0,0.10684184432325236,0.44992563212692116,0.11898859692612791,0.6460089241447695,0.492563212692117,0.15666831928606842,0.30218145761031234,0.14823996033713435,0.07932573128408528,0.08155676747645017,0.13956370847793753,0.14600892414476946,0.1893901834407536,0.19881011403073873,0.214427367377293,0.25359444719881014,0.0518096182449182,0.09667823500247893,0.09568666336142786,0.22756569162121965,0.13956370847793753,0.2151710461080813,0.12989588497768964
PLAYGROUND_GRAPH_DENSITY,0.13411006445215667,0.07585523054040655,1.0,0.19360436291522062,0.07188894397620228,0.07858205255329698,0.0532969757064948,0.036440257808626676,0.06792265741199802,0.062221120475954385,0.06990580069410014,0.14848785324739713,0.14600892414476946,0.10684184432325236,1.0,0.10089241447694595,0.13435795736241943,0.0850272682201289,0.13262270699058007,0.236737729300942,0.1065939514129896,0.1760039662865642,0.08849776896380764,0.0946950917203768,0.2352503718393654,0.06990580069410014,0.06990580069410014,0.06891422905304909,0.07263262270699058,0.07387208725830441,0.04933068914229053,0.14476945959345563,0.14700049578582053,0.06841844323252355,0.18591968269707487,0.07288051561725335,0.19360436291522062
PLAYGROUND_INFORMATIVE_DIVERSE,0.11898859692612791,0.1383242439266237,0.10089241447694595,0.12915220624690135,0.24392662369856222,0.25384234010907286,0.023054040654437283,0.04164600892414477,0.20426375805651958,0.21988101140307387,0.22806147744174515,0.28383738225086763,0.2766484878532474,0.44992563212692116,0.10089241447694595,1.0,0.11948438274665345,0.4551313832424393,0.4400099157164105,0.153941497273178,0.2640059494298463,0.14030738720872582,0.08254833911750124,0.07882994546355974,0.14526524541398117,0.1279127416955875,0.20624690133862172,0.22459097669806644,0.236737729300942,0.2263262270699058,0.049826474962816066,0.11427863163113534,0.09643034209221617,0.2107089737233515,0.14005949429846307,0.20029747149231533,0.12890431333663857
PLAYGROUND_KCENTER_GREEDY,0.9992563212692117,0.11576598909271195,0.13435795736241943,0.13708477937530986,0.0835399107585523,0.08304412493802678,0.0436291522062469,0.0813088745661874,0.06643529995042141,0.07288051561725335,0.07560733763014378,0.20079325731284084,0.19633118492811105,0.11898859692612791,0.13435795736241943,0.11948438274665345,1.0,0.08899355478433317,0.15270203272186417,0.15121467526028756,0.11427863163113534,0.1517104610808131,0.06965790778383739,0.07635101636093208,0.15468517600396628,0.11080813088745661,0.07188894397620228,0.07535944471988101,0.07263262270699058,0.07213683688646505,0.08477937530986614,0.11527020327218641,0.22434308378780368,0.07585523054040655,0.13485374318294496,0.07213683688646505,0.1368368864650471
PLAYGROUND_MARGIN,0.0887456618740704,0.12816063460585028,0.0850272682201289,0.11006445215666832,0.31383242439266235,0.36440257808626675,0.026524541398116015,0.0384234010907288,0.17848289538919188,0.20029747149231533,0.20699058006941,0.21194843827466534,0.21269211700545365,0.6460089241447695,0.0850272682201289,0.4551313832424393,0.08899355478433317,1.0,0.5354486861675756,0.13187902825979178,0.29400099157164106,0.11750123946455131,0.07858205255329698,0.07387208725830441,0.12146752602875557,0.14303420922161625,0.20426375805651958,0.21740208230044622,0.23549826474962815,0.3433316807139316,0.04908279623202776,0.08180466038671294,0.07535944471988101,0.29028259791769956,0.11477441745166088,0.26871591472483886,0.10981655924640556
PLAYGROUND_MIXTURE,0.15220624690133863,0.13361427863163114,0.13262270699058007,0.16534457114526524,0.2545860188398612,0.28334159643034207,0.027764005949429845,0.05007436787307883,0.17278135845314824,0.1871591472483887,0.20128904313336637,0.32449181953396133,0.31680713931581556,0.492563212692117,0.13262270699058007,0.4400099157164105,0.15270203272186417,0.5354486861675756,1.0,0.2226078334159643,0.2553296975706495,0.17302925136341102,0.07907783837382251,0.08849776896380764,0.18393653941497273,0.14229053049082796,0.1908775409023302,0.19633118492811105,0.21913733267228558,0.25681705503222607,0.053792761527020325,0.14625681705503224,0.10585027268220129,0.22459097669806644,0.16584035696579078,0.21715418939018344,0.1650966782350025
PLAYGROUND_UNIFORM,0.15096678235002478,0.10907288051561725,0.236737729300942,0.29821517104610806,0.11006445215666832,0.11874070401586515,0.06420426375805652,0.07932573128408528,0.10436291522062469,0.090233019335647,0.10386712940009915,0.2345066931085771,0.22459097669806644,0.15666831928606842,0.236737729300942,0.153941497273178,0.15121467526028756,0.13187902825979178,0.2226078334159643,1.0,0.16236985622211206,0.259048091224591,0.11650966782350025,0.1368368864650471,0.33886960832920177,0.10882498760535449,0.10832920178482895,0.10684184432325236,0.11502231036192365,0.11750123946455131,0.0887456618740704,0.2387208725830441,0.17302925136341102,0.10758552305404065,0.2915220624690134,0.10832920178482895,0.29796727813584534
SKACTIVEML_COST_EMBEDDING,0.11427863163113534,0.14923153197818542,0.1065939514129896,0.13262270699058007,0.20153693604362916,0.20029747149231533,0.037927615270203274,0.056023797719385225,0.1665840356965791,0.17352503718393653,0.17674764501735252,0.1789786812097174,0.16435299950421417,0.30218145761031234,0.1065939514129896,0.2640059494298463,0.11427863163113534,0.29400099157164106,0.2553296975706495,0.16236985622211206,1.0,0.14724838869608328,0.09766980664352999,0.08849776896380764,0.15270203272186417,0.16757560733763013,0.18691125433812594,0.1849281110560238,0.18914229053049084,0.18244918195339613,0.06395637084779375,0.10535448686167576,0.11403073872087258,0.17947446703024295,0.14551313832424392,0.18616757560733763,0.13262270699058007
SKACTIVEML_DAL,0.15146256817055032,0.10485870104115022,0.1760039662865642,0.23698562221120476,0.10535448686167576,0.11130391670798215,0.04610808130887457,0.07560733763014378,0.09965294992563213,0.09742191373326722,0.10138820029747149,0.2240951908775409,0.21219633118492812,0.14823996033713435,0.1760039662865642,0.14030738720872582,0.1517104610808131,0.11750123946455131,0.17302925136341102,0.259048091224591,0.14724838869608328,1.0,0.10560237977193852,0.11799702528507684,0.2662369856222112,0.10436291522062469,0.11279127416955875,0.11576598909271195,0.11675756073376302,0.10039662865642042,0.08824987605354487,0.18071393158155677,0.1494794248884482,0.09717402082300446,0.24516608824987604,0.0961824491819534,0.23698562221120476
SKACTIVEML_DWUS,0.06941001487357462,0.11973227565691621,0.08849776896380764,0.10783341596430342,0.08899355478433317,0.08750619732275657,0.10262766484878533,0.05280118988596926,0.08651462568170551,0.08899355478433317,0.08899355478433317,0.06246901338621715,0.06048587010411502,0.07932573128408528,0.08849776896380764,0.08254833911750124,0.06965790778383739,0.07858205255329698,0.07907783837382251,0.11650966782350025,0.09766980664352999,0.10560237977193852,1.0,0.0924640555280119,0.10684184432325236,0.07337630143777887,0.08701041150223103,0.0917203767972236,0.09370352007932573,0.07709469509172037,0.051065939514129896,0.09890927119484383,0.0768468021814576,0.07932573128408528,0.10907288051561725,0.07932573128408528,0.10758552305404065
SKACTIVEML_QBC,0.07610312345066932,0.06172533465542886,0.0946950917203768,0.13113534952900346,0.05081804660386713,0.057263262270699056,0.07436787307882994,0.07535944471988101,0.04462072384729797,0.04115022310361924,0.051313832424392664,0.10237977193852256,0.09568666336142786,0.08155676747645017,0.0946950917203768,0.07882994546355974,0.07635101636093208,0.07387208725830441,0.08849776896380764,0.1368368864650471,0.08849776896380764,0.11799702528507684,0.0924640555280119,1.0,0.15642042637580567,0.09271194843827467,0.0495785820525533,0.05007436787307883,0.056023797719385225,0.0518096182449182,0.0835399107585523,0.1494794248884482,0.08626673277144274,0.0473475458601884,0.12245909766980664,0.046355974219137334,0.13113534952900346
SKACTIVEML_QBC_VOTE_ENTROPY,0.15418939018344074,0.10535448686167576,0.2352503718393654,0.3135845314823996,0.09816559246405553,0.10436291522062469,0.07387208725830441,0.08403569657907783,0.09345562716906297,0.0887456618740704,0.0946950917203768,0.2263262270699058,0.21864154685176004,0.13956370847793753,0.2352503718393654,0.14526524541398117,0.15468517600396628,0.12146752602875557,0.18393653941497273,0.33886960832920177,0.15270203272186417,0.2662369856222112,0.10684184432325236,0.15642042637580567,1.0,0.10461080813088745,0.0961824491819534,0.0991571641051066,0.10981655924640556,0.08998512642538424,0.07089737233515121,0.23797719385225583,0.18691125433812594,0.08378780366881507,0.3073872087258304,0.08230044620723848,0.31333663857213684
SKACTIVEML_QUIRE,0.11080813088745661,0.13733267228557264,0.06990580069410014,0.09667823500247893,0.10114030738720872,0.09866137828458106,0.05007436787307883,0.10808130887456618,0.08477937530986614,0.0813088745661874,0.08031730292513634,0.11824491819533961,0.12221120475954388,0.14600892414476946,0.06990580069410014,0.1279127416955875,0.11080813088745661,0.14303420922161625,0.14229053049082796,0.10882498760535449,0.16757560733763013,0.10436291522062469,0.07337630143777887,0.09271194843827467,0.10461080813088745,1.0,0.0917203767972236,0.08750619732275657,0.09147248388696083,0.08998512642538424,0.09742191373326722,0.06643529995042141,0.0932077342588002,0.09221616261774913,0.11105602379771938,0.09048091224590976,0.09667823500247893
SKACTIVEML_US_ENTROPY,0.07164105106593951,0.13262270699058007,0.06990580069410014,0.08651462568170551,0.2766484878532474,0.24541398116013882,0.027268220128904314,0.028507684680218144,0.27640059494298463,0.24467030242935053,0.21120475954387705,0.14675260287555775,0.1487357461576599,0.1893901834407536,0.06990580069410014,0.20624690133862172,0.07188894397620228,0.20426375805651958,0.1908775409023302,0.10832920178482895,0.18691125433812594,0.11279127416955875,0.08701041150223103,0.0495785820525533,0.0961824491819534,0.0917203767972236,1.0,0.8173029251363411,0.7677243430837878,0.21913733267228558,0.05057015369360436,0.06792265741199802,0.08329201784828955,0.2545860188398612,0.10733763014377788,0.30862667327714427,0.08626673277144274
SKACTIVEML_US_LC,0.07486365889935548,0.131631135349529,0.06891422905304909,0.08849776896380764,0.3158155676747645,0.25681705503222607,0.027020327218641546,0.029747149231531978,0.23549826474962815,0.2773921665840357,0.22359940505701537,0.15642042637580567,0.1576598909271195,0.19881011403073873,0.06891422905304909,0.22459097669806644,0.07535944471988101,0.21740208230044622,0.19633118492811105,0.10684184432325236,0.1849281110560238,0.11576598909271195,0.0917203767972236,0.05007436787307883,0.0991571641051066,0.08750619732275657,0.8173029251363411,1.0,0.7949925632126921,0.23624194348041647,0.04833911750123947,0.06891422905304909,0.07882994546355974,0.2920178482895389,0.1065939514129896,0.2555775904809122,0.08824987605354487
SKACTIVEML_US_MARGIN,0.07238472979672782,0.12964799206742686,0.07263262270699058,0.0961824491819534,0.25681705503222607,0.3108577094695092,0.03173029251363411,0.03024293505205751,0.2055032226078334,0.2240951908775409,0.28135845314824,0.1700545364402578,0.17327714427367377,0.214427367377293,0.07263262270699058,0.236737729300942,0.07263262270699058,0.23549826474962815,0.21913733267228558,0.11502231036192365,0.18914229053049084,0.11675756073376302,0.09370352007932573,0.056023797719385225,0.10981655924640556,0.09147248388696083,0.7677243430837878,0.7949925632126921,1.0,0.29424888448190384,0.0458601883986118,0.06817055032226078,0.08031730292513634,0.23723351512146754,0.10857709469509172,0.22012890431333665,0.09593455627169063
SMALLTEXT_BREAKINGTIES,0.07188894397620228,0.12221120475954388,0.07387208725830441,0.08527516113039167,0.3185423896876549,0.4365394149727318,0.02602875557759048,0.02949925632126921,0.270699058006941,0.289786812097174,0.34977689638076354,0.16782350024789291,0.16435299950421417,0.25359444719881014,0.07387208725830441,0.2263262270699058,0.07213683688646505,0.3433316807139316,0.25681705503222607,0.11750123946455131,0.18244918195339613,0.10039662865642042,0.07709469509172037,0.0518096182449182,0.08998512642538424,0.08998512642538424,0.21913733267228558,0.23624194348041647,0.29424888448190384,1.0,0.04090233019335647,0.07759048091224591,0.07263262270699058,0.7858205255329698,0.09494298463063956,0.7585523054040655,0.0850272682201289
SMALLTEXT_CONTRASTIVEAL,0.08477937530986614,0.06792265741199802,0.04933068914229053,0.06668319286068418,0.04561229548834903,0.0443728309370352,0.06866633614278632,0.09940505701536936,0.05651958353991076,0.04561229548834903,0.03966286564204264,0.05007436787307883,0.05676747645017353,0.0518096182449182,0.04933068914229053,0.049826474962816066,0.08477937530986614,0.04908279623202776,0.053792761527020325,0.0887456618740704,0.06395637084779375,0.08824987605354487,0.051065939514129896,0.0835399107585523,0.07089737233515121,0.09742191373326722,0.05057015369360436,0.04833911750123947,0.0458601883986118,0.04090233019335647,1.0,0.09717402082300446,0.10882498760535449,0.04685176003966286,0.08701041150223103,0.04462072384729797,0.06668319286068418
SMALLTEXT_EMBEDDINGKMEANS,0.11551809618244918,0.07833415964303421,0.14476945959345563,0.21194843827466534,0.07486365889935548,0.07907783837382251,0.11527020327218641,0.07808626673277144,0.06470004957858205,0.062221120475954385,0.06817055032226078,0.20079325731284084,0.1980664352999504,0.09667823500247893,0.14476945959345563,0.11427863163113534,0.11527020327218641,0.08180466038671294,0.14625681705503224,0.2387208725830441,0.10535448686167576,0.18071393158155677,0.09890927119484383,0.1494794248884482,0.23797719385225583,0.06643529995042141,0.06792265741199802,0.06891422905304909,0.06817055032226078,0.07759048091224591,0.09717402082300446,1.0,0.13485374318294496,0.07511155180961825,0.2387208725830441,0.07312840852751612,0.21170054536440258
SMALLTEXT_GREEDYCORESET,0.22434308378780368,0.10089241447694595,0.14700049578582053,0.1628656420426376,0.0813088745661874,0.08155676747645017,0.03619236489836391,0.08775409023301933,0.08329201784828955,0.07610312345066932,0.07858205255329698,0.11576598909271195,0.11130391670798215,0.09568666336142786,0.14700049578582053,0.09643034209221617,0.22434308378780368,0.07535944471988101,0.10585027268220129,0.17302925136341102,0.11403073872087258,0.1494794248884482,0.0768468021814576,0.08626673277144274,0.18691125433812594,0.0932077342588002,0.08329201784828955,0.07882994546355974,0.08031730292513634,0.07263262270699058,0.10882498760535449,0.13485374318294496,1.0,0.07535944471988101,0.17649975210708974,0.07783837382250867,0.1628656420426376
SMALLTEXT_LEASTCONFIDENCE,0.07560733763014378,0.12964799206742686,0.06841844323252355,0.07783837382250867,0.4293505205751115,0.31606346058502727,0.02181457610312345,0.031234506693108576,0.3036688150718889,0.35671789786812097,0.29053049082796234,0.1588993554784333,0.14675260287555775,0.22756569162121965,0.06841844323252355,0.2107089737233515,0.07585523054040655,0.29028259791769956,0.22459097669806644,0.10758552305404065,0.17947446703024295,0.09717402082300446,0.07932573128408528,0.0473475458601884,0.08378780366881507,0.09221616261774913,0.2545860188398612,0.2920178482895389,0.23723351512146754,0.7858205255329698,0.04685176003966286,0.07511155180961825,0.07535944471988101,1.0,0.08651462568170551,0.8078829945463559,0.07808626673277144
SMALLTEXT_LIGHTWEIGHTCORESET,0.1346058502726822,0.11155180961824492,0.18591968269707487,0.2751611303916708,0.0969261279127417,0.10535448686167576,0.05751115518096182,0.09395141298958849,0.09494298463063956,0.08899355478433317,0.09295984134853744,0.21368368864650472,0.2077342588001983,0.13956370847793753,0.18591968269707487,0.14005949429846307,0.13485374318294496,0.11477441745166088,0.16584035696579078,0.2915220624690134,0.14551313832424392,0.24516608824987604,0.10907288051561725,0.12245909766980664,0.3073872087258304,0.11105602379771938,0.10733763014377788,0.1065939514129896,0.10857709469509172,0.09494298463063956,0.08701041150223103,0.2387208725830441,0.17649975210708974,0.08651462568170551,1.0,0.08750619732275657,0.27540902330193356
SMALLTEXT_PREDICTIONENTROPY,0.07213683688646505,0.131631135349529,0.07288051561725335,0.07535944471988101,0.3401090728805156,0.2850768468021815,0.022062469013386217,0.030490827962320277,0.34729796727813583,0.3165592464055528,0.28284581060981656,0.15146256817055032,0.14377788795240456,0.2151710461080813,0.07288051561725335,0.20029747149231533,0.07213683688646505,0.26871591472483886,0.21715418939018344,0.10832920178482895,0.18616757560733763,0.0961824491819534,0.07932573128408528,0.046355974219137334,0.08230044620723848,0.09048091224590976,0.30862667327714427,0.2555775904809122,0.22012890431333665,0.7585523054040655,0.04462072384729797,0.07312840852751612,0.07783837382250867,0.8078829945463559,0.08750619732275657,1.0,0.07535944471988101
SMALLTEXT_RANDOM,0.13658899355478432,0.09271194843827467,0.19360436291522062,0.9997521070897373,0.08180466038671294,0.08973723351512147,0.05057015369360436,0.07114526524541398,0.07957362419434805,0.07436787307882994,0.0842835894893406,0.20401586514625683,0.19657907783837383,0.12989588497768964,0.19360436291522062,0.12890431333663857,0.1368368864650471,0.10981655924640556,0.1650966782350025,0.29796727813584534,0.13262270699058007,0.23698562221120476,0.10758552305404065,0.13113534952900346,0.31333663857213684,0.09667823500247893,0.08626673277144274,0.08824987605354487,0.09593455627169063,0.0850272682201289,0.06668319286068418,0.21170054536440258,0.1628656420426376,0.07808626673277144,0.27540902330193356,0.07535944471988101,1.0
