,ALIPY_CORESET_GREEDY,ALIPY_DENSITY_WEIGHTED,ALIPY_GRAPH_DENSITY,ALIPY_RANDOM,ALIPY_UNCERTAINTY_LC,ALIPY_UNCERTAINTY_MM,LIBACT_DWUS,LIBACT_QUIRE,LIBACT_UNCERTAINTY_ENT,LIBACT_UNCERTAINTY_LC,LIBACT_UNCERTAINTY_SM,OPTIMAL_GREEDY_10,OPTIMAL_GREEDY_20,PLAYGROUND_BANDIT,PLAYGROUND_GRAPH_DENSITY,PLAYGROUND_INFORMATIVE_DIVERSE,PLAYGROUND_KCENTER_GREEDY,PLAYGROUND_MARGIN,PLAYGROUND_MIXTURE,PLAYGROUND_UNIFORM,SKACTIVEML_COST_EMBEDDING,SKACTIVEML_DAL,SKACTIVEML_DWUS,SKACTIVEML_QBC,SKACTIVEML_QBC_VOTE_ENTROPY,SKACTIVEML_QUIRE,SKACTIVEML_US_ENTROPY,SKACTIVEML_US_LC,SKACTIVEML_US_MARGIN,SMALLTEXT_BREAKINGTIES,SMALLTEXT_CONTRASTIVEAL,SMALLTEXT_EMBEDDINGKMEANS,SMALLTEXT_GREEDYCORESET,SMALLTEXT_LEASTCONFIDENCE,SMALLTEXT_LIGHTWEIGHTCORESET,SMALLTEXT_PREDICTIONENTROPY,SMALLTEXT_RANDOM
ALIPY_CORESET_GREEDY,4034,552,486,514,366,377,137,424,301,294,293,809,791,478,486,516,4031,376,635,603,496,631,275,315,598,411,323,335,327,305,372,479,995,300,484,304,514
ALIPY_DENSITY_WEIGHTED,552,4034,322,367,590,560,141,458,489,504,491,480,432,543,322,552,552,540,548,379,596,473,471,274,436,598,538,555,531,528,369,408,494,568,457,567,367
ALIPY_GRAPH_DENSITY,486,322,4034,663,247,272,271,209,269,245,276,605,582,409,4034,354,487,296,501,796,383,627,298,338,813,263,258,251,265,266,244,563,569,234,690,249,663
ALIPY_RANDOM,514,367,663,4034,347,367,238,353,273,253,281,737,684,447,663,483,514,393,577,1045,492,875,365,464,1095,373,283,299,303,290,266,757,625,279,938,263,4034
ALIPY_UNCERTAINTY_LC,366,590,247,347,4034,3141,100,198,935,1109,899,550,566,990,247,942,367,1185,947,408,775,408,347,212,350,402,1059,1193,994,1234,222,273,365,1697,378,1325,347
ALIPY_UNCERTAINTY_MM,377,560,272,367,3141,4034,130,193,806,910,1106,597,611,1061,272,988,377,1394,1050,432,773,450,345,239,364,400,932,992,1184,1712,218,289,355,1231,399,1112,367
LIBACT_DWUS,137,141,271,238,100,130,4034,337,92,76,104,107,89,107,271,94,137,84,107,302,137,195,341,239,341,226,100,93,123,93,319,421,177,76,214,85,238
LIBACT_QUIRE,424,458,209,353,198,193,337,4034,156,143,151,263,255,222,209,236,424,197,263,333,262,356,242,323,352,500,157,154,160,159,483,338,417,156,391,165,353
LIBACT_UNCERTAINTY_ENT,301,489,269,273,935,806,92,156,4034,3225,3043,539,506,659,269,775,300,686,665,404,629,356,319,171,344,318,1075,884,769,1018,238,277,323,1134,335,1318,273
LIBACT_UNCERTAINTY_LC,294,504,245,253,1109,910,76,143,3225,4034,3169,556,533,729,245,852,295,764,726,351,675,355,327,159,321,323,955,1078,877,1101,196,266,320,1345,329,1189,253
LIBACT_UNCERTAINTY_SM,293,491,276,281,899,1106,104,151,3043,3169,4034,588,555,743,276,885,294,790,744,382,686,374,321,193,346,312,814,858,1066,1309,171,283,308,1108,354,1056,281
OPTIMAL_GREEDY_10,809,480,605,737,550,597,107,263,539,556,588,4034,2704,934,605,1072,811,841,1205,862,714,821,247,369,810,467,573,599,655,584,249,768,504,574,734,541,737
OPTIMAL_GREEDY_20,791,432,582,684,566,611,89,255,506,533,555,2704,4034,919,582,1064,789,841,1182,817,680,755,230,363,784,439,585,607,665,605,236,750,483,576,702,560,684
PLAYGROUND_BANDIT,478,543,409,447,990,1061,107,222,659,729,743,934,919,4034,409,1738,479,2523,1954,608,1202,536,314,300,489,615,735,768,818,976,250,370,408,890,513,835,447
PLAYGROUND_GRAPH_DENSITY,486,322,4034,663,247,272,271,209,269,245,276,605,582,409,4034,354,487,296,501,796,383,627,298,338,813,263,258,251,265,266,244,563,569,234,690,249,663
PLAYGROUND_INFORMATIVE_DIVERSE,516,552,354,483,942,988,94,236,775,852,885,1072,1064,1738,354,4034,516,1826,1681,585,1034,535,317,292,525,560,806,865,926,876,250,442,412,877,509,816,483
PLAYGROUND_KCENTER_GREEDY,4031,552,487,514,367,377,137,424,300,295,294,811,789,479,487,516,4034,376,637,603,496,632,275,316,599,411,323,336,327,305,371,478,995,301,485,304,514
PLAYGROUND_MARGIN,376,540,296,393,1185,1394,84,197,686,764,790,841,841,2523,296,1826,376,4034,2100,449,1164,455,301,276,415,621,748,800,841,1333,237,330,373,1139,432,1042,393
PLAYGROUND_MIXTURE,635,548,501,577,947,1050,107,263,665,726,744,1205,1182,1954,501,1681,637,2100,4034,823,966,615,294,357,644,584,720,729,783,958,245,516,467,865,602,826,577
PLAYGROUND_UNIFORM,603,379,796,1045,408,432,302,333,404,351,382,862,817,608,796,585,603,449,823,4034,555,905,384,508,1150,429,414,403,416,413,340,841,682,385,1034,398,1045
SKACTIVEML_COST_EMBEDDING,496,596,383,492,775,773,137,262,629,675,686,714,680,1202,383,1034,496,1164,966,555,4034,558,357,329,557,669,674,679,696,719,275,404,499,719,569,727,492
SKACTIVEML_DAL,631,473,627,875,408,450,195,356,356,355,374,821,755,536,627,535,632,455,615,905,558,4034,405,453,952,447,380,390,395,396,387,714,627,363,880,376,875
SKACTIVEML_DWUS,275,471,298,365,347,345,341,242,319,327,321,247,230,314,298,317,275,301,294,384,357,405,4034,366,430,275,335,336,327,296,242,331,356,305,399,306,365
SKACTIVEML_QBC,315,274,338,464,212,239,239,323,171,159,193,369,363,300,338,292,316,276,357,508,329,453,366,4034,568,388,183,189,216,200,340,474,352,174,443,165,464
SKACTIVEML_QBC_VOTE_ENTROPY,598,436,813,1095,350,364,341,352,344,321,346,810,784,489,813,525,599,415,644,1150,557,952,430,568,4034,403,356,365,392,319,337,880,758,304,1056,312,1095
SKACTIVEML_QUIRE,411,598,263,373,402,400,226,500,318,323,312,467,439,615,263,560,411,621,584,429,669,447,275,388,403,4034,370,354,363,392,416,272,405,392,444,397,373
SKACTIVEML_US_ENTROPY,323,538,258,283,1059,932,100,157,1075,955,814,573,585,735,258,806,323,748,720,414,674,380,335,183,356,370,4034,3280,3071,831,225,271,329,973,355,1172,283
SKACTIVEML_US_LC,335,555,251,299,1193,992,93,154,884,1078,858,599,607,768,251,865,336,800,729,403,679,390,336,189,365,354,3280,4034,3182,910,216,284,338,1117,362,951,299
SKACTIVEML_US_MARGIN,327,531,265,303,994,1184,123,160,769,877,1066,655,665,818,265,926,327,841,783,416,696,395,327,216,392,363,3071,3182,4034,1109,197,292,310,920,363,828,303
SMALLTEXT_BREAKINGTIES,305,528,266,290,1234,1712,93,159,1018,1101,1309,584,605,976,266,876,305,1333,958,413,719,396,296,200,319,392,831,910,1109,4034,190,302,326,3164,351,3025,290
SMALLTEXT_CONTRASTIVEAL,372,369,244,266,222,218,319,483,238,196,171,249,236,250,244,250,371,237,245,340,275,387,242,340,337,416,225,216,197,190,4034,380,426,199,348,202,266
SMALLTEXT_EMBEDDINGKMEANS,479,408,563,757,273,289,421,338,277,266,283,768,750,370,563,442,478,330,516,841,404,714,331,474,880,272,271,284,292,302,380,4034,586,286,865,304,757
SMALLTEXT_GREEDYCORESET,995,494,569,625,365,355,177,417,323,320,308,504,483,408,569,412,995,373,467,682,499,627,356,352,758,405,329,338,310,326,426,586,4034,357,725,350,625
SMALLTEXT_LEASTCONFIDENCE,300,568,234,279,1697,1231,76,156,1134,1345,1108,574,576,890,234,877,301,1139,865,385,719,363,305,174,304,392,973,1117,920,3164,199,286,357,4034,318,3255,279
SMALLTEXT_LIGHTWEIGHTCORESET,484,457,690,938,378,399,214,391,335,329,354,734,702,513,690,509,485,432,602,1034,569,880,399,443,1056,444,355,362,363,351,348,865,725,318,4034,318,938
SMALLTEXT_PREDICTIONENTROPY,304,567,249,263,1325,1112,85,165,1318,1189,1056,541,560,835,249,816,304,1042,826,398,727,376,306,165,312,397,1172,951,828,3025,202,304,350,3255,318,4034,263
SMALLTEXT_RANDOM,514,367,663,4034,347,367,238,353,273,253,281,737,684,447,663,483,514,393,577,1045,492,875,365,464,1095,373,283,299,303,290,266,757,625,279,938,263,4034
