,ALIPY_CORESET_GREEDY,ALIPY_DENSITY_WEIGHTED,ALIPY_GRAPH_DENSITY,ALIPY_RANDOM,ALIPY_UNCERTAINTY_LC,ALIPY_UNCERTAINTY_MM,LIBACT_DWUS,LIBACT_QUIRE,LIBACT_UNCERTAINTY_ENT,LIBACT_UNCERTAINTY_LC,LIBACT_UNCERTAINTY_SM,OPTIMAL_GREEDY_10,OPTIMAL_GREEDY_20,PLAYGROUND_BANDIT,PLAYGROUND_GRAPH_DENSITY,PLAYGROUND_INFORMATIVE_DIVERSE,PLAYGROUND_KCENTER_GREEDY,PLAYGROUND_MARGIN,PLAYGROUND_MIXTURE,PLAYGROUND_UNIFORM,SKACTIVEML_COST_EMBEDDING,SKACTIVEML_DAL,SKACTIVEML_DWUS,SKACTIVEML_QBC,SKACTIVEML_QBC_VOTE_ENTROPY,SKACTIVEML_QUIRE,SKACTIVEML_US_ENTROPY,SKACTIVEML_US_LC,SKACTIVEML_US_MARGIN,SMALLTEXT_BREAKINGTIES,SMALLTEXT_CONTRASTIVEAL,SMALLTEXT_EMBEDDINGKMEANS,SMALLTEXT_GREEDYCORESET,SMALLTEXT_LEASTCONFIDENCE,SMALLTEXT_LIGHTWEIGHTCORESET,SMALLTEXT_PREDICTIONENTROPY,SMALLTEXT_RANDOM
ALIPY_CORESET_GREEDY,1.0,0.2240951908775409,0.03445711452652454,0.05205751115518096,0.05205751115518096,0.042637580565195836,0.07411998016856718,0.26896380763510164,0.0443728309370352,0.04462072384729797,0.03520079325731284,0.0946950917203768,0.08750619732275657,0.07337630143777887,0.03445711452652454,0.09370352007932573,1.0,0.053792761527020325,0.07238472979672782,0.08453148239960337,0.11824491819533961,0.10932077342588002,0.09419930589985126,0.09221616261774913,0.0909766980664353,0.1554288547347546,0.047595438770451165,0.0451165096678235,0.03371343579573624,0.02751611303916708,0.15691621219633117,0.10907288051561725,0.30813088745661876,0.03718393653941497,0.11403073872087258,0.0458601883986118,0.05205751115518096
ALIPY_DENSITY_WEIGHTED,0.2240951908775409,1.0,0.051313832424392664,0.062221120475954385,0.07734258800198314,0.06370847793753098,0.12146752602875557,0.28284581060981656,0.06792265741199802,0.07288051561725335,0.05651958353991076,0.12592959841348536,0.12840852751611304,0.10808130887456618,0.051313832424392664,0.11849281110560238,0.2240951908775409,0.07362419434804164,0.08651462568170551,0.11998016856717898,0.15617253346554288,0.13882002974714924,0.15047099652949925,0.14229053049082796,0.12840852751611304,0.2057511155180962,0.06643529995042141,0.07337630143777887,0.06420426375805652,0.045364402578086264,0.17625185919682698,0.16038671294000992,0.3187902825979177,0.06147744174516609,0.13039167079821518,0.06296479920674268,0.062221120475954385
ALIPY_GRAPH_DENSITY,0.03445711452652454,0.051313832424392664,1.0,0.0835399107585523,0.03991075855230541,0.037927615270203274,0.16236985622211206,0.09494298463063956,0.031234506693108576,0.026524541398116015,0.03346554288547347,0.1360932077342588,0.13510163609320774,0.06866633614278632,1.0,0.06122954883490332,0.03445711452652454,0.04090233019335647,0.0480912245909767,0.1212196331184928,0.08378780366881507,0.12295488349033218,0.15121467526028756,0.13287059990084282,0.14030738720872582,0.09072880515617253,0.03148239960337134,0.02478929102627665,0.02875557759048091,0.02825979176995538,0.12320277640059495,0.153941497273178,0.08180466038671294,0.023549826474962815,0.10609816559246406,0.027268220128904314,0.0835399107585523
ALIPY_RANDOM,0.05205751115518096,0.062221120475954385,0.0835399107585523,1.0,0.04709965294992563,0.053544868616757564,0.16831928606841845,0.09494298463063956,0.03247397124442241,0.03148239960337134,0.035696579077838374,0.16187407040158652,0.1591472483886961,0.09196826970748637,0.0835399107585523,0.08998512642538424,0.05205751115518096,0.06544372830937036,0.0887456618740704,0.1591472483886961,0.08676251859196826,0.14898363906792267,0.12915220624690135,0.16236985622211206,0.16063460585027267,0.08601883986117997,0.03247397124442241,0.030490827962320277,0.036440257808626676,0.032969757064947945,0.13931581556767478,0.16063460585027267,0.08899355478433317,0.027268220128904314,0.1353495290034705,0.02875557759048091,1.0
ALIPY_UNCERTAINTY_LC,0.05205751115518096,0.07734258800198314,0.03991075855230541,0.04709965294992563,1.0,0.7151710461080814,0.058750619732275654,0.06792265741199802,0.08701041150223103,0.10089241447694595,0.07188894397620228,0.07411998016856718,0.07362419434804164,0.0805651958353991,0.03991075855230541,0.07783837382250867,0.05205751115518096,0.13113534952900346,0.08279623202776401,0.07734258800198314,0.08155676747645017,0.07610312345066932,0.07139315815567675,0.07858205255329698,0.07337630143777887,0.07808626673277144,0.07957362419434805,0.0961824491819534,0.06618740704015866,0.13138324243926625,0.07659890927119484,0.07411998016856718,0.07015369360436291,0.24169558750619732,0.06767476450173525,0.15096678235002478,0.04709965294992563
ALIPY_UNCERTAINTY_MM,0.042637580565195836,0.06370847793753098,0.037927615270203274,0.053544868616757564,0.7151710461080814,1.0,0.06668319286068418,0.05701536936043629,0.06494794248884482,0.06891422905304909,0.09419930589985126,0.0768468021814576,0.07238472979672782,0.08701041150223103,0.037927615270203274,0.08254833911750124,0.042637580565195836,0.1774913237481408,0.1028755577590481,0.07635101636093208,0.07808626673277144,0.07858205255329698,0.07511155180961825,0.0835399107585523,0.07560733763014378,0.06891422905304909,0.060981655924640554,0.06866633614278632,0.0872583044124938,0.23847297967278136,0.07139315815567675,0.07759048091224591,0.05552801189885969,0.12865642042637582,0.07015369360436291,0.1212196331184928,0.053544868616757564
LIBACT_DWUS,0.07411998016856718,0.12146752602875557,0.16236985622211206,0.16831928606841845,0.058750619732275654,0.06668319286068418,1.0,0.21417947446703026,0.05552801189885969,0.04833911750123947,0.058254833911750126,0.31680713931581556,0.3106098165592464,0.16683192860684184,0.16236985622211206,0.17302925136341102,0.07411998016856718,0.10138820029747149,0.14526524541398117,0.315319781854239,0.1611303916707982,0.29325731284085277,0.3527516113039167,0.3284581060981656,0.31259295984134855,0.1760039662865642,0.04610808130887457,0.04338125929598413,0.05304908279623203,0.04561229548834903,0.2580565195835399,0.4372830937035201,0.16360932077342588,0.035448686167575606,0.23574615765989093,0.0428854734754586,0.16831928606841845
LIBACT_QUIRE,0.26896380763510164,0.28284581060981656,0.09494298463063956,0.09494298463063956,0.06792265741199802,0.05701536936043629,0.21417947446703026,1.0,0.06941001487357462,0.059742191373326724,0.05552801189885969,0.1841844323252355,0.19410014873574616,0.12741695587506197,0.09494298463063956,0.1375805651958354,0.26896380763510164,0.08403569657907783,0.10089241447694595,0.17798710956866634,0.18815071888943977,0.20104115022310362,0.21789786812097173,0.1980664352999504,0.19286068418443233,0.25706494794248885,0.06420426375805652,0.06246901338621715,0.0532969757064948,0.036936043629152204,0.24938026772434307,0.24070401586514625,0.4070401586514626,0.046355974219137334,0.1871591472483887,0.05924640555280119,0.09494298463063956
LIBACT_UNCERTAINTY_ENT,0.0443728309370352,0.06792265741199802,0.031234506693108576,0.03247397124442241,0.08701041150223103,0.06494794248884482,0.05552801189885969,0.06941001487357462,1.0,0.7516113039167079,0.7174020823004462,0.06370847793753098,0.06321269211700545,0.061973227565691624,0.031234506693108576,0.06519583539910759,0.0443728309370352,0.05205751115518096,0.0532969757064948,0.06767476450173525,0.06296479920674268,0.05800694100148736,0.06668319286068418,0.061973227565691624,0.05800694100148736,0.07040158651462568,0.10956866633614279,0.08552305404065444,0.06643529995042141,0.07337630143777887,0.07337630143777887,0.06891422905304909,0.06742687159147248,0.09444719881011403,0.0532969757064948,0.12890431333663857,0.03247397124442241
LIBACT_UNCERTAINTY_LC,0.04462072384729797,0.07288051561725335,0.026524541398116015,0.03148239960337134,0.10089241447694595,0.06891422905304909,0.04833911750123947,0.059742191373326724,0.7516113039167079,1.0,0.7245909766980664,0.054784333168071395,0.05404065443728309,0.058750619732275654,0.026524541398116015,0.059742191373326724,0.04462072384729797,0.0532969757064948,0.05081804660386713,0.06122954883490332,0.06147744174516609,0.057263262270699056,0.06271690629647993,0.058750619732275654,0.0532969757064948,0.06693108577094695,0.08998512642538424,0.09890927119484383,0.07213683688646505,0.07461576598909271,0.06817055032226078,0.06346058502726822,0.06643529995042141,0.11080813088745661,0.05528011898859692,0.10609816559246406,0.03148239960337134
LIBACT_UNCERTAINTY_SM,0.03520079325731284,0.05651958353991076,0.03346554288547347,0.035696579077838374,0.07188894397620228,0.09419930589985126,0.058254833911750126,0.05552801189885969,0.7174020823004462,0.7245909766980664,1.0,0.06792265741199802,0.06296479920674268,0.06048587010411502,0.03346554288547347,0.07089737233515121,0.03520079325731284,0.06073376301437779,0.056023797719385225,0.06172533465542886,0.06717897868120971,0.06073376301437779,0.06172533465542886,0.06271690629647993,0.06817055032226078,0.058750619732275654,0.06891422905304909,0.06916212196331185,0.09717402082300446,0.10312345066931086,0.06569162121963312,0.07188894397620228,0.05627169062964799,0.07709469509172037,0.06048587010411502,0.08304412493802678,0.035696579077838374
OPTIMAL_GREEDY_10,0.0946950917203768,0.12592959841348536,0.1360932077342588,0.16187407040158652,0.07411998016856718,0.0768468021814576,0.31680713931581556,0.1841844323252355,0.06370847793753098,0.054784333168071395,0.06792265741199802,1.0,0.3039167079821517,0.16311353495290035,0.1360932077342588,0.16931085770946952,0.0946950917203768,0.10089241447694595,0.16559246405552802,0.2816063460585027,0.15989092711948438,0.27491323748140806,0.25012394645513136,0.2853247397124442,0.28284581060981656,0.16931085770946952,0.052553296975706494,0.05428854734754586,0.06544372830937036,0.053544868616757564,0.24020823004462072,0.3294496777392167,0.1760039662865642,0.049826474962816066,0.23252354982647497,0.050322260783341594,0.16187407040158652
OPTIMAL_GREEDY_20,0.08750619732275657,0.12840852751611304,0.13510163609320774,0.1591472483886961,0.07362419434804164,0.07238472979672782,0.3106098165592464,0.19410014873574616,0.06321269211700545,0.05404065443728309,0.06296479920674268,0.3039167079821517,1.0,0.153941497273178,0.13510163609320774,0.15815567674764502,0.08750619732275657,0.10461080813088745,0.14700049578582053,0.2677243430837878,0.15840356965790778,0.2776400594942985,0.255825483391175,0.2776400594942985,0.2882994546355974,0.16807139315815567,0.06122954883490332,0.058750619732275654,0.06668319286068418,0.056023797719385225,0.23698562221120476,0.3190381755081805,0.16881507188894398,0.04833911750123947,0.23252354982647497,0.05453644025780863,0.1591472483886961
PLAYGROUND_BANDIT,0.07337630143777887,0.10808130887456618,0.06866633614278632,0.09196826970748637,0.0805651958353991,0.08701041150223103,0.16683192860684184,0.12741695587506197,0.061973227565691624,0.058750619732275654,0.06048587010411502,0.16311353495290035,0.153941497273178,1.0,0.06866633614278632,0.31333663857213684,0.07337630143777887,0.35250371839365396,0.307882994546356,0.161378284581061,0.14452156668319285,0.15617253346554288,0.14898363906792267,0.16435299950421417,0.1576598909271195,0.12890431333663857,0.05627169062964799,0.06122954883490332,0.07089737233515121,0.06246901338621715,0.13658899355478432,0.17550818046603867,0.11849281110560238,0.06023797719385226,0.14452156668319285,0.06246901338621715,0.09196826970748637
PLAYGROUND_GRAPH_DENSITY,0.03445711452652454,0.051313832424392664,1.0,0.0835399107585523,0.03991075855230541,0.037927615270203274,0.16236985622211206,0.09494298463063956,0.031234506693108576,0.026524541398116015,0.03346554288547347,0.1360932077342588,0.13510163609320774,0.06866633614278632,1.0,0.06122954883490332,0.03445711452652454,0.04090233019335647,0.0480912245909767,0.1212196331184928,0.08378780366881507,0.12295488349033218,0.15121467526028756,0.13287059990084282,0.14030738720872582,0.09072880515617253,0.03148239960337134,0.02478929102627665,0.02875557759048091,0.02825979176995538,0.12320277640059495,0.153941497273178,0.08180466038671294,0.023549826474962815,0.10609816559246406,0.027268220128904314,0.0835399107585523
PLAYGROUND_INFORMATIVE_DIVERSE,0.09370352007932573,0.11849281110560238,0.06122954883490332,0.08998512642538424,0.07783837382250867,0.08254833911750124,0.17302925136341102,0.1375805651958354,0.06519583539910759,0.059742191373326724,0.07089737233515121,0.16931085770946952,0.15815567674764502,0.31333663857213684,0.06122954883490332,1.0,0.09370352007932573,0.28730788299454635,0.3009419930589985,0.1633614278631631,0.13634110064452157,0.16608824987605356,0.15096678235002478,0.16782350024789291,0.1707982151710461,0.1279127416955875,0.05924640555280119,0.05924640555280119,0.06445215666831929,0.05404065443728309,0.1499752107089737,0.19583539910758552,0.12890431333663857,0.056023797719385225,0.15319781854238967,0.062221120475954385,0.08998512642538424
PLAYGROUND_KCENTER_GREEDY,1.0,0.2240951908775409,0.03445711452652454,0.05205751115518096,0.05205751115518096,0.042637580565195836,0.07411998016856718,0.26896380763510164,0.0443728309370352,0.04462072384729797,0.03520079325731284,0.0946950917203768,0.08750619732275657,0.07337630143777887,0.03445711452652454,0.09370352007932573,1.0,0.053792761527020325,0.07238472979672782,0.08453148239960337,0.11824491819533961,0.10932077342588002,0.09419930589985126,0.09221616261774913,0.0909766980664353,0.1554288547347546,0.047595438770451165,0.0451165096678235,0.03371343579573624,0.02751611303916708,0.15691621219633117,0.10907288051561725,0.30813088745661876,0.03718393653941497,0.11403073872087258,0.0458601883986118,0.05205751115518096
PLAYGROUND_MARGIN,0.053792761527020325,0.07362419434804164,0.04090233019335647,0.06544372830937036,0.13113534952900346,0.1774913237481408,0.10138820029747149,0.08403569657907783,0.05205751115518096,0.0532969757064948,0.06073376301437779,0.10089241447694595,0.10461080813088745,0.35250371839365396,0.04090233019335647,0.28730788299454635,0.053792761527020325,1.0,0.44645513138324244,0.11303916707982152,0.1065939514129896,0.11031234506693109,0.09766980664352999,0.10560237977193852,0.10560237977193852,0.0924640555280119,0.05528011898859692,0.06172533465542886,0.061973227565691624,0.16212196331184928,0.0961824491819534,0.11998016856717898,0.07957362419434805,0.11006445215666832,0.09940505701536936,0.10436291522062469,0.06544372830937036
PLAYGROUND_MIXTURE,0.07238472979672782,0.08651462568170551,0.0480912245909767,0.0887456618740704,0.08279623202776401,0.1028755577590481,0.14526524541398117,0.10089241447694595,0.0532969757064948,0.05081804660386713,0.056023797719385225,0.16559246405552802,0.14700049578582053,0.307882994546356,0.0480912245909767,0.3009419930589985,0.07238472979672782,0.44645513138324244,1.0,0.15418939018344074,0.11229548834903322,0.15790778383738224,0.1279127416955875,0.14700049578582053,0.14898363906792267,0.10114030738720872,0.044868616757560736,0.051313832424392664,0.05230540406544373,0.08155676747645017,0.13435795736241943,0.16831928606841845,0.09866137828458106,0.061973227565691624,0.13510163609320774,0.056023797719385225,0.0887456618740704
PLAYGROUND_UNIFORM,0.08453148239960337,0.11998016856717898,0.1212196331184928,0.1591472483886961,0.07734258800198314,0.07635101636093208,0.315319781854239,0.17798710956866634,0.06767476450173525,0.06122954883490332,0.06172533465542886,0.2816063460585027,0.2677243430837878,0.161378284581061,0.1212196331184928,0.1633614278631631,0.08453148239960337,0.11303916707982152,0.15418939018344074,1.0,0.15245413981160139,0.26945959345562714,0.2461576598909271,0.26747645017352506,0.2617749132374814,0.1628656420426376,0.058254833911750126,0.058750619732275654,0.06544372830937036,0.05924640555280119,0.2513634110064452,0.3135845314823996,0.1633614278631631,0.05280118988596926,0.22954883490332176,0.05428854734754586,0.1591472483886961
SKACTIVEML_COST_EMBEDDING,0.11824491819533961,0.15617253346554288,0.08378780366881507,0.08676251859196826,0.08155676747645017,0.07808626673277144,0.1611303916707982,0.18815071888943977,0.06296479920674268,0.06147744174516609,0.06717897868120971,0.15989092711948438,0.15840356965790778,0.14452156668319285,0.08378780366881507,0.13634110064452157,0.11824491819533961,0.1065939514129896,0.11229548834903322,0.15245413981160139,1.0,0.15567674764501735,0.180466038671294,0.16435299950421417,0.16088249876053545,0.17476450173525038,0.06618740704015866,0.06445215666831929,0.06172533465542886,0.059742191373326724,0.16757560733763013,0.18691125433812594,0.16162617749132374,0.05850272682201289,0.15220624690133863,0.06717897868120971,0.08676251859196826
SKACTIVEML_DAL,0.10932077342588002,0.13882002974714924,0.12295488349033218,0.14898363906792267,0.07610312345066932,0.07858205255329698,0.29325731284085277,0.20104115022310362,0.05800694100148736,0.057263262270699056,0.06073376301437779,0.27491323748140806,0.2776400594942985,0.15617253346554288,0.12295488349033218,0.16608824987605356,0.10932077342588002,0.11031234506693109,0.15790778383738224,0.26945959345562714,0.15567674764501735,1.0,0.24739712444224096,0.25780862667327714,0.27962320277640057,0.180466038671294,0.05552801189885969,0.05404065443728309,0.06271690629647993,0.05280118988596926,0.25012394645513136,0.30961824491819534,0.18542389687654934,0.0436291522062469,0.23202776400594943,0.052553296975706494,0.14898363906792267
SKACTIVEML_DWUS,0.09419930589985126,0.15047099652949925,0.15121467526028756,0.12915220624690135,0.07139315815567675,0.07511155180961825,0.3527516113039167,0.21789786812097173,0.06668319286068418,0.06271690629647993,0.06172533465542886,0.25012394645513136,0.255825483391175,0.14898363906792267,0.15121467526028756,0.15096678235002478,0.09419930589985126,0.09766980664352999,0.1279127416955875,0.2461576598909271,0.180466038671294,0.24739712444224096,1.0,0.2744174516608825,0.25012394645513136,0.1826970748636589,0.06420426375805652,0.06470004957858205,0.06767476450173525,0.05453644025780863,0.23996033713435796,0.33242439266236984,0.18021814576103123,0.05404065443728309,0.1998016856717898,0.058750619732275654,0.12915220624690135
SKACTIVEML_QBC,0.09221616261774913,0.14229053049082796,0.13287059990084282,0.16236985622211206,0.07858205255329698,0.0835399107585523,0.3284581060981656,0.1980664352999504,0.061973227565691624,0.058750619732275654,0.06271690629647993,0.2853247397124442,0.2776400594942985,0.16435299950421417,0.13287059990084282,0.16782350024789291,0.09221616261774913,0.10560237977193852,0.14700049578582053,0.26747645017352506,0.16435299950421417,0.25780862667327714,0.2744174516608825,1.0,0.29846306395637084,0.17947446703024295,0.053792761527020325,0.0532969757064948,0.06668319286068418,0.051065939514129896,0.24938026772434307,0.3262270699058007,0.17724343083787802,0.049826474962816066,0.22359940505701537,0.05577590480912246,0.16236985622211206
SKACTIVEML_QBC_VOTE_ENTROPY,0.0909766980664353,0.12840852751611304,0.14030738720872582,0.16063460585027267,0.07337630143777887,0.07560733763014378,0.31259295984134855,0.19286068418443233,0.05800694100148736,0.0532969757064948,0.06817055032226078,0.28284581060981656,0.2882994546355974,0.1576598909271195,0.14030738720872582,0.1707982151710461,0.0909766980664353,0.10560237977193852,0.14898363906792267,0.2617749132374814,0.16088249876053545,0.27962320277640057,0.25012394645513136,0.29846306395637084,1.0,0.16931085770946952,0.062221120475954385,0.05850272682201289,0.06916212196331185,0.062221120475954385,0.23996033713435796,0.32002974714923155,0.17302925136341102,0.0495785820525533,0.23425880019831433,0.058254833911750126,0.16063460585027267
SKACTIVEML_QUIRE,0.1554288547347546,0.2057511155180962,0.09072880515617253,0.08601883986117997,0.07808626673277144,0.06891422905304909,0.1760039662865642,0.25706494794248885,0.07040158651462568,0.06693108577094695,0.058750619732275654,0.16931085770946952,0.16807139315815567,0.12890431333663857,0.09072880515617253,0.1279127416955875,0.1554288547347546,0.0924640555280119,0.10114030738720872,0.1628656420426376,0.17476450173525038,0.180466038671294,0.1826970748636589,0.17947446703024295,0.16931085770946952,1.0,0.06841844323252355,0.06048587010411502,0.05404065443728309,0.044868616757560736,0.20302429350520576,0.20104115022310362,0.24020823004462072,0.05676747645017353,0.16013882002974714,0.06990580069410014,0.08601883986117997
SKACTIVEML_US_ENTROPY,0.047595438770451165,0.06643529995042141,0.03148239960337134,0.03247397124442241,0.07957362419434805,0.060981655924640554,0.04610808130887457,0.06420426375805652,0.10956866633614279,0.08998512642538424,0.06891422905304909,0.052553296975706494,0.06122954883490332,0.05627169062964799,0.03148239960337134,0.05924640555280119,0.047595438770451165,0.05528011898859692,0.044868616757560736,0.058254833911750126,0.06618740704015866,0.05552801189885969,0.06420426375805652,0.053792761527020325,0.062221120475954385,0.06841844323252355,1.0,0.7473971244422409,0.7223599405057015,0.059742191373326724,0.06296479920674268,0.06346058502726822,0.06420426375805652,0.08006941001487357,0.058254833911750126,0.10535448686167576,0.03247397124442241
SKACTIVEML_US_LC,0.0451165096678235,0.07337630143777887,0.02478929102627665,0.030490827962320277,0.0961824491819534,0.06866633614278632,0.04338125929598413,0.06246901338621715,0.08552305404065444,0.09890927119484383,0.06916212196331185,0.05428854734754586,0.058750619732275654,0.06122954883490332,0.02478929102627665,0.05924640555280119,0.0451165096678235,0.06172533465542886,0.051313832424392664,0.058750619732275654,0.06445215666831929,0.05404065443728309,0.06470004957858205,0.0532969757064948,0.05850272682201289,0.06048587010411502,0.7473971244422409,1.0,0.7305404065443728,0.06593951412989589,0.06792265741199802,0.06717897868120971,0.06420426375805652,0.09072880515617253,0.059494298463063956,0.08552305404065444,0.030490827962320277
SKACTIVEML_US_MARGIN,0.03371343579573624,0.06420426375805652,0.02875557759048091,0.036440257808626676,0.06618740704015866,0.0872583044124938,0.05304908279623203,0.0532969757064948,0.06643529995042141,0.07213683688646505,0.09717402082300446,0.06544372830937036,0.06668319286068418,0.07089737233515121,0.02875557759048091,0.06445215666831929,0.03371343579573624,0.061973227565691624,0.05230540406544373,0.06544372830937036,0.06172533465542886,0.06271690629647993,0.06767476450173525,0.06668319286068418,0.06916212196331185,0.05404065443728309,0.7223599405057015,0.7305404065443728,1.0,0.0842835894893406,0.06048587010411502,0.07486365889935548,0.053792761527020325,0.06941001487357462,0.06271690629647993,0.06569162121963312,0.036440257808626676
SMALLTEXT_BREAKINGTIES,0.02751611303916708,0.045364402578086264,0.02825979176995538,0.032969757064947945,0.13138324243926625,0.23847297967278136,0.04561229548834903,0.036936043629152204,0.07337630143777887,0.07461576598909271,0.10312345066931086,0.053544868616757564,0.056023797719385225,0.06246901338621715,0.02825979176995538,0.05404065443728309,0.02751611303916708,0.16212196331184928,0.08155676747645017,0.05924640555280119,0.059742191373326724,0.05280118988596926,0.05453644025780863,0.051065939514129896,0.062221120475954385,0.044868616757560736,0.059742191373326724,0.06593951412989589,0.0842835894893406,1.0,0.05453644025780863,0.06296479920674268,0.036936043629152204,0.7161626177491324,0.048834903321764996,0.710213187902826,0.032969757064947945
SMALLTEXT_CONTRASTIVEAL,0.15691621219633117,0.17625185919682698,0.12320277640059495,0.13931581556767478,0.07659890927119484,0.07139315815567675,0.2580565195835399,0.24938026772434307,0.07337630143777887,0.06817055032226078,0.06569162121963312,0.24020823004462072,0.23698562221120476,0.13658899355478432,0.12320277640059495,0.1499752107089737,0.15691621219633117,0.0961824491819534,0.13435795736241943,0.2513634110064452,0.16757560733763013,0.25012394645513136,0.23996033713435796,0.24938026772434307,0.23996033713435796,0.20302429350520576,0.06296479920674268,0.06792265741199802,0.06048587010411502,0.05453644025780863,1.0,0.2974714923153198,0.25111551809618243,0.05552801189885969,0.2114526524541398,0.06668319286068418,0.13931581556767478
SMALLTEXT_EMBEDDINGKMEANS,0.10907288051561725,0.16038671294000992,0.153941497273178,0.16063460585027267,0.07411998016856718,0.07759048091224591,0.4372830937035201,0.24070401586514625,0.06891422905304909,0.06346058502726822,0.07188894397620228,0.3294496777392167,0.3190381755081805,0.17550818046603867,0.153941497273178,0.19583539910758552,0.10907288051561725,0.11998016856717898,0.16831928606841845,0.3135845314823996,0.18691125433812594,0.30961824491819534,0.33242439266236984,0.3262270699058007,0.32002974714923155,0.20104115022310362,0.06346058502726822,0.06717897868120971,0.07486365889935548,0.06296479920674268,0.2974714923153198,1.0,0.2055032226078334,0.05280118988596926,0.2741695587506197,0.06073376301437779,0.16063460585027267
SMALLTEXT_GREEDYCORESET,0.30813088745661876,0.3187902825979177,0.08180466038671294,0.08899355478433317,0.07015369360436291,0.05552801189885969,0.16360932077342588,0.4070401586514626,0.06742687159147248,0.06643529995042141,0.05627169062964799,0.1760039662865642,0.16881507188894398,0.11849281110560238,0.08180466038671294,0.12890431333663857,0.30813088745661876,0.07957362419434805,0.09866137828458106,0.1633614278631631,0.16162617749132374,0.18542389687654934,0.18021814576103123,0.17724343083787802,0.17302925136341102,0.24020823004462072,0.06420426375805652,0.06420426375805652,0.053792761527020325,0.036936043629152204,0.25111551809618243,0.2055032226078334,1.0,0.05453644025780863,0.18096182449181952,0.06073376301437779,0.08899355478433317
SMALLTEXT_LEASTCONFIDENCE,0.03718393653941497,0.06147744174516609,0.023549826474962815,0.027268220128904314,0.24169558750619732,0.12865642042637582,0.035448686167575606,0.046355974219137334,0.09444719881011403,0.11080813088745661,0.07709469509172037,0.049826474962816066,0.04833911750123947,0.06023797719385226,0.023549826474962815,0.056023797719385225,0.03718393653941497,0.11006445215666832,0.061973227565691624,0.05280118988596926,0.05850272682201289,0.0436291522062469,0.05404065443728309,0.049826474962816066,0.0495785820525533,0.05676747645017353,0.08006941001487357,0.09072880515617253,0.06941001487357462,0.7161626177491324,0.05552801189885969,0.05280118988596926,0.05453644025780863,1.0,0.05404065443728309,0.7399603371343579,0.027268220128904314
SMALLTEXT_LIGHTWEIGHTCORESET,0.11403073872087258,0.13039167079821518,0.10609816559246406,0.1353495290034705,0.06767476450173525,0.07015369360436291,0.23574615765989093,0.1871591472483887,0.0532969757064948,0.05528011898859692,0.06048587010411502,0.23252354982647497,0.23252354982647497,0.14452156668319285,0.10609816559246406,0.15319781854238967,0.11403073872087258,0.09940505701536936,0.13510163609320774,0.22954883490332176,0.15220624690133863,0.23202776400594943,0.1998016856717898,0.22359940505701537,0.23425880019831433,0.16013882002974714,0.058254833911750126,0.059494298463063956,0.06271690629647993,0.048834903321764996,0.2114526524541398,0.2741695587506197,0.18096182449181952,0.05404065443728309,1.0,0.053792761527020325,0.1353495290034705
SMALLTEXT_PREDICTIONENTROPY,0.0458601883986118,0.06296479920674268,0.027268220128904314,0.02875557759048091,0.15096678235002478,0.1212196331184928,0.0428854734754586,0.05924640555280119,0.12890431333663857,0.10609816559246406,0.08304412493802678,0.050322260783341594,0.05453644025780863,0.06246901338621715,0.027268220128904314,0.062221120475954385,0.0458601883986118,0.10436291522062469,0.056023797719385225,0.05428854734754586,0.06717897868120971,0.052553296975706494,0.058750619732275654,0.05577590480912246,0.058254833911750126,0.06990580069410014,0.10535448686167576,0.08552305404065444,0.06569162121963312,0.710213187902826,0.06668319286068418,0.06073376301437779,0.06073376301437779,0.7399603371343579,0.053792761527020325,1.0,0.02875557759048091
SMALLTEXT_RANDOM,0.05205751115518096,0.062221120475954385,0.0835399107585523,1.0,0.04709965294992563,0.053544868616757564,0.16831928606841845,0.09494298463063956,0.03247397124442241,0.03148239960337134,0.035696579077838374,0.16187407040158652,0.1591472483886961,0.09196826970748637,0.0835399107585523,0.08998512642538424,0.05205751115518096,0.06544372830937036,0.0887456618740704,0.1591472483886961,0.08676251859196826,0.14898363906792267,0.12915220624690135,0.16236985622211206,0.16063460585027267,0.08601883986117997,0.03247397124442241,0.030490827962320277,0.036440257808626676,0.032969757064947945,0.13931581556767478,0.16063460585027267,0.08899355478433317,0.027268220128904314,0.1353495290034705,0.02875557759048091,1.0
