,ALIPY_CORESET_GREEDY,ALIPY_DENSITY_WEIGHTED,ALIPY_GRAPH_DENSITY,ALIPY_RANDOM,ALIPY_UNCERTAINTY_LC,ALIPY_UNCERTAINTY_MM,LIBACT_DWUS,LIBACT_QUIRE,LIBACT_UNCERTAINTY_ENT,LIBACT_UNCERTAINTY_LC,LIBACT_UNCERTAINTY_SM,OPTIMAL_GREEDY_10,OPTIMAL_GREEDY_20,PLAYGROUND_BANDIT,PLAYGROUND_GRAPH_DENSITY,PLAYGROUND_INFORMATIVE_DIVERSE,PLAYGROUND_KCENTER_GREEDY,PLAYGROUND_MARGIN,PLAYGROUND_MIXTURE,PLAYGROUND_UNIFORM,SKACTIVEML_COST_EMBEDDING,SKACTIVEML_DAL,SKACTIVEML_DWUS,SKACTIVEML_QBC,SKACTIVEML_QBC_VOTE_ENTROPY,SKACTIVEML_QUIRE,SKACTIVEML_US_ENTROPY,SKACTIVEML_US_LC,SKACTIVEML_US_MARGIN,SMALLTEXT_BREAKINGTIES,SMALLTEXT_CONTRASTIVEAL,SMALLTEXT_EMBEDDINGKMEANS,SMALLTEXT_GREEDYCORESET,SMALLTEXT_LEASTCONFIDENCE,SMALLTEXT_LIGHTWEIGHTCORESET,SMALLTEXT_PREDICTIONENTROPY,SMALLTEXT_RANDOM
ALIPY_CORESET_GREEDY,1.0,0.13113534952900346,0.08676251859196826,0.10014873574615767,0.08106098165592464,0.08205255329697571,0.07560733763014378,0.12270699058006941,0.06470004957858205,0.05924640555280119,0.06593951412989589,0.1722855726326227,0.1665840356965791,0.08701041150223103,0.08676251859196826,0.10411502231036192,0.9995042141794744,0.07511155180961825,0.10981655924640556,0.131631135349529,0.10213187902825979,0.13634110064452157,0.07858205255329698,0.1065939514129896,0.1487357461576599,0.124194348041646,0.06891422905304909,0.07387208725830441,0.06817055032226078,0.07362419434804164,0.0946950917203768,0.13857213683688646,0.18666336142786316,0.07982151710461081,0.13882002974714924,0.07659890927119484,0.10014873574615767
ALIPY_DENSITY_WEIGHTED,0.13113534952900346,1.0,0.08775409023301933,0.0924640555280119,0.11725334655428855,0.11080813088745661,0.13485374318294496,0.17550818046603867,0.0984134853743183,0.0991571641051066,0.10114030738720872,0.16831928606841845,0.16063460585027267,0.10560237977193852,0.08775409023301933,0.11403073872087258,0.13113534952900346,0.09048091224590976,0.11229548834903322,0.12345066931085771,0.11750123946455131,0.15270203272186417,0.14179474467030243,0.12221120475954388,0.14303420922161625,0.18220128904313337,0.10808130887456618,0.10634605850272683,0.10411502231036192,0.10337134357957363,0.11229548834903322,0.1502231036192365,0.1536936043629152,0.10783341596430342,0.139067922657412,0.11056023797719385,0.0924640555280119
ALIPY_GRAPH_DENSITY,0.08676251859196826,0.08775409023301933,1.0,0.13510163609320774,0.0835399107585523,0.0887456618740704,0.14774417451660882,0.07312840852751612,0.06618740704015866,0.06246901338621715,0.07486365889935548,0.19211700545364402,0.19583539910758552,0.10014873574615767,1.0,0.09965294992563213,0.08651462568170551,0.08973723351512147,0.12890431333663857,0.1700545364402578,0.0984134853743183,0.15096678235002478,0.14972731779871096,0.14749628160634606,0.1797223599405057,0.0835399107585523,0.06395637084779375,0.06841844323252355,0.07709469509172037,0.07833415964303421,0.08849776896380764,0.19781854238968766,0.1353495290034705,0.06668319286068418,0.1650966782350025,0.06891422905304909,0.13510163609320774
ALIPY_RANDOM,0.10014873574615767,0.0924640555280119,0.13510163609320774,1.0,0.08378780366881507,0.09593455627169063,0.11105602379771938,0.0850272682201289,0.07337630143777887,0.07040158651462568,0.08329201784828955,0.23054040654437283,0.23500247892910262,0.10461080813088745,0.13510163609320774,0.1249380267724343,0.10039662865642042,0.10089241447694595,0.15047099652949925,0.20451165096678234,0.11179970252850768,0.17922657411998016,0.11452652454139811,0.15146256817055032,0.2017848289538919,0.09271194843827467,0.07709469509172037,0.08304412493802678,0.0909766980664353,0.08304412493802678,0.10039662865642042,0.21046108081308876,0.12692117005453643,0.07139315815567675,0.1968269707486366,0.07387208725830441,1.0
ALIPY_UNCERTAINTY_LC,0.08106098165592464,0.11725334655428855,0.0835399107585523,0.08378780366881507,1.0,0.7444224095190878,0.090233019335647,0.07585523054040655,0.13237481408031732,0.16088249876053545,0.11502231036192365,0.146504709965295,0.14526524541398117,0.17302925136341102,0.0835399107585523,0.11576598909271195,0.0813088745661874,0.1980664352999504,0.15493306891422906,0.12741695587506197,0.11626177491323748,0.12345066931085771,0.11824491819533961,0.10907288051561725,0.13510163609320774,0.10882498760535449,0.16187407040158652,0.19335647000495787,0.14675260287555775,0.21591472483886961,0.08775409023301933,0.12766484878532475,0.10609816559246406,0.3477937530986614,0.12245909766980664,0.23847297967278136,0.08378780366881507
ALIPY_UNCERTAINTY_MM,0.08205255329697571,0.11080813088745661,0.0887456618740704,0.09593455627169063,0.7444224095190878,1.0,0.09890927119484383,0.07882994546355974,0.10932077342588002,0.10981655924640556,0.16584035696579078,0.15195835399107585,0.15121467526028756,0.19137332672285573,0.0887456618740704,0.11948438274665345,0.08230044620723848,0.26127912741695586,0.18319286068418444,0.13931581556767478,0.11527020327218641,0.1294000991571641,0.12345066931085771,0.10956866633614279,0.13882002974714924,0.10758552305404065,0.12964799206742686,0.13733267228557264,0.18740704015865145,0.3448190381755082,0.0917203767972236,0.13262270699058007,0.10981655924640556,0.22384729796727815,0.13287059990084282,0.19757064947942488,0.09593455627169063
LIBACT_DWUS,0.07560733763014378,0.13485374318294496,0.14774417451660882,0.11105602379771938,0.090233019335647,0.09890927119484383,1.0,0.10510659395141299,0.07535944471988101,0.07461576598909271,0.08378780366881507,0.16559246405552802,0.16410510659395142,0.10138820029747149,0.14774417451660882,0.09667823500247893,0.07560733763014378,0.09965294992563213,0.10039662865642042,0.14923153197818542,0.10609816559246406,0.14377788795240456,0.18963807635101637,0.15096678235002478,0.1650966782350025,0.11576598909271195,0.07560733763014378,0.07982151710461081,0.08973723351512147,0.08626673277144274,0.12617749132374814,0.18468021814576102,0.1301437778879524,0.08006941001487357,0.15319781854238967,0.07783837382250867,0.11105602379771938
LIBACT_QUIRE,0.12270699058006941,0.17550818046603867,0.07312840852751612,0.0850272682201289,0.07585523054040655,0.07882994546355974,0.10510659395141299,1.0,0.05503222607833416,0.05701536936043629,0.06172533465542886,0.12221120475954388,0.12444224095190877,0.08279623202776401,0.07312840852751612,0.08824987605354487,0.12270699058006941,0.07833415964303421,0.09419930589985126,0.11898859692612791,0.09370352007932573,0.11824491819533961,0.11849281110560238,0.10783341596430342,0.11427863163113534,0.1487357461576599,0.06470004957858205,0.06445215666831929,0.06693108577094695,0.06965790778383739,0.13212692117005453,0.10907288051561725,0.14526524541398117,0.06767476450173525,0.12196331184928111,0.06593951412989589,0.0850272682201289
LIBACT_UNCERTAINTY_ENT,0.06470004957858205,0.0984134853743183,0.06618740704015866,0.07337630143777887,0.13237481408031732,0.10932077342588002,0.07535944471988101,0.05503222607833416,1.0,0.7816063460585028,0.7350024789291026,0.11179970252850768,0.10609816559246406,0.08304412493802678,0.06618740704015866,0.11204759543877045,0.06470004957858205,0.07882994546355974,0.0872583044124938,0.10114030738720872,0.09519087754090233,0.09643034209221617,0.10510659395141299,0.07486365889935548,0.10436291522062469,0.0805651958353991,0.1745166088249876,0.12692117005453643,0.10882498760535449,0.17302925136341102,0.06841844323252355,0.10337134357957363,0.08824987605354487,0.19509172037679723,0.10039662865642042,0.2411998016856718,0.07337630143777887
LIBACT_UNCERTAINTY_LC,0.05924640555280119,0.0991571641051066,0.06246901338621715,0.07040158651462568,0.16088249876053545,0.10981655924640556,0.07461576598909271,0.05701536936043629,0.7816063460585028,1.0,0.7558254833911751,0.11056023797719385,0.10956866633614279,0.08750619732275657,0.06246901338621715,0.11601388200297472,0.05924640555280119,0.08477937530986614,0.0924640555280119,0.09494298463063956,0.0991571641051066,0.09816559246405553,0.11031234506693109,0.06941001487357462,0.10213187902825979,0.07932573128408528,0.13510163609320774,0.16236985622211206,0.11031234506693109,0.1760039662865642,0.06841844323252355,0.09816559246405553,0.0835399107585523,0.22682201289043133,0.09568666336142786,0.1968269707486366,0.07040158651462568
LIBACT_UNCERTAINTY_SM,0.06593951412989589,0.10114030738720872,0.07486365889935548,0.08329201784828955,0.11502231036192365,0.16584035696579078,0.08378780366881507,0.06172533465542886,0.7350024789291026,0.7558254833911751,1.0,0.12915220624690135,0.1279127416955875,0.09593455627169063,0.07486365889935548,0.12270699058006941,0.06618740704015866,0.08701041150223103,0.1028755577590481,0.11576598909271195,0.09965294992563213,0.10708973723351513,0.12146752602875557,0.08527516113039167,0.11576598909271195,0.07734258800198314,0.10832920178482895,0.11279127416955875,0.1626177491323748,0.23202776400594943,0.06941001487357462,0.11477441745166088,0.0887456618740704,0.180466038671294,0.11750123946455131,0.18220128904313337,0.08329201784828955
OPTIMAL_GREEDY_10,0.1722855726326227,0.16831928606841845,0.19211700545364402,0.23054040654437283,0.146504709965295,0.15195835399107585,0.16559246405552802,0.12221120475954388,0.11179970252850768,0.11056023797719385,0.12915220624690135,1.0,0.5728805156172534,0.1611303916707982,0.19211700545364402,0.18691125433812594,0.17253346554288548,0.139067922657412,0.22657411998016858,0.3073872087258304,0.15121467526028756,0.273921665840357,0.17253346554288548,0.2203767972235994,0.31631135349529005,0.15840356965790778,0.1331184928111056,0.13981160138820029,0.14476945959345563,0.13063956370847793,0.13931581556767478,0.35820525532969755,0.19211700545364402,0.12320277640059495,0.28953891918691127,0.11948438274665345,0.23054040654437283
OPTIMAL_GREEDY_20,0.1665840356965791,0.16063460585027267,0.19583539910758552,0.23500247892910262,0.14526524541398117,0.15121467526028756,0.16410510659395142,0.12444224095190877,0.10609816559246406,0.10956866633614279,0.1279127416955875,0.5728805156172534,1.0,0.15790778383738224,0.19583539910758552,0.19633118492811105,0.1665840356965791,0.14526524541398117,0.23252354982647497,0.31011403073872085,0.15468517600396628,0.2667327714427367,0.17129400099157163,0.22161626177491323,0.32126921170054534,0.15815567674764502,0.13584531482399603,0.13411006445215667,0.14700049578582053,0.12816063460585028,0.14229053049082796,0.35399107585523054,0.1923648983639068,0.11700545364402579,0.2892910262766485,0.11923648983639068,0.23500247892910262
PLAYGROUND_BANDIT,0.08701041150223103,0.10560237977193852,0.10014873574615767,0.10461080813088745,0.17302925136341102,0.19137332672285573,0.10138820029747149,0.08279623202776401,0.08304412493802678,0.08750619732275657,0.09593455627169063,0.1611303916707982,0.15790778383738224,1.0,0.10014873574615767,0.3371343579573624,0.0872583044124938,0.6298958849776897,0.3770451165096678,0.15344571145265246,0.20971740208230044,0.15344571145265246,0.12047595438770452,0.12816063460585028,0.14328210213187903,0.14328210213187903,0.10684184432325236,0.11031234506693109,0.11279127416955875,0.1650966782350025,0.09593455627169063,0.14823996033713435,0.11353495290034706,0.139067922657412,0.14774417451660882,0.1353495290034705,0.10461080813088745
PLAYGROUND_GRAPH_DENSITY,0.08676251859196826,0.08775409023301933,1.0,0.13510163609320774,0.0835399107585523,0.0887456618740704,0.14774417451660882,0.07312840852751612,0.06618740704015866,0.06246901338621715,0.07486365889935548,0.19211700545364402,0.19583539910758552,0.10014873574615767,1.0,0.09965294992563213,0.08651462568170551,0.08973723351512147,0.12890431333663857,0.1700545364402578,0.0984134853743183,0.15096678235002478,0.14972731779871096,0.14749628160634606,0.1797223599405057,0.0835399107585523,0.06395637084779375,0.06841844323252355,0.07709469509172037,0.07833415964303421,0.08849776896380764,0.19781854238968766,0.1353495290034705,0.06668319286068418,0.1650966782350025,0.06891422905304909,0.13510163609320774
PLAYGROUND_INFORMATIVE_DIVERSE,0.10411502231036192,0.11403073872087258,0.09965294992563213,0.1249380267724343,0.11576598909271195,0.11948438274665345,0.09667823500247893,0.08824987605354487,0.11204759543877045,0.11601388200297472,0.12270699058006941,0.18691125433812594,0.19633118492811105,0.3371343579573624,0.09965294992563213,1.0,0.10436291522062469,0.3217649975210709,0.3217649975210709,0.16732771442736738,0.15939514129895885,0.14923153197818542,0.13063956370847793,0.13708477937530986,0.16955875061973227,0.12989588497768964,0.10956866633614279,0.10585027268220129,0.11403073872087258,0.10262766484878533,0.0984134853743183,0.16608824987605356,0.11254338125929599,0.09593455627169063,0.16013882002974714,0.09791769955379276,0.1249380267724343
PLAYGROUND_KCENTER_GREEDY,0.9995042141794744,0.13113534952900346,0.08651462568170551,0.10039662865642042,0.0813088745661874,0.08230044620723848,0.07560733763014378,0.12270699058006941,0.06470004957858205,0.05924640555280119,0.06618740704015866,0.17253346554288548,0.1665840356965791,0.0872583044124938,0.08651462568170551,0.10436291522062469,1.0,0.07535944471988101,0.11006445215666832,0.13187902825979178,0.10213187902825979,0.1360932077342588,0.07907783837382251,0.10634605850272683,0.14898363906792267,0.124194348041646,0.06891422905304909,0.07387208725830441,0.06866633614278632,0.07387208725830441,0.0946950917203768,0.13857213683688646,0.18691125433812594,0.08006941001487357,0.13882002974714924,0.07659890927119484,0.10039662865642042
PLAYGROUND_MARGIN,0.07511155180961825,0.09048091224590976,0.08973723351512147,0.10089241447694595,0.1980664352999504,0.26127912741695586,0.09965294992563213,0.07833415964303421,0.07882994546355974,0.08477937530986614,0.08701041150223103,0.139067922657412,0.14526524541398117,0.6298958849776897,0.08973723351512147,0.3217649975210709,0.07535944471988101,1.0,0.4672781358453148,0.13882002974714924,0.19583539910758552,0.12617749132374814,0.1036192364898364,0.12320277640059495,0.13212692117005453,0.12840852751611304,0.10386712940009915,0.10585027268220129,0.11254338125929599,0.24566187407040158,0.09221616261774913,0.1294000991571641,0.0969261279127417,0.18368864650470995,0.1301437778879524,0.1663361427863163,0.10089241447694595
PLAYGROUND_MIXTURE,0.10981655924640556,0.11229548834903322,0.12890431333663857,0.15047099652949925,0.15493306891422906,0.18319286068418444,0.10039662865642042,0.09419930589985126,0.0872583044124938,0.0924640555280119,0.1028755577590481,0.22657411998016858,0.23252354982647497,0.3770451165096678,0.12890431333663857,0.3217649975210709,0.11006445215666832,0.4672781358453148,1.0,0.22012890431333665,0.16187407040158652,0.17625185919682698,0.11898859692612791,0.14700049578582053,0.19360436291522062,0.12989588497768964,0.10262766484878533,0.10560237977193852,0.10956866633614279,0.16360932077342588,0.09593455627169063,0.1998016856717898,0.12369856222112048,0.13658899355478432,0.18393653941497273,0.12692117005453643,0.15047099652949925
PLAYGROUND_UNIFORM,0.131631135349529,0.12345066931085771,0.1700545364402578,0.20451165096678234,0.12741695587506197,0.13931581556767478,0.14923153197818542,0.11898859692612791,0.10114030738720872,0.09494298463063956,0.11576598909271195,0.3073872087258304,0.31011403073872085,0.15344571145265246,0.1700545364402578,0.16732771442736738,0.13187902825979178,0.13882002974714924,0.22012890431333665,1.0,0.14923153197818542,0.22235994050570154,0.1427863163113535,0.1960832920178483,0.2659890927119484,0.13435795736241943,0.10237977193852256,0.10808130887456618,0.11279127416955875,0.12146752602875557,0.13063956370847793,0.26474962816063463,0.15642042637580567,0.11229548834903322,0.24070401586514625,0.1065939514129896,0.20451165096678234
SKACTIVEML_COST_EMBEDDING,0.10213187902825979,0.11750123946455131,0.0984134853743183,0.11179970252850768,0.11626177491323748,0.11527020327218641,0.10609816559246406,0.09370352007932573,0.09519087754090233,0.0991571641051066,0.09965294992563213,0.15121467526028756,0.15468517600396628,0.20971740208230044,0.0984134853743183,0.15939514129895885,0.10213187902825979,0.19583539910758552,0.16187407040158652,0.14923153197818542,1.0,0.13733267228557264,0.1249380267724343,0.12394645513138325,0.14551313832424392,0.16038671294000992,0.11056023797719385,0.11626177491323748,0.11378284581060982,0.0991571641051066,0.09965294992563213,0.1479920674268716,0.11650966782350025,0.09766980664352999,0.146504709965295,0.10138820029747149,0.11179970252850768
SKACTIVEML_DAL,0.13634110064452157,0.15270203272186417,0.15096678235002478,0.17922657411998016,0.12345066931085771,0.1294000991571641,0.14377788795240456,0.11824491819533961,0.09643034209221617,0.09816559246405553,0.10708973723351513,0.273921665840357,0.2667327714427367,0.15344571145265246,0.15096678235002478,0.14923153197818542,0.1360932077342588,0.12617749132374814,0.17625185919682698,0.22235994050570154,0.13733267228557264,1.0,0.161378284581061,0.17699553792761527,0.2300446207238473,0.13882002974714924,0.12245909766980664,0.12444224095190877,0.124194348041646,0.11229548834903322,0.1412989588497769,0.23648983639067922,0.15691621219633117,0.10436291522062469,0.22310361923648983,0.10188398611799702,0.17922657411998016
SKACTIVEML_DWUS,0.07858205255329698,0.14179474467030243,0.14972731779871096,0.11452652454139811,0.11824491819533961,0.12345066931085771,0.18963807635101637,0.11849281110560238,0.10510659395141299,0.11031234506693109,0.12146752602875557,0.17253346554288548,0.17129400099157163,0.12047595438770452,0.14972731779871096,0.13063956370847793,0.07907783837382251,0.1036192364898364,0.11898859692612791,0.1427863163113535,0.1249380267724343,0.161378284581061,1.0,0.14402578086266732,0.15790778383738224,0.12592959841348536,0.0999008428358949,0.09890927119484383,0.11452652454139811,0.10733763014377788,0.12766484878532475,0.1774913237481408,0.12766484878532475,0.0969261279127417,0.15790778383738224,0.09667823500247893,0.11452652454139811
SKACTIVEML_QBC,0.1065939514129896,0.12221120475954388,0.14749628160634606,0.15146256817055032,0.10907288051561725,0.10956866633614279,0.15096678235002478,0.10783341596430342,0.07486365889935548,0.06941001487357462,0.08527516113039167,0.2203767972235994,0.22161626177491323,0.12816063460585028,0.14749628160634606,0.13708477937530986,0.10634605850272683,0.12320277640059495,0.14700049578582053,0.1960832920178483,0.12394645513138325,0.17699553792761527,0.14402578086266732,1.0,0.20624690133862172,0.1360932077342588,0.090233019335647,0.09147248388696083,0.10138820029747149,0.09791769955379276,0.12592959841348536,0.20649479424888448,0.12989588497768964,0.0880019831432821,0.1715418939018344,0.08701041150223103,0.15146256817055032
SKACTIVEML_QBC_VOTE_ENTROPY,0.1487357461576599,0.14303420922161625,0.1797223599405057,0.2017848289538919,0.13510163609320774,0.13882002974714924,0.1650966782350025,0.11427863163113534,0.10436291522062469,0.10213187902825979,0.11576598909271195,0.31631135349529005,0.32126921170054534,0.14328210213187903,0.1797223599405057,0.16955875061973227,0.14898363906792267,0.13212692117005453,0.19360436291522062,0.2659890927119484,0.14551313832424392,0.2300446207238473,0.15790778383738224,0.20624690133862172,1.0,0.14402578086266732,0.11998016856717898,0.12592959841348536,0.1301437778879524,0.11452652454139811,0.1308874566187407,0.27540902330193356,0.17327714427367377,0.10956866633614279,0.2461576598909271,0.10882498760535449,0.2017848289538919
SKACTIVEML_QUIRE,0.124194348041646,0.18220128904313337,0.0835399107585523,0.09271194843827467,0.10882498760535449,0.10758552305404065,0.11576598909271195,0.1487357461576599,0.0805651958353991,0.07932573128408528,0.07734258800198314,0.15840356965790778,0.15815567674764502,0.14328210213187903,0.0835399107585523,0.12989588497768964,0.124194348041646,0.12840852751611304,0.12989588497768964,0.13435795736241943,0.16038671294000992,0.13882002974714924,0.12592959841348536,0.1360932077342588,0.14402578086266732,1.0,0.09940505701536936,0.09494298463063956,0.09742191373326722,0.08973723351512147,0.12171541893901834,0.1353495290034705,0.15443728309370353,0.09419930589985126,0.13882002974714924,0.0909766980664353,0.09271194843827467
SKACTIVEML_US_ENTROPY,0.06891422905304909,0.10808130887456618,0.06395637084779375,0.07709469509172037,0.16187407040158652,0.12964799206742686,0.07560733763014378,0.06470004957858205,0.1745166088249876,0.13510163609320774,0.10832920178482895,0.1331184928111056,0.13584531482399603,0.10684184432325236,0.06395637084779375,0.10956866633614279,0.06891422905304909,0.10386712940009915,0.10262766484878533,0.10237977193852256,0.11056023797719385,0.12245909766980664,0.0999008428358949,0.090233019335647,0.11998016856717898,0.09940505701536936,1.0,0.7868120971740208,0.7359940505701537,0.11973227565691621,0.07734258800198314,0.11130391670798215,0.09866137828458106,0.14328210213187903,0.10956866633614279,0.18988596926127913,0.07709469509172037
SKACTIVEML_US_LC,0.07387208725830441,0.10634605850272683,0.06841844323252355,0.08304412493802678,0.19335647000495787,0.13733267228557264,0.07982151710461081,0.06445215666831929,0.12692117005453643,0.16236985622211206,0.11279127416955875,0.13981160138820029,0.13411006445215667,0.11031234506693109,0.06841844323252355,0.10585027268220129,0.07387208725830441,0.10585027268220129,0.10560237977193852,0.10808130887456618,0.11626177491323748,0.12444224095190877,0.09890927119484383,0.09147248388696083,0.12592959841348536,0.09494298463063956,0.7868120971740208,1.0,0.7540902330193356,0.11973227565691621,0.07436787307882994,0.10907288051561725,0.09196826970748637,0.17773921665840356,0.10932077342588002,0.14179474467030243,0.08304412493802678
SKACTIVEML_US_MARGIN,0.06817055032226078,0.10411502231036192,0.07709469509172037,0.0909766980664353,0.14675260287555775,0.18740704015865145,0.08973723351512147,0.06693108577094695,0.10882498760535449,0.11031234506693109,0.1626177491323748,0.14476945959345563,0.14700049578582053,0.11279127416955875,0.07709469509172037,0.11403073872087258,0.06866633614278632,0.11254338125929599,0.10956866633614279,0.11279127416955875,0.11378284581060982,0.124194348041646,0.11452652454139811,0.10138820029747149,0.1301437778879524,0.09742191373326722,0.7359940505701537,0.7540902330193356,1.0,0.16608824987605356,0.07164105106593951,0.12394645513138325,0.09370352007932573,0.12964799206742686,0.12022806147744175,0.11551809618244918,0.0909766980664353
SMALLTEXT_BREAKINGTIES,0.07362419434804164,0.10337134357957363,0.07833415964303421,0.08304412493802678,0.21591472483886961,0.3448190381755082,0.08626673277144274,0.06965790778383739,0.17302925136341102,0.1760039662865642,0.23202776400594943,0.13063956370847793,0.12816063460585028,0.1650966782350025,0.07833415964303421,0.10262766484878533,0.07387208725830441,0.24566187407040158,0.16360932077342588,0.12146752602875557,0.0991571641051066,0.11229548834903322,0.10733763014377788,0.09791769955379276,0.11452652454139811,0.08973723351512147,0.11973227565691621,0.11973227565691621,0.16608824987605356,1.0,0.07387208725830441,0.11799702528507684,0.09395141298958849,0.7459097669806644,0.11551809618244918,0.7280614774417452,0.08304412493802678
SMALLTEXT_CONTRASTIVEAL,0.0946950917203768,0.11229548834903322,0.08849776896380764,0.10039662865642042,0.08775409023301933,0.0917203767972236,0.12617749132374814,0.13212692117005453,0.06841844323252355,0.06841844323252355,0.06941001487357462,0.13931581556767478,0.14229053049082796,0.09593455627169063,0.08849776896380764,0.0984134853743183,0.0946950917203768,0.09221616261774913,0.09593455627169063,0.13063956370847793,0.09965294992563213,0.1412989588497769,0.12766484878532475,0.12592959841348536,0.1308874566187407,0.12171541893901834,0.07734258800198314,0.07436787307882994,0.07164105106593951,0.07387208725830441,1.0,0.1360932077342588,0.14625681705503224,0.07709469509172037,0.13708477937530986,0.07858205255329698,0.10039662865642042
SMALLTEXT_EMBEDDINGKMEANS,0.13857213683688646,0.1502231036192365,0.19781854238968766,0.21046108081308876,0.12766484878532475,0.13262270699058007,0.18468021814576102,0.10907288051561725,0.10337134357957363,0.09816559246405553,0.11477441745166088,0.35820525532969755,0.35399107585523054,0.14823996033713435,0.19781854238968766,0.16608824987605356,0.13857213683688646,0.1294000991571641,0.1998016856717898,0.26474962816063463,0.1479920674268716,0.23648983639067922,0.1774913237481408,0.20649479424888448,0.27540902330193356,0.1353495290034705,0.11130391670798215,0.10907288051561725,0.12394645513138325,0.11799702528507684,0.1360932077342588,1.0,0.16236985622211206,0.11080813088745661,0.26871591472483886,0.11303916707982152,0.21046108081308876
SMALLTEXT_GREEDYCORESET,0.18666336142786316,0.1536936043629152,0.1353495290034705,0.12692117005453643,0.10609816559246406,0.10981655924640556,0.1301437778879524,0.14526524541398117,0.08824987605354487,0.0835399107585523,0.0887456618740704,0.19211700545364402,0.1923648983639068,0.11353495290034706,0.1353495290034705,0.11254338125929599,0.18691125433812594,0.0969261279127417,0.12369856222112048,0.15642042637580567,0.11650966782350025,0.15691621219633117,0.12766484878532475,0.12989588497768964,0.17327714427367377,0.15443728309370353,0.09866137828458106,0.09196826970748637,0.09370352007932573,0.09395141298958849,0.14625681705503224,0.16236985622211206,1.0,0.09345562716906297,0.16162617749132374,0.09593455627169063,0.12692117005453643
SMALLTEXT_LEASTCONFIDENCE,0.07982151710461081,0.10783341596430342,0.06668319286068418,0.07139315815567675,0.3477937530986614,0.22384729796727815,0.08006941001487357,0.06767476450173525,0.19509172037679723,0.22682201289043133,0.180466038671294,0.12320277640059495,0.11700545364402579,0.139067922657412,0.06668319286068418,0.09593455627169063,0.08006941001487357,0.18368864650470995,0.13658899355478432,0.11229548834903322,0.09766980664352999,0.10436291522062469,0.0969261279127417,0.0880019831432821,0.10956866633614279,0.09419930589985126,0.14328210213187903,0.17773921665840356,0.12964799206742686,0.7459097669806644,0.07709469509172037,0.11080813088745661,0.09345562716906297,1.0,0.10808130887456618,0.7697074863658899,0.07139315815567675
SMALLTEXT_LIGHTWEIGHTCORESET,0.13882002974714924,0.139067922657412,0.1650966782350025,0.1968269707486366,0.12245909766980664,0.13287059990084282,0.15319781854238967,0.12196331184928111,0.10039662865642042,0.09568666336142786,0.11750123946455131,0.28953891918691127,0.2892910262766485,0.14774417451660882,0.1650966782350025,0.16013882002974714,0.13882002974714924,0.1301437778879524,0.18393653941497273,0.24070401586514625,0.146504709965295,0.22310361923648983,0.15790778383738224,0.1715418939018344,0.2461576598909271,0.13882002974714924,0.10956866633614279,0.10932077342588002,0.12022806147744175,0.11551809618244918,0.13708477937530986,0.26871591472483886,0.16162617749132374,0.10808130887456618,1.0,0.10808130887456618,0.1968269707486366
SMALLTEXT_PREDICTIONENTROPY,0.07659890927119484,0.11056023797719385,0.06891422905304909,0.07387208725830441,0.23847297967278136,0.19757064947942488,0.07783837382250867,0.06593951412989589,0.2411998016856718,0.1968269707486366,0.18220128904313337,0.11948438274665345,0.11923648983639068,0.1353495290034705,0.06891422905304909,0.09791769955379276,0.07659890927119484,0.1663361427863163,0.12692117005453643,0.1065939514129896,0.10138820029747149,0.10188398611799702,0.09667823500247893,0.08701041150223103,0.10882498760535449,0.0909766980664353,0.18988596926127913,0.14179474467030243,0.11551809618244918,0.7280614774417452,0.07858205255329698,0.11303916707982152,0.09593455627169063,0.7697074863658899,0.10808130887456618,1.0,0.07387208725830441
SMALLTEXT_RANDOM,0.10014873574615767,0.0924640555280119,0.13510163609320774,1.0,0.08378780366881507,0.09593455627169063,0.11105602379771938,0.0850272682201289,0.07337630143777887,0.07040158651462568,0.08329201784828955,0.23054040654437283,0.23500247892910262,0.10461080813088745,0.13510163609320774,0.1249380267724343,0.10039662865642042,0.10089241447694595,0.15047099652949925,0.20451165096678234,0.11179970252850768,0.17922657411998016,0.11452652454139811,0.15146256817055032,0.2017848289538919,0.09271194843827467,0.07709469509172037,0.08304412493802678,0.0909766980664353,0.08304412493802678,0.10039662865642042,0.21046108081308876,0.12692117005453643,0.07139315815567675,0.1968269707486366,0.07387208725830441,1.0
