,ALIPY_CORESET_GREEDY,ALIPY_DENSITY_WEIGHTED,ALIPY_GRAPH_DENSITY,ALIPY_RANDOM,ALIPY_UNCERTAINTY_LC,ALIPY_UNCERTAINTY_MM,LIBACT_DWUS,LIBACT_QUIRE,LIBACT_UNCERTAINTY_ENT,LIBACT_UNCERTAINTY_LC,LIBACT_UNCERTAINTY_SM,OPTIMAL_GREEDY_10,OPTIMAL_GREEDY_20,PLAYGROUND_BANDIT,PLAYGROUND_GRAPH_DENSITY,PLAYGROUND_INFORMATIVE_DIVERSE,PLAYGROUND_KCENTER_GREEDY,PLAYGROUND_MARGIN,PLAYGROUND_MIXTURE,PLAYGROUND_UNIFORM,SKACTIVEML_COST_EMBEDDING,SKACTIVEML_DAL,SKACTIVEML_DWUS,SKACTIVEML_QBC,SKACTIVEML_QBC_VOTE_ENTROPY,SKACTIVEML_QUIRE,SKACTIVEML_US_ENTROPY,SKACTIVEML_US_LC,SKACTIVEML_US_MARGIN,SMALLTEXT_BREAKINGTIES,SMALLTEXT_CONTRASTIVEAL,SMALLTEXT_EMBEDDINGKMEANS,SMALLTEXT_GREEDYCORESET,SMALLTEXT_LEASTCONFIDENCE,SMALLTEXT_LIGHTWEIGHTCORESET,SMALLTEXT_PREDICTIONENTROPY,SMALLTEXT_RANDOM
ALIPY_CORESET_GREEDY,1.0,0.14352999504214178,0.10808130887456618,0.11898859692612791,0.09866137828458106,0.09271194843827467,0.06866633614278632,0.1368368864650471,0.06792265741199802,0.06693108577094695,0.06817055032226078,0.1745166088249876,0.17649975210708974,0.09940505701536936,0.10808130887456618,0.11650966782350025,1.0,0.0954387704511651,0.12543381259295985,0.14476945959345563,0.12692117005453643,0.14030738720872582,0.0946950917203768,0.11576598909271195,0.15468517600396628,0.1294000991571641,0.08477937530986614,0.08750619732275657,0.0813088745661874,0.07436787307882994,0.10039662865642042,0.14030738720872582,0.180466038671294,0.07833415964303421,0.14749628160634606,0.07907783837382251,0.11898859692612791
ALIPY_DENSITY_WEIGHTED,0.14352999504214178,1.0,0.10783341596430342,0.09791769955379276,0.11626177491323748,0.10857709469509172,0.10114030738720872,0.17426871591472484,0.09295984134853744,0.0969261279127417,0.10188398611799702,0.1554288547347546,0.15096678235002478,0.11378284581060982,0.10783341596430342,0.11427863163113534,0.14352999504214178,0.10733763014377788,0.11279127416955875,0.14253842340109074,0.12964799206742686,0.13807635101636093,0.13039167079821518,0.11551809618244918,0.13956370847793753,0.16162617749132374,0.10758552305404065,0.11229548834903322,0.11155180961824492,0.10510659395141299,0.12072384729796728,0.1308874566187407,0.15567674764501735,0.10510659395141299,0.1360932077342588,0.11254338125929599,0.09791769955379276
ALIPY_GRAPH_DENSITY,0.10808130887456618,0.10783341596430342,1.0,0.1279127416955875,0.07907783837382251,0.08453148239960337,0.10932077342588002,0.09048091224590976,0.06346058502726822,0.06048587010411502,0.06693108577094695,0.17947446703024295,0.19112543381259295,0.0894893406048587,1.0,0.09742191373326722,0.10808130887456618,0.07461576598909271,0.11204759543877045,0.16088249876053545,0.09072880515617253,0.1457610312345067,0.11849281110560238,0.1264253842340109,0.15964303420922163,0.08849776896380764,0.06941001487357462,0.06792265741199802,0.07288051561725335,0.07759048091224591,0.0999008428358949,0.15518096182449181,0.15468517600396628,0.07635101636093208,0.14700049578582053,0.07808626673277144,0.1279127416955875
ALIPY_RANDOM,0.11898859692612791,0.09791769955379276,0.1279127416955875,1.0,0.09742191373326722,0.10634605850272683,0.09643034209221617,0.1065939514129896,0.08031730292513634,0.07759048091224591,0.08750619732275657,0.2449181953396133,0.2387208725830441,0.11650966782350025,0.1279127416955875,0.14105106593951414,0.11898859692612791,0.10585027268220129,0.14600892414476946,0.21194843827466534,0.11799702528507684,0.1856717897868121,0.10808130887456618,0.16013882002974714,0.1931085770946951,0.10981655924640556,0.08304412493802678,0.08676251859196826,0.09667823500247893,0.08601883986117997,0.11948438274665345,0.20054536440257809,0.15319781854238967,0.08304412493802678,0.19335647000495787,0.07957362419434805,1.0
ALIPY_UNCERTAINTY_LC,0.09866137828458106,0.11626177491323748,0.07907783837382251,0.09742191373326722,1.0,0.7431829449677739,0.07833415964303421,0.08106098165592464,0.13212692117005453,0.16385721368368864,0.11601388200297472,0.14402578086266732,0.14377788795240456,0.1648487853247397,0.07907783837382251,0.11279127416955875,0.09866137828458106,0.2035200793257313,0.16236985622211206,0.12865642042637582,0.12518591968269707,0.1294000991571641,0.1065939514129896,0.11130391670798215,0.12345066931085771,0.11155180961824492,0.15815567674764502,0.18616757560733763,0.14551313832424392,0.23326722855726326,0.10237977193852256,0.11080813088745661,0.11179970252850768,0.3559742191373327,0.11874070401586515,0.25706494794248885,0.09742191373326722
ALIPY_UNCERTAINTY_MM,0.09271194843827467,0.10857709469509172,0.08453148239960337,0.10634605850272683,0.7431829449677739,1.0,0.0894893406048587,0.07932573128408528,0.10684184432325236,0.11427863163113534,0.16559246405552802,0.15344571145265246,0.16038671294000992,0.1819533961328706,0.08453148239960337,0.11477441745166088,0.09271194843827467,0.2677243430837878,0.19211700545364402,0.14030738720872582,0.12369856222112048,0.13435795736241943,0.11601388200297472,0.1212196331184928,0.13485374318294496,0.11155180961824492,0.131631135349529,0.13584531482399603,0.18765493306891423,0.3542389687654933,0.09791769955379276,0.12444224095190877,0.11279127416955875,0.22731779871095686,0.13435795736241943,0.214427367377293,0.10634605850272683
LIBACT_DWUS,0.06866633614278632,0.10114030738720872,0.10932077342588002,0.09643034209221617,0.07833415964303421,0.0894893406048587,1.0,0.10138820029747149,0.07362419434804164,0.07139315815567675,0.07511155180961825,0.14452156668319285,0.14402578086266732,0.08899355478433317,0.10932077342588002,0.08676251859196826,0.06866633614278632,0.08031730292513634,0.09643034209221617,0.1256817055032226,0.0932077342588002,0.11031234506693109,0.11675756073376302,0.11031234506693109,0.12766484878532475,0.09643034209221617,0.07659890927119484,0.07535944471988101,0.08279623202776401,0.07659890927119484,0.10808130887456618,0.14898363906792267,0.0984134853743183,0.07188894397620228,0.11427863163113534,0.07511155180961825,0.09643034209221617
LIBACT_QUIRE,0.1368368864650471,0.17426871591472484,0.09048091224590976,0.1065939514129896,0.08106098165592464,0.07932573128408528,0.10138820029747149,1.0,0.07411998016856718,0.07213683688646505,0.07635101636093208,0.15468517600396628,0.14600892414476946,0.09370352007932573,0.09048091224590976,0.10188398611799702,0.1368368864650471,0.09370352007932573,0.11031234506693109,0.13807635101636093,0.10907288051561725,0.12964799206742686,0.10163609320773426,0.11105602379771938,0.1338621715418939,0.13857213683688646,0.07833415964303421,0.07808626673277144,0.0805651958353991,0.08031730292513634,0.12097174020823004,0.12543381259295985,0.14005949429846307,0.07932573128408528,0.12469013386217154,0.07932573128408528,0.1065939514129896
LIBACT_UNCERTAINTY_ENT,0.06792265741199802,0.09295984134853744,0.06346058502726822,0.08031730292513634,0.13212692117005453,0.10684184432325236,0.07362419434804164,0.07411998016856718,1.0,0.7833415964303421,0.7337630143777888,0.12171541893901834,0.11774913237481408,0.10213187902825979,0.06346058502726822,0.11675756073376302,0.06792265741199802,0.0857709469509172,0.0857709469509172,0.10312345066931086,0.10956866633614279,0.10783341596430342,0.09593455627169063,0.09147248388696083,0.10213187902825979,0.0954387704511651,0.16559246405552802,0.12072384729796728,0.10560237977193852,0.1834407535944472,0.0768468021814576,0.090233019335647,0.0872583044124938,0.21170054536440258,0.10138820029747149,0.2565691621219633,0.08031730292513634
LIBACT_UNCERTAINTY_LC,0.06693108577094695,0.0969261279127417,0.06048587010411502,0.07759048091224591,0.16385721368368864,0.11427863163113534,0.07139315815567675,0.07213683688646505,0.7833415964303421,1.0,0.7565691621219633,0.11898859692612791,0.11626177491323748,0.09965294992563213,0.06048587010411502,0.11774913237481408,0.06693108577094695,0.08899355478433317,0.08824987605354487,0.10237977193852256,0.10262766484878533,0.10510659395141299,0.09742191373326722,0.09345562716906297,0.10337134357957363,0.09395141298958849,0.12741695587506197,0.16410510659395142,0.11328705999008429,0.18839861179970252,0.08180466038671294,0.09072880515617253,0.08329201784828955,0.24863658899355479,0.10213187902825979,0.21690629647992068,0.07759048091224591
LIBACT_UNCERTAINTY_SM,0.06817055032226078,0.10188398611799702,0.06693108577094695,0.08750619732275657,0.11601388200297472,0.16559246405552802,0.07511155180961825,0.07635101636093208,0.7337630143777888,0.7565691621219633,1.0,0.13361427863163114,0.13212692117005453,0.10138820029747149,0.06693108577094695,0.12047595438770452,0.06817055032226078,0.0932077342588002,0.09593455627169063,0.10956866633614279,0.10461080813088745,0.11378284581060982,0.11031234506693109,0.10510659395141299,0.11105602379771938,0.0932077342588002,0.10039662865642042,0.11279127416955875,0.16013882002974714,0.24714923153197818,0.08031730292513634,0.10386712940009915,0.08626673277144274,0.19558750619732276,0.11303916707982152,0.19261279127416955,0.08750619732275657
OPTIMAL_GREEDY_10,0.1745166088249876,0.1554288547347546,0.17947446703024295,0.2449181953396133,0.14402578086266732,0.15344571145265246,0.14452156668319285,0.15468517600396628,0.12171541893901834,0.11898859692612791,0.13361427863163114,1.0,0.5195835399107586,0.15815567674764502,0.17947446703024295,0.18393653941497273,0.1745166088249876,0.14526524541398117,0.221864154685176,0.28011898859692613,0.14898363906792267,0.2702032721864155,0.15642042637580567,0.21839365394149726,0.29424888448190384,0.15096678235002478,0.1412989588497769,0.14476945959345563,0.15493306891422906,0.1412989588497769,0.16807139315815567,0.3068914229053049,0.20401586514625683,0.13262270699058007,0.2746653445711453,0.13138324243926625,0.2449181953396133
OPTIMAL_GREEDY_20,0.17649975210708974,0.15096678235002478,0.19112543381259295,0.2387208725830441,0.14377788795240456,0.16038671294000992,0.14402578086266732,0.14600892414476946,0.11774913237481408,0.11626177491323748,0.13212692117005453,0.5195835399107586,1.0,0.15642042637580567,0.19112543381259295,0.18021814576103123,0.17649975210708974,0.14005949429846307,0.2255825483391175,0.289786812097174,0.14402578086266732,0.26747645017352506,0.16534457114526524,0.2270699058006941,0.2840852751611304,0.1494794248884482,0.1427863163113535,0.14898363906792267,0.1628656420426376,0.1368368864650471,0.17724343083787802,0.31308874566187406,0.21170054536440258,0.12667327714427368,0.278135845314824,0.1308874566187407,0.2387208725830441
PLAYGROUND_BANDIT,0.09940505701536936,0.11378284581060982,0.0894893406048587,0.11650966782350025,0.1648487853247397,0.1819533961328706,0.08899355478433317,0.09370352007932573,0.10213187902825979,0.09965294992563213,0.10138820029747149,0.15815567674764502,0.15642042637580567,1.0,0.0894893406048587,0.34209221616261776,0.09940505701536936,0.6289043133366385,0.36886465047099654,0.1576598909271195,0.22731779871095686,0.14476945959345563,0.10188398611799702,0.13063956370847793,0.14972731779871096,0.14080317302925136,0.11477441745166088,0.11576598909271195,0.11700545364402579,0.1648487853247397,0.10485870104115022,0.13485374318294496,0.12394645513138325,0.14749628160634606,0.1517104610808131,0.146504709965295,0.11650966782350025
PLAYGROUND_GRAPH_DENSITY,0.10808130887456618,0.10783341596430342,1.0,0.1279127416955875,0.07907783837382251,0.08453148239960337,0.10932077342588002,0.09048091224590976,0.06346058502726822,0.06048587010411502,0.06693108577094695,0.17947446703024295,0.19112543381259295,0.0894893406048587,1.0,0.09742191373326722,0.10808130887456618,0.07461576598909271,0.11204759543877045,0.16088249876053545,0.09072880515617253,0.1457610312345067,0.11849281110560238,0.1264253842340109,0.15964303420922163,0.08849776896380764,0.06941001487357462,0.06792265741199802,0.07288051561725335,0.07759048091224591,0.0999008428358949,0.15518096182449181,0.15468517600396628,0.07635101636093208,0.14700049578582053,0.07808626673277144,0.1279127416955875
PLAYGROUND_INFORMATIVE_DIVERSE,0.11650966782350025,0.11427863163113534,0.09742191373326722,0.14105106593951414,0.11279127416955875,0.11477441745166088,0.08676251859196826,0.10188398611799702,0.11675756073376302,0.11774913237481408,0.12047595438770452,0.18393653941497273,0.18021814576103123,0.34209221616261776,0.09742191373326722,1.0,0.11650966782350025,0.33242439266236984,0.31755081804660384,0.1591472483886961,0.17055032226078334,0.1536936043629152,0.12270699058006941,0.13782845810609817,0.16311353495290035,0.12766484878532475,0.11675756073376302,0.12469013386217154,0.12146752602875557,0.11403073872087258,0.11725334655428855,0.15617253346554288,0.12221120475954388,0.10857709469509172,0.15617253346554288,0.10808130887456618,0.14105106593951414
PLAYGROUND_KCENTER_GREEDY,1.0,0.14352999504214178,0.10808130887456618,0.11898859692612791,0.09866137828458106,0.09271194843827467,0.06866633614278632,0.1368368864650471,0.06792265741199802,0.06693108577094695,0.06817055032226078,0.1745166088249876,0.17649975210708974,0.09940505701536936,0.10808130887456618,0.11650966782350025,1.0,0.0954387704511651,0.12543381259295985,0.14476945959345563,0.12692117005453643,0.14030738720872582,0.0946950917203768,0.11576598909271195,0.15468517600396628,0.1294000991571641,0.08477937530986614,0.08750619732275657,0.0813088745661874,0.07436787307882994,0.10039662865642042,0.14030738720872582,0.180466038671294,0.07833415964303421,0.14749628160634606,0.07907783837382251,0.11898859692612791
PLAYGROUND_MARGIN,0.0954387704511651,0.10733763014377788,0.07461576598909271,0.10585027268220129,0.2035200793257313,0.2677243430837878,0.08031730292513634,0.09370352007932573,0.0857709469509172,0.08899355478433317,0.0932077342588002,0.14526524541398117,0.14005949429846307,0.6289043133366385,0.07461576598909271,0.33242439266236984,0.0954387704511651,1.0,0.46182449181953394,0.14080317302925136,0.20823004462072384,0.12989588497768964,0.09295984134853744,0.11824491819533961,0.13212692117005453,0.13138324243926625,0.10634605850272683,0.10312345066931086,0.10981655924640556,0.24913237481408032,0.10386712940009915,0.11601388200297472,0.10684184432325236,0.18839861179970252,0.12741695587506197,0.18517600396628656,0.10585027268220129
PLAYGROUND_MIXTURE,0.12543381259295985,0.11279127416955875,0.11204759543877045,0.14600892414476946,0.16236985622211206,0.19211700545364402,0.09643034209221617,0.11031234506693109,0.0857709469509172,0.08824987605354487,0.09593455627169063,0.221864154685176,0.2255825483391175,0.36886465047099654,0.11204759543877045,0.31755081804660384,0.12543381259295985,0.46182449181953394,1.0,0.21120475954387705,0.1715418939018344,0.17501239464551313,0.10932077342588002,0.14823996033713435,0.18691125433812594,0.13138324243926625,0.11403073872087258,0.11378284581060982,0.12394645513138325,0.16931085770946952,0.11328705999008429,0.1745166088249876,0.14352999504214178,0.13956370847793753,0.18666336142786316,0.13212692117005453,0.14600892414476946
PLAYGROUND_UNIFORM,0.14476945959345563,0.14253842340109074,0.16088249876053545,0.21194843827466534,0.12865642042637582,0.14030738720872582,0.1256817055032226,0.13807635101636093,0.10312345066931086,0.10237977193852256,0.10956866633614279,0.28011898859692613,0.289786812097174,0.1576598909271195,0.16088249876053545,0.1591472483886961,0.14476945959345563,0.14080317302925136,0.21120475954387705,1.0,0.14005949429846307,0.21393158155676748,0.1331184928111056,0.1886465047099653,0.24367873078829946,0.14253842340109074,0.11477441745166088,0.12097174020823004,0.1264253842340109,0.12072384729796728,0.14700049578582053,0.23599405057015369,0.17402082300446206,0.11378284581060982,0.21789786812097173,0.11303916707982152,0.21194843827466534
SKACTIVEML_COST_EMBEDDING,0.12692117005453643,0.12964799206742686,0.09072880515617253,0.11799702528507684,0.12518591968269707,0.12369856222112048,0.0932077342588002,0.10907288051561725,0.10956866633614279,0.10262766484878533,0.10461080813088745,0.14898363906792267,0.14402578086266732,0.22731779871095686,0.09072880515617253,0.17055032226078334,0.12692117005453643,0.20823004462072384,0.1715418939018344,0.14005949429846307,1.0,0.1308874566187407,0.10956866633614279,0.12692117005453643,0.14972731779871096,0.16311353495290035,0.12047595438770452,0.11948438274665345,0.11948438274665345,0.12097174020823004,0.10560237977193852,0.13113534952900346,0.13361427863163114,0.12245909766980664,0.14030738720872582,0.12444224095190877,0.11799702528507684
SKACTIVEML_DAL,0.14030738720872582,0.13807635101636093,0.1457610312345067,0.1856717897868121,0.1294000991571641,0.13435795736241943,0.11031234506693109,0.12964799206742686,0.10783341596430342,0.10510659395141299,0.11378284581060982,0.2702032721864155,0.26747645017352506,0.14476945959345563,0.1457610312345067,0.1536936043629152,0.14030738720872582,0.12989588497768964,0.17501239464551313,0.21393158155676748,0.1308874566187407,1.0,0.14328210213187903,0.17501239464551313,0.21864154685176004,0.13063956370847793,0.12741695587506197,0.12989588497768964,0.1368368864650471,0.11353495290034706,0.1591472483886961,0.2077342588001983,0.16236985622211206,0.11403073872087258,0.22359940505701537,0.11477441745166088,0.1856717897868121
SKACTIVEML_DWUS,0.0946950917203768,0.13039167079821518,0.11849281110560238,0.10808130887456618,0.1065939514129896,0.11601388200297472,0.11675756073376302,0.10163609320773426,0.09593455627169063,0.09742191373326722,0.11031234506693109,0.15642042637580567,0.16534457114526524,0.10188398611799702,0.11849281110560238,0.12270699058006941,0.0946950917203768,0.09295984134853744,0.10932077342588002,0.1331184928111056,0.10956866633614279,0.14328210213187903,1.0,0.1301437778879524,0.13981160138820029,0.11427863163113534,0.0991571641051066,0.10138820029747149,0.10882498760535449,0.0984134853743183,0.11229548834903322,0.13212692117005453,0.11725334655428855,0.09271194843827467,0.13336638572136836,0.09122459097669806,0.10808130887456618
SKACTIVEML_QBC,0.11576598909271195,0.11551809618244918,0.1264253842340109,0.16013882002974714,0.11130391670798215,0.1212196331184928,0.11031234506693109,0.11105602379771938,0.09147248388696083,0.09345562716906297,0.10510659395141299,0.21839365394149726,0.2270699058006941,0.13063956370847793,0.1264253842340109,0.13782845810609817,0.11576598909271195,0.11824491819533961,0.14823996033713435,0.1886465047099653,0.12692117005453643,0.17501239464551313,0.1301437778879524,1.0,0.20252850768468023,0.12915220624690135,0.11006445215666832,0.11056023797719385,0.12518591968269707,0.10064452156668319,0.1412989588497769,0.18591968269707487,0.1494794248884482,0.09345562716906297,0.1685671789786812,0.09717402082300446,0.16013882002974714
SKACTIVEML_QBC_VOTE_ENTROPY,0.15468517600396628,0.13956370847793753,0.15964303420922163,0.1931085770946951,0.12345066931085771,0.13485374318294496,0.12766484878532475,0.1338621715418939,0.10213187902825979,0.10337134357957363,0.11105602379771938,0.29424888448190384,0.2840852751611304,0.14972731779871096,0.15964303420922163,0.16311353495290035,0.15468517600396628,0.13212692117005453,0.18691125433812594,0.24367873078829946,0.14972731779871096,0.21864154685176004,0.13981160138820029,0.20252850768468023,1.0,0.12915220624690135,0.12146752602875557,0.12444224095190877,0.1279127416955875,0.11923648983639068,0.15071888943976203,0.2263262270699058,0.17922657411998016,0.10808130887456618,0.23054040654437283,0.10609816559246406,0.1931085770946951
SKACTIVEML_QUIRE,0.1294000991571641,0.16162617749132374,0.08849776896380764,0.10981655924640556,0.11155180961824492,0.11155180961824492,0.09643034209221617,0.13857213683688646,0.0954387704511651,0.09395141298958849,0.0932077342588002,0.15096678235002478,0.1494794248884482,0.14080317302925136,0.08849776896380764,0.12766484878532475,0.1294000991571641,0.13138324243926625,0.13138324243926625,0.14253842340109074,0.16311353495290035,0.13063956370847793,0.11427863163113534,0.12915220624690135,0.12915220624690135,1.0,0.10634605850272683,0.1036192364898364,0.10337134357957363,0.09890927119484383,0.11477441745166088,0.12072384729796728,0.1405552801189886,0.09816559246405553,0.13262270699058007,0.10535448686167576,0.10981655924640556
SKACTIVEML_US_ENTROPY,0.08477937530986614,0.10758552305404065,0.06941001487357462,0.08304412493802678,0.15815567674764502,0.131631135349529,0.07659890927119484,0.07833415964303421,0.16559246405552802,0.12741695587506197,0.10039662865642042,0.1412989588497769,0.1427863163113535,0.11477441745166088,0.06941001487357462,0.11675756073376302,0.08477937530986614,0.10634605850272683,0.11403073872087258,0.11477441745166088,0.12047595438770452,0.12741695587506197,0.0991571641051066,0.11006445215666832,0.12146752602875557,0.10634605850272683,1.0,0.7830937035200793,0.7357461576598909,0.11923648983639068,0.09568666336142786,0.09494298463063956,0.10386712940009915,0.14328210213187903,0.11303916707982152,0.1871591472483887,0.08304412493802678
SKACTIVEML_US_LC,0.08750619732275657,0.11229548834903322,0.06792265741199802,0.08676251859196826,0.18616757560733763,0.13584531482399603,0.07535944471988101,0.07808626673277144,0.12072384729796728,0.16410510659395142,0.11279127416955875,0.14476945959345563,0.14898363906792267,0.11576598909271195,0.06792265741199802,0.12469013386217154,0.08750619732275657,0.10312345066931086,0.11378284581060982,0.12097174020823004,0.11948438274665345,0.12989588497768964,0.10138820029747149,0.11056023797719385,0.12444224095190877,0.1036192364898364,0.7830937035200793,1.0,0.7583044124938026,0.12518591968269707,0.09370352007932573,0.09940505701536936,0.0984134853743183,0.17476450173525038,0.11452652454139811,0.14377788795240456,0.08676251859196826
SKACTIVEML_US_MARGIN,0.0813088745661874,0.11155180961824492,0.07288051561725335,0.09667823500247893,0.14551313832424392,0.18765493306891423,0.08279623202776401,0.0805651958353991,0.10560237977193852,0.11328705999008429,0.16013882002974714,0.15493306891422906,0.1628656420426376,0.11700545364402579,0.07288051561725335,0.12146752602875557,0.0813088745661874,0.10981655924640556,0.12394645513138325,0.1264253842340109,0.11948438274665345,0.1368368864650471,0.10882498760535449,0.12518591968269707,0.1279127416955875,0.10337134357957363,0.7357461576598909,0.7583044124938026,1.0,0.16931085770946952,0.0946950917203768,0.11303916707982152,0.10163609320773426,0.124194348041646,0.124194348041646,0.11799702528507684,0.09667823500247893
SMALLTEXT_BREAKINGTIES,0.07436787307882994,0.10510659395141299,0.07759048091224591,0.08601883986117997,0.23326722855726326,0.3542389687654933,0.07659890927119484,0.08031730292513634,0.1834407535944472,0.18839861179970252,0.24714923153197818,0.1412989588497769,0.1368368864650471,0.1648487853247397,0.07759048091224591,0.11403073872087258,0.07436787307882994,0.24913237481408032,0.16931085770946952,0.12072384729796728,0.12097174020823004,0.11353495290034706,0.0984134853743183,0.10064452156668319,0.11923648983639068,0.09890927119484383,0.11923648983639068,0.12518591968269707,0.16931085770946952,1.0,0.08304412493802678,0.11056023797719385,0.10089241447694595,0.7473971244422409,0.11774913237481408,0.7320277640059494,0.08601883986117997
SMALLTEXT_CONTRASTIVEAL,0.10039662865642042,0.12072384729796728,0.0999008428358949,0.11948438274665345,0.10237977193852256,0.09791769955379276,0.10808130887456618,0.12097174020823004,0.0768468021814576,0.08180466038671294,0.08031730292513634,0.16807139315815567,0.17724343083787802,0.10485870104115022,0.0999008428358949,0.11725334655428855,0.10039662865642042,0.10386712940009915,0.11328705999008429,0.14700049578582053,0.10560237977193852,0.1591472483886961,0.11229548834903322,0.1412989588497769,0.15071888943976203,0.11477441745166088,0.09568666336142786,0.09370352007932573,0.0946950917203768,0.08304412493802678,1.0,0.13634110064452157,0.14080317302925136,0.0894893406048587,0.14179474467030243,0.090233019335647,0.11948438274665345
SMALLTEXT_EMBEDDINGKMEANS,0.14030738720872582,0.1308874566187407,0.15518096182449181,0.20054536440257809,0.11080813088745661,0.12444224095190877,0.14898363906792267,0.12543381259295985,0.090233019335647,0.09072880515617253,0.10386712940009915,0.3068914229053049,0.31308874566187406,0.13485374318294496,0.15518096182449181,0.15617253346554288,0.14030738720872582,0.11601388200297472,0.1745166088249876,0.23599405057015369,0.13113534952900346,0.2077342588001983,0.13212692117005453,0.18591968269707487,0.2263262270699058,0.12072384729796728,0.09494298463063956,0.09940505701536936,0.11303916707982152,0.11056023797719385,0.13634110064452157,1.0,0.1633614278631631,0.10138820029747149,0.23277144273673772,0.10213187902825979,0.20054536440257809
SMALLTEXT_GREEDYCORESET,0.180466038671294,0.15567674764501735,0.15468517600396628,0.15319781854238967,0.11179970252850768,0.11279127416955875,0.0984134853743183,0.14005949429846307,0.0872583044124938,0.08329201784828955,0.08626673277144274,0.20401586514625683,0.21170054536440258,0.12394645513138325,0.15468517600396628,0.12221120475954388,0.180466038671294,0.10684184432325236,0.14352999504214178,0.17402082300446206,0.13361427863163114,0.16236985622211206,0.11725334655428855,0.1494794248884482,0.17922657411998016,0.1405552801189886,0.10386712940009915,0.0984134853743183,0.10163609320773426,0.10089241447694595,0.14080317302925136,0.1633614278631631,1.0,0.10337134357957363,0.17426871591472484,0.10485870104115022,0.15319781854238967
SMALLTEXT_LEASTCONFIDENCE,0.07833415964303421,0.10510659395141299,0.07635101636093208,0.08304412493802678,0.3559742191373327,0.22731779871095686,0.07188894397620228,0.07932573128408528,0.21170054536440258,0.24863658899355479,0.19558750619732276,0.13262270699058007,0.12667327714427368,0.14749628160634606,0.07635101636093208,0.10857709469509172,0.07833415964303421,0.18839861179970252,0.13956370847793753,0.11378284581060982,0.12245909766980664,0.11403073872087258,0.09271194843827467,0.09345562716906297,0.10808130887456618,0.09816559246405553,0.14328210213187903,0.17476450173525038,0.124194348041646,0.7473971244422409,0.0894893406048587,0.10138820029747149,0.10337134357957363,1.0,0.10708973723351513,0.7754090233019336,0.08304412493802678
SMALLTEXT_LIGHTWEIGHTCORESET,0.14749628160634606,0.1360932077342588,0.14700049578582053,0.19335647000495787,0.11874070401586515,0.13435795736241943,0.11427863163113534,0.12469013386217154,0.10138820029747149,0.10213187902825979,0.11303916707982152,0.2746653445711453,0.278135845314824,0.1517104610808131,0.14700049578582053,0.15617253346554288,0.14749628160634606,0.12741695587506197,0.18666336142786316,0.21789786812097173,0.14030738720872582,0.22359940505701537,0.13336638572136836,0.1685671789786812,0.23054040654437283,0.13262270699058007,0.11303916707982152,0.11452652454139811,0.124194348041646,0.11774913237481408,0.14179474467030243,0.23277144273673772,0.17426871591472484,0.10708973723351513,1.0,0.1065939514129896,0.19335647000495787
SMALLTEXT_PREDICTIONENTROPY,0.07907783837382251,0.11254338125929599,0.07808626673277144,0.07957362419434805,0.25706494794248885,0.214427367377293,0.07511155180961825,0.07932573128408528,0.2565691621219633,0.21690629647992068,0.19261279127416955,0.13138324243926625,0.1308874566187407,0.146504709965295,0.07808626673277144,0.10808130887456618,0.07907783837382251,0.18517600396628656,0.13212692117005453,0.11303916707982152,0.12444224095190877,0.11477441745166088,0.09122459097669806,0.09717402082300446,0.10609816559246406,0.10535448686167576,0.1871591472483887,0.14377788795240456,0.11799702528507684,0.7320277640059494,0.090233019335647,0.10213187902825979,0.10485870104115022,0.7754090233019336,0.1065939514129896,1.0,0.07957362419434805
SMALLTEXT_RANDOM,0.11898859692612791,0.09791769955379276,0.1279127416955875,1.0,0.09742191373326722,0.10634605850272683,0.09643034209221617,0.1065939514129896,0.08031730292513634,0.07759048091224591,0.08750619732275657,0.2449181953396133,0.2387208725830441,0.11650966782350025,0.1279127416955875,0.14105106593951414,0.11898859692612791,0.10585027268220129,0.14600892414476946,0.21194843827466534,0.11799702528507684,0.1856717897868121,0.10808130887456618,0.16013882002974714,0.1931085770946951,0.10981655924640556,0.08304412493802678,0.08676251859196826,0.09667823500247893,0.08601883986117997,0.11948438274665345,0.20054536440257809,0.15319781854238967,0.08304412493802678,0.19335647000495787,0.07957362419434805,1.0
