,ALIPY_CORESET_GREEDY,ALIPY_DENSITY_WEIGHTED,ALIPY_GRAPH_DENSITY,ALIPY_RANDOM,ALIPY_UNCERTAINTY_LC,ALIPY_UNCERTAINTY_MM,LIBACT_DWUS,LIBACT_QUIRE,LIBACT_UNCERTAINTY_ENT,LIBACT_UNCERTAINTY_LC,LIBACT_UNCERTAINTY_SM,OPTIMAL_GREEDY_10,OPTIMAL_GREEDY_20,PLAYGROUND_BANDIT,PLAYGROUND_GRAPH_DENSITY,PLAYGROUND_INFORMATIVE_DIVERSE,PLAYGROUND_KCENTER_GREEDY,PLAYGROUND_MARGIN,PLAYGROUND_MIXTURE,PLAYGROUND_UNIFORM,SKACTIVEML_COST_EMBEDDING,SKACTIVEML_DAL,SKACTIVEML_DWUS,SKACTIVEML_QBC,SKACTIVEML_QBC_VOTE_ENTROPY,SKACTIVEML_QUIRE,SKACTIVEML_US_ENTROPY,SKACTIVEML_US_LC,SKACTIVEML_US_MARGIN,SMALLTEXT_BREAKINGTIES,SMALLTEXT_CONTRASTIVEAL,SMALLTEXT_EMBEDDINGKMEANS,SMALLTEXT_GREEDYCORESET,SMALLTEXT_LEASTCONFIDENCE,SMALLTEXT_LIGHTWEIGHTCORESET,SMALLTEXT_PREDICTIONENTROPY,SMALLTEXT_RANDOM
ALIPY_CORESET_GREEDY,1.0,0.0917203767972236,0.10708973723351513,0.10733763014377788,0.06841844323252355,0.06346058502726822,0.07759048091224591,0.10089241447694595,0.06742687159147248,0.07188894397620228,0.06519583539910759,0.11948438274665345,0.11849281110560238,0.07808626673277144,0.10708973723351513,0.08378780366881507,0.9873574615765989,0.07139315815567675,0.08378780366881507,0.12890431333663857,0.10708973723351513,0.12865642042637582,0.0946950917203768,0.09816559246405553,0.1338621715418939,0.08849776896380764,0.07312840852751612,0.07411998016856718,0.06866633614278632,0.06990580069410014,0.10114030738720872,0.11824491819533961,0.16038671294000992,0.07139315815567675,0.12766484878532475,0.07040158651462568,0.10783341596430342
ALIPY_DENSITY_WEIGHTED,0.0917203767972236,1.0,0.07982151710461081,0.07362419434804164,0.1576598909271195,0.15195835399107585,0.07932573128408528,0.08403569657907783,0.13212692117005453,0.13113534952900346,0.13857213683688646,0.08676251859196826,0.08824987605354487,0.14823996033713435,0.07982151710461081,0.13782845810609817,0.09419930589985126,0.15468517600396628,0.13733267228557264,0.08626673277144274,0.14154685176003967,0.09568666336142786,0.12245909766980664,0.07659890927119484,0.090233019335647,0.12667327714427368,0.13981160138820029,0.14625681705503224,0.13634110064452157,0.15716410510659395,0.10510659395141299,0.07759048091224591,0.09742191373326722,0.1588993554784333,0.08849776896380764,0.15493306891422906,0.07387208725830441
ALIPY_GRAPH_DENSITY,0.10708973723351513,0.07982151710461081,1.0,0.09643034209221617,0.06296479920674268,0.06965790778383739,0.07635101636093208,0.0857709469509172,0.06941001487357462,0.06817055032226078,0.07164105106593951,0.11328705999008429,0.10956866633614279,0.07808626673277144,0.9997521070897373,0.08081308874566187,0.11056023797719385,0.07436787307882994,0.0924640555280119,0.13262270699058007,0.09072880515617253,0.1249380267724343,0.09568666336142786,0.10461080813088745,0.12543381259295985,0.0887456618740704,0.06470004957858205,0.06346058502726822,0.06717897868120971,0.06817055032226078,0.09395141298958849,0.10733763014377788,0.12146752602875557,0.06519583539910759,0.12444224095190877,0.06941001487357462,0.09643034209221617
ALIPY_RANDOM,0.10733763014377788,0.07362419434804164,0.09643034209221617,1.0,0.06817055032226078,0.06717897868120971,0.10337134357957363,0.0946950917203768,0.061973227565691624,0.054784333168071395,0.05899851264253842,0.12915220624690135,0.13039167079821518,0.0880019831432821,0.09643034209221617,0.08453148239960337,0.11080813088745661,0.07709469509172037,0.0894893406048587,0.1536936043629152,0.08651462568170551,0.13113534952900346,0.09890927119484383,0.11601388200297472,0.14154685176003967,0.08775409023301933,0.06494794248884482,0.06593951412989589,0.06717897868120971,0.06246901338621715,0.09766980664352999,0.12196331184928111,0.1308874566187407,0.06271690629647993,0.14030738720872582,0.06519583539910759,0.9987605354486861
ALIPY_UNCERTAINTY_LC,0.06841844323252355,0.1576598909271195,0.06296479920674268,0.06817055032226078,1.0,0.7394645513138324,0.06147744174516609,0.06841844323252355,0.15939514129895885,0.1774913237481408,0.16236985622211206,0.08552305404065444,0.08750619732275657,0.15146256817055032,0.06296479920674268,0.15790778383738224,0.07312840852751612,0.2131879028259792,0.153941497273178,0.08750619732275657,0.13882002974714924,0.08477937530986614,0.11056023797719385,0.07213683688646505,0.09048091224590976,0.11527020327218641,0.15666831928606842,0.17327714427367377,0.15319781854238967,0.20475954387704512,0.09494298463063956,0.07436787307882994,0.08824987605354487,0.27565691621219635,0.07610312345066932,0.20847793753098662,0.06817055032226078
ALIPY_UNCERTAINTY_MM,0.06346058502726822,0.15195835399107585,0.06965790778383739,0.06717897868120971,0.7394645513138324,1.0,0.06593951412989589,0.06891422905304909,0.15195835399107585,0.16162617749132374,0.17625185919682698,0.07907783837382251,0.08378780366881507,0.1554288547347546,0.06965790778383739,0.15815567674764502,0.06792265741199802,0.24169558750619732,0.16906296479920674,0.08552305404065444,0.1517104610808131,0.09048091224590976,0.10585027268220129,0.06717897868120971,0.08924144769459594,0.11527020327218641,0.14700049578582053,0.161378284581061,0.1715418939018344,0.2714427367377293,0.0961824491819534,0.07511155180961825,0.08899355478433317,0.20104115022310362,0.07436787307882994,0.19856222112047595,0.06717897868120971
LIBACT_DWUS,0.07759048091224591,0.07932573128408528,0.07635101636093208,0.10337134357957363,0.06147744174516609,0.06593951412989589,1.0,0.1028755577590481,0.06494794248884482,0.06346058502726822,0.06841844323252355,0.10857709469509172,0.10337134357957363,0.08403569657907783,0.07635101636093208,0.0768468021814576,0.08031730292513634,0.07461576598909271,0.07585523054040655,0.10956866633614279,0.08205255329697571,0.11056023797719385,0.11056023797719385,0.11254338125929599,0.1036192364898364,0.08254833911750124,0.06817055032226078,0.06668319286068418,0.07015369360436291,0.06246901338621715,0.11179970252850768,0.12667327714427368,0.09667823500247893,0.06048587010411502,0.11427863163113534,0.062221120475954385,0.10337134357957363
LIBACT_QUIRE,0.10089241447694595,0.08403569657907783,0.0857709469509172,0.0946950917203768,0.06841844323252355,0.06891422905304909,0.1028755577590481,1.0,0.07387208725830441,0.06593951412989589,0.06841844323252355,0.09419930589985126,0.10014873574615767,0.07511155180961825,0.0857709469509172,0.07263262270699058,0.10163609320773426,0.07808626673277144,0.08254833911750124,0.09717402082300446,0.0880019831432821,0.11006445215666832,0.07709469509172037,0.10857709469509172,0.10708973723351513,0.0969261279127417,0.07387208725830441,0.06990580069410014,0.07064947942488845,0.06494794248884482,0.11948438274665345,0.10907288051561725,0.11155180961824492,0.06792265741199802,0.11601388200297472,0.06866633614278632,0.0946950917203768
LIBACT_UNCERTAINTY_ENT,0.06742687159147248,0.13212692117005453,0.06941001487357462,0.061973227565691624,0.15939514129895885,0.15195835399107585,0.06494794248884482,0.07387208725830441,1.0,0.7414476945959345,0.7300446207238473,0.07982151710461081,0.07759048091224591,0.13113534952900346,0.06941001487357462,0.14551313832424392,0.07089737233515121,0.14030738720872582,0.11923648983639068,0.0850272682201289,0.14253842340109074,0.0954387704511651,0.10039662865642042,0.07064947942488845,0.08453148239960337,0.10758552305404065,0.15418939018344074,0.13782845810609817,0.1368368864650471,0.15344571145265246,0.0961824491819534,0.07213683688646505,0.0872583044124938,0.16162617749132374,0.0813088745661874,0.1663361427863163,0.06172533465542886
LIBACT_UNCERTAINTY_LC,0.07188894397620228,0.13113534952900346,0.06817055032226078,0.054784333168071395,0.1774913237481408,0.16162617749132374,0.06346058502726822,0.06593951412989589,0.7414476945959345,1.0,0.7471492315319782,0.07610312345066932,0.07709469509172037,0.13782845810609817,0.06817055032226078,0.153941497273178,0.07486365889935548,0.14700049578582053,0.1249380267724343,0.0850272682201289,0.1487357461576599,0.08824987605354487,0.09940505701536936,0.07015369360436291,0.07932573128408528,0.10832920178482895,0.14700049578582053,0.15146256817055032,0.14402578086266732,0.15691621219633117,0.09742191373326722,0.06370847793753098,0.07659890927119484,0.17352503718393653,0.08329201784828955,0.1633614278631631,0.05453644025780863
LIBACT_UNCERTAINTY_SM,0.06519583539910759,0.13857213683688646,0.07164105106593951,0.05899851264253842,0.16236985622211206,0.17625185919682698,0.06841844323252355,0.06841844323252355,0.7300446207238473,0.7471492315319782,1.0,0.0857709469509172,0.07808626673277144,0.14303420922161625,0.07164105106593951,0.15642042637580567,0.06817055032226078,0.1517104610808131,0.13138324243926625,0.08155676747645017,0.1517104610808131,0.08601883986117997,0.10262766484878533,0.06990580069410014,0.08180466038671294,0.10560237977193852,0.14005949429846307,0.14774417451660882,0.1554288547347546,0.17501239464551313,0.0872583044124938,0.07064947942488845,0.08081308874566187,0.16212196331184928,0.08329201784828955,0.16038671294000992,0.058750619732275654
OPTIMAL_GREEDY_10,0.11948438274665345,0.08676251859196826,0.11328705999008429,0.12915220624690135,0.08552305404065444,0.07907783837382251,0.10857709469509172,0.09419930589985126,0.07982151710461081,0.07610312345066932,0.0857709469509172,1.0,0.19633118492811105,0.10138820029747149,0.11328705999008429,0.09494298463063956,0.12320277640059495,0.08750619732275657,0.10461080813088745,0.1554288547347546,0.10485870104115022,0.15344571145265246,0.11303916707982152,0.12989588497768964,0.13336638572136836,0.090233019335647,0.0805651958353991,0.07957362419434805,0.08230044620723848,0.0835399107585523,0.09667823500247893,0.12221120475954388,0.131631135349529,0.08230044620723848,0.1487357461576599,0.0835399107585523,0.12865642042637582
OPTIMAL_GREEDY_20,0.11849281110560238,0.08824987605354487,0.10956866633614279,0.13039167079821518,0.08750619732275657,0.08378780366881507,0.10337134357957363,0.10014873574615767,0.07759048091224591,0.07709469509172037,0.07808626673277144,0.19633118492811105,1.0,0.09271194843827467,0.10956866633614279,0.10213187902825979,0.12270699058006941,0.0850272682201289,0.09593455627169063,0.14476945959345563,0.09742191373326722,0.13708477937530986,0.10436291522062469,0.12047595438770452,0.14005949429846307,0.09494298463063956,0.07387208725830441,0.0768468021814576,0.08254833911750124,0.07337630143777887,0.09816559246405553,0.1331184928111056,0.13361427863163114,0.07486365889935548,0.14080317302925136,0.07585523054040655,0.12964799206742686
PLAYGROUND_BANDIT,0.07808626673277144,0.14823996033713435,0.07808626673277144,0.0880019831432821,0.15146256817055032,0.1554288547347546,0.08403569657907783,0.07511155180961825,0.13113534952900346,0.13782845810609817,0.14303420922161625,0.10138820029747149,0.09271194843827467,1.0,0.07808626673277144,0.3182944967773922,0.08155676747645017,0.34209221616261776,0.3148239960337134,0.10138820029747149,0.1886465047099653,0.11130391670798215,0.10560237977193852,0.08775409023301933,0.09940505701536936,0.12840852751611304,0.1368368864650471,0.14749628160634606,0.14005949429846307,0.15939514129895885,0.09890927119484383,0.07982151710461081,0.09866137828458106,0.15790778383738224,0.08477937530986614,0.15617253346554288,0.0880019831432821
PLAYGROUND_GRAPH_DENSITY,0.10708973723351513,0.07982151710461081,0.9997521070897373,0.09643034209221617,0.06296479920674268,0.06965790778383739,0.07635101636093208,0.0857709469509172,0.06941001487357462,0.06817055032226078,0.07164105106593951,0.11328705999008429,0.10956866633614279,0.07808626673277144,1.0,0.08081308874566187,0.11056023797719385,0.07436787307882994,0.0924640555280119,0.13262270699058007,0.09072880515617253,0.1249380267724343,0.09568666336142786,0.10461080813088745,0.12543381259295985,0.0887456618740704,0.06470004957858205,0.06346058502726822,0.06717897868120971,0.06817055032226078,0.09395141298958849,0.10733763014377788,0.12146752602875557,0.06519583539910759,0.12444224095190877,0.06941001487357462,0.09643034209221617
PLAYGROUND_INFORMATIVE_DIVERSE,0.08378780366881507,0.13782845810609817,0.08081308874566187,0.08453148239960337,0.15790778383738224,0.15815567674764502,0.0768468021814576,0.07263262270699058,0.14551313832424392,0.153941497273178,0.15642042637580567,0.09494298463063956,0.10213187902825979,0.3182944967773922,0.08081308874566187,1.0,0.0880019831432821,0.32449181953396133,0.2922657411998017,0.09048091224590976,0.17203767972235995,0.10114030738720872,0.10832920178482895,0.07659890927119484,0.10138820029747149,0.11725334655428855,0.1479920674268716,0.15691621219633117,0.1499752107089737,0.15642042637580567,0.09048091224590976,0.07337630143777887,0.0924640555280119,0.15121467526028756,0.08998512642538424,0.1576598909271195,0.0842835894893406
PLAYGROUND_KCENTER_GREEDY,0.9873574615765989,0.09419930589985126,0.11056023797719385,0.11080813088745661,0.07312840852751612,0.06792265741199802,0.08031730292513634,0.10163609320773426,0.07089737233515121,0.07486365889935548,0.06817055032226078,0.12320277640059495,0.12270699058006941,0.08155676747645017,0.11056023797719385,0.0880019831432821,1.0,0.07635101636093208,0.08849776896380764,0.13287059990084282,0.11056023797719385,0.131631135349529,0.09890927119484383,0.0999008428358949,0.13733267228557264,0.08924144769459594,0.07759048091224591,0.07932573128408528,0.07411998016856718,0.07436787307882994,0.10312345066931086,0.12171541893901834,0.16236985622211206,0.07436787307882994,0.12989588497768964,0.07387208725830441,0.11080813088745661
PLAYGROUND_MARGIN,0.07139315815567675,0.15468517600396628,0.07436787307882994,0.07709469509172037,0.2131879028259792,0.24169558750619732,0.07461576598909271,0.07808626673277144,0.14030738720872582,0.14700049578582053,0.1517104610808131,0.08750619732275657,0.0850272682201289,0.34209221616261776,0.07436787307882994,0.32449181953396133,0.07635101636093208,1.0,0.4476945959345563,0.08998512642538424,0.17327714427367377,0.0909766980664353,0.11006445215666832,0.07288051561725335,0.08552305404065444,0.11427863163113534,0.15220624690133863,0.16608824987605356,0.153941497273178,0.21789786812097173,0.09717402082300446,0.07064947942488845,0.0880019831432821,0.19509172037679723,0.07659890927119484,0.19484382746653445,0.07709469509172037
PLAYGROUND_MIXTURE,0.08378780366881507,0.13733267228557264,0.0924640555280119,0.0894893406048587,0.153941497273178,0.16906296479920674,0.07585523054040655,0.08254833911750124,0.11923648983639068,0.1249380267724343,0.13138324243926625,0.10461080813088745,0.09593455627169063,0.3148239960337134,0.0924640555280119,0.2922657411998017,0.08849776896380764,0.4476945959345563,1.0,0.10411502231036192,0.1797223599405057,0.10758552305404065,0.11576598909271195,0.0805651958353991,0.0909766980664353,0.12072384729796728,0.12964799206742686,0.13634110064452157,0.13708477937530986,0.15691621219633117,0.09940505701536936,0.08180466038671294,0.09791769955379276,0.14724838869608328,0.09122459097669806,0.1368368864650471,0.0894893406048587
PLAYGROUND_UNIFORM,0.12890431333663857,0.08626673277144274,0.13262270699058007,0.1536936043629152,0.08750619732275657,0.08552305404065444,0.10956866633614279,0.09717402082300446,0.0850272682201289,0.0850272682201289,0.08155676747645017,0.1554288547347546,0.14476945959345563,0.10138820029747149,0.13262270699058007,0.09048091224590976,0.13287059990084282,0.08998512642538424,0.10411502231036192,1.0,0.09742191373326722,0.15493306891422906,0.11626177491323748,0.13336638572136836,0.15790778383738224,0.08899355478433317,0.07957362419434805,0.08180466038671294,0.07932573128408528,0.07387208725830441,0.11155180961824492,0.12890431333663857,0.14005949429846307,0.07535944471988101,0.15493306891422906,0.0768468021814576,0.15344571145265246
SKACTIVEML_COST_EMBEDDING,0.10708973723351513,0.14154685176003967,0.09072880515617253,0.08651462568170551,0.13882002974714924,0.1517104610808131,0.08205255329697571,0.0880019831432821,0.14253842340109074,0.1487357461576599,0.1517104610808131,0.10485870104115022,0.09742191373326722,0.1886465047099653,0.09072880515617253,0.17203767972235995,0.11056023797719385,0.17327714427367377,0.1797223599405057,0.09742191373326722,1.0,0.10882498760535449,0.11849281110560238,0.08775409023301933,0.10981655924640556,0.13361427863163114,0.14030738720872582,0.13510163609320774,0.1375805651958354,0.1457610312345067,0.11502231036192365,0.09048091224590976,0.11279127416955875,0.14352999504214178,0.10832920178482895,0.14105106593951414,0.08651462568170551
SKACTIVEML_DAL,0.12865642042637582,0.09568666336142786,0.1249380267724343,0.13113534952900346,0.08477937530986614,0.09048091224590976,0.11056023797719385,0.11006445215666832,0.0954387704511651,0.08824987605354487,0.08601883986117997,0.15344571145265246,0.13708477937530986,0.11130391670798215,0.1249380267724343,0.10114030738720872,0.131631135349529,0.0909766980664353,0.10758552305404065,0.15493306891422906,0.10882498760535449,1.0,0.11576598909271195,0.12692117005453643,0.1412989588497769,0.0872583044124938,0.0880019831432821,0.09221616261774913,0.08527516113039167,0.0857709469509172,0.10932077342588002,0.1331184928111056,0.13708477937530986,0.08453148239960337,0.14972731779871096,0.08230044620723848,0.1308874566187407
SKACTIVEML_DWUS,0.0946950917203768,0.12245909766980664,0.09568666336142786,0.09890927119484383,0.11056023797719385,0.10585027268220129,0.11056023797719385,0.07709469509172037,0.10039662865642042,0.09940505701536936,0.10262766484878533,0.11303916707982152,0.10436291522062469,0.10560237977193852,0.09568666336142786,0.10832920178482895,0.09890927119484383,0.11006445215666832,0.11576598909271195,0.11626177491323748,0.11849281110560238,0.11576598909271195,1.0,0.10609816559246406,0.11576598909271195,0.10138820029747149,0.10312345066931086,0.10163609320773426,0.10039662865642042,0.09766980664352999,0.09866137828458106,0.10585027268220129,0.11179970252850768,0.0961824491819534,0.10783341596430342,0.09568666336142786,0.09866137828458106
SKACTIVEML_QBC,0.09816559246405553,0.07659890927119484,0.10461080813088745,0.11601388200297472,0.07213683688646505,0.06717897868120971,0.11254338125929599,0.10857709469509172,0.07064947942488845,0.07015369360436291,0.06990580069410014,0.12989588497768964,0.12047595438770452,0.08775409023301933,0.10461080813088745,0.07659890927119484,0.0999008428358949,0.07288051561725335,0.0805651958353991,0.13336638572136836,0.08775409023301933,0.12692117005453643,0.10609816559246406,1.0,0.12915220624690135,0.0932077342588002,0.06618740704015866,0.07040158651462568,0.07461576598909271,0.07213683688646505,0.10783341596430342,0.12890431333663857,0.11204759543877045,0.06941001487357462,0.13807635101636093,0.07337630143777887,0.11601388200297472
SKACTIVEML_QBC_VOTE_ENTROPY,0.1338621715418939,0.090233019335647,0.12543381259295985,0.14154685176003967,0.09048091224590976,0.08924144769459594,0.1036192364898364,0.10708973723351513,0.08453148239960337,0.07932573128408528,0.08180466038671294,0.13336638572136836,0.14005949429846307,0.09940505701536936,0.12543381259295985,0.10138820029747149,0.13733267228557264,0.08552305404065444,0.0909766980664353,0.15790778383738224,0.10981655924640556,0.1412989588497769,0.11576598909271195,0.12915220624690135,1.0,0.0969261279127417,0.08601883986117997,0.08453148239960337,0.08230044620723848,0.0872583044124938,0.10981655924640556,0.131631135349529,0.14749628160634606,0.0887456618740704,0.15989092711948438,0.08824987605354487,0.14105106593951414
SKACTIVEML_QUIRE,0.08849776896380764,0.12667327714427368,0.0887456618740704,0.08775409023301933,0.11527020327218641,0.11527020327218641,0.08254833911750124,0.0969261279127417,0.10758552305404065,0.10832920178482895,0.10560237977193852,0.090233019335647,0.09494298463063956,0.12840852751611304,0.0887456618740704,0.11725334655428855,0.08924144769459594,0.11427863163113534,0.12072384729796728,0.08899355478433317,0.13361427863163114,0.0872583044124938,0.10138820029747149,0.0932077342588002,0.0969261279127417,1.0,0.10981655924640556,0.10882498760535449,0.10560237977193852,0.10956866633614279,0.11923648983639068,0.09866137828458106,0.10188398611799702,0.11229548834903322,0.09593455627169063,0.11105602379771938,0.08775409023301933
SKACTIVEML_US_ENTROPY,0.07312840852751612,0.13981160138820029,0.06470004957858205,0.06494794248884482,0.15666831928606842,0.14700049578582053,0.06817055032226078,0.07387208725830441,0.15418939018344074,0.14700049578582053,0.14005949429846307,0.0805651958353991,0.07387208725830441,0.1368368864650471,0.06470004957858205,0.1479920674268716,0.07759048091224591,0.15220624690133863,0.12964799206742686,0.07957362419434805,0.14030738720872582,0.0880019831432821,0.10312345066931086,0.06618740704015866,0.08601883986117997,0.10981655924640556,1.0,0.7404561229548835,0.7424392662369856,0.1405552801189886,0.08701041150223103,0.06271690629647993,0.08180466038671294,0.14105106593951414,0.07709469509172037,0.15840356965790778,0.06494794248884482
SKACTIVEML_US_LC,0.07411998016856718,0.14625681705503224,0.06346058502726822,0.06593951412989589,0.17327714427367377,0.161378284581061,0.06668319286068418,0.06990580069410014,0.13782845810609817,0.15146256817055032,0.14774417451660882,0.07957362419434805,0.0768468021814576,0.14749628160634606,0.06346058502726822,0.15691621219633117,0.07932573128408528,0.16608824987605356,0.13634110064452157,0.08180466038671294,0.13510163609320774,0.09221616261774913,0.10163609320773426,0.07040158651462568,0.08453148239960337,0.10882498760535449,0.7404561229548835,1.0,0.7483886960832921,0.1427863163113535,0.08626673277144274,0.06470004957858205,0.0805651958353991,0.15245413981160139,0.08006941001487357,0.14402578086266732,0.06593951412989589
SKACTIVEML_US_MARGIN,0.06866633614278632,0.13634110064452157,0.06717897868120971,0.06717897868120971,0.15319781854238967,0.1715418939018344,0.07015369360436291,0.07064947942488845,0.1368368864650471,0.14402578086266732,0.1554288547347546,0.08230044620723848,0.08254833911750124,0.14005949429846307,0.06717897868120971,0.1499752107089737,0.07411998016856718,0.153941497273178,0.13708477937530986,0.07932573128408528,0.1375805651958354,0.08527516113039167,0.10039662865642042,0.07461576598909271,0.08230044620723848,0.10560237977193852,0.7424392662369856,0.7483886960832921,1.0,0.15790778383738224,0.08552305404065444,0.06569162121963312,0.08304412493802678,0.14352999504214178,0.08403569657907783,0.1420426375805652,0.06717897868120971
SMALLTEXT_BREAKINGTIES,0.06990580069410014,0.15716410510659395,0.06817055032226078,0.06246901338621715,0.20475954387704512,0.2714427367377293,0.06246901338621715,0.06494794248884482,0.15344571145265246,0.15691621219633117,0.17501239464551313,0.0835399107585523,0.07337630143777887,0.15939514129895885,0.06817055032226078,0.15642042637580567,0.07436787307882994,0.21789786812097173,0.15691621219633117,0.07387208725830441,0.1457610312345067,0.0857709469509172,0.09766980664352999,0.07213683688646505,0.0872583044124938,0.10956866633614279,0.1405552801189886,0.1427863163113535,0.15790778383738224,1.0,0.08849776896380764,0.06941001487357462,0.08254833911750124,0.7399603371343579,0.07213683688646505,0.7369856222112048,0.06246901338621715
SMALLTEXT_CONTRASTIVEAL,0.10114030738720872,0.10510659395141299,0.09395141298958849,0.09766980664352999,0.09494298463063956,0.0961824491819534,0.11179970252850768,0.11948438274665345,0.0961824491819534,0.09742191373326722,0.0872583044124938,0.09667823500247893,0.09816559246405553,0.09890927119484383,0.09395141298958849,0.09048091224590976,0.10312345066931086,0.09717402082300446,0.09940505701536936,0.11155180961824492,0.11502231036192365,0.10932077342588002,0.09866137828458106,0.10783341596430342,0.10981655924640556,0.11923648983639068,0.08701041150223103,0.08626673277144274,0.08552305404065444,0.08849776896380764,1.0,0.09742191373326722,0.1264253842340109,0.08824987605354487,0.11179970252850768,0.08899355478433317,0.09766980664352999
SMALLTEXT_EMBEDDINGKMEANS,0.11824491819533961,0.07759048091224591,0.10733763014377788,0.12196331184928111,0.07436787307882994,0.07511155180961825,0.12667327714427368,0.10907288051561725,0.07213683688646505,0.06370847793753098,0.07064947942488845,0.12221120475954388,0.1331184928111056,0.07982151710461081,0.10733763014377788,0.07337630143777887,0.12171541893901834,0.07064947942488845,0.08180466038671294,0.12890431333663857,0.09048091224590976,0.1331184928111056,0.10585027268220129,0.12890431333663857,0.131631135349529,0.09866137828458106,0.06271690629647993,0.06470004957858205,0.06569162121963312,0.06941001487357462,0.09742191373326722,1.0,0.11923648983639068,0.07263262270699058,0.13634110064452157,0.07015369360436291,0.12196331184928111
SMALLTEXT_GREEDYCORESET,0.16038671294000992,0.09742191373326722,0.12146752602875557,0.1308874566187407,0.08824987605354487,0.08899355478433317,0.09667823500247893,0.11155180961824492,0.0872583044124938,0.07659890927119484,0.08081308874566187,0.131631135349529,0.13361427863163114,0.09866137828458106,0.12146752602875557,0.0924640555280119,0.16236985622211206,0.0880019831432821,0.09791769955379276,0.14005949429846307,0.11279127416955875,0.13708477937530986,0.11179970252850768,0.11204759543877045,0.14749628160634606,0.10188398611799702,0.08180466038671294,0.0805651958353991,0.08304412493802678,0.08254833911750124,0.1264253842340109,0.11923648983639068,1.0,0.07635101636093208,0.1420426375805652,0.07734258800198314,0.13063956370847793
SMALLTEXT_LEASTCONFIDENCE,0.07139315815567675,0.1588993554784333,0.06519583539910759,0.06271690629647993,0.27565691621219635,0.20104115022310362,0.06048587010411502,0.06792265741199802,0.16162617749132374,0.17352503718393653,0.16212196331184928,0.08230044620723848,0.07486365889935548,0.15790778383738224,0.06519583539910759,0.15121467526028756,0.07436787307882994,0.19509172037679723,0.14724838869608328,0.07535944471988101,0.14352999504214178,0.08453148239960337,0.0961824491819534,0.06941001487357462,0.0887456618740704,0.11229548834903322,0.14105106593951414,0.15245413981160139,0.14352999504214178,0.7399603371343579,0.08824987605354487,0.07263262270699058,0.07635101636093208,1.0,0.07089737233515121,0.7491323748140803,0.06321269211700545
SMALLTEXT_LIGHTWEIGHTCORESET,0.12766484878532475,0.08849776896380764,0.12444224095190877,0.14030738720872582,0.07610312345066932,0.07436787307882994,0.11427863163113534,0.11601388200297472,0.0813088745661874,0.08329201784828955,0.08329201784828955,0.1487357461576599,0.14080317302925136,0.08477937530986614,0.12444224095190877,0.08998512642538424,0.12989588497768964,0.07659890927119484,0.09122459097669806,0.15493306891422906,0.10832920178482895,0.14972731779871096,0.10783341596430342,0.13807635101636093,0.15989092711948438,0.09593455627169063,0.07709469509172037,0.08006941001487357,0.08403569657907783,0.07213683688646505,0.11179970252850768,0.13634110064452157,0.1420426375805652,0.07089737233515121,1.0,0.07188894397620228,0.1405552801189886
SMALLTEXT_PREDICTIONENTROPY,0.07040158651462568,0.15493306891422906,0.06941001487357462,0.06519583539910759,0.20847793753098662,0.19856222112047595,0.062221120475954385,0.06866633614278632,0.1663361427863163,0.1633614278631631,0.16038671294000992,0.0835399107585523,0.07585523054040655,0.15617253346554288,0.06941001487357462,0.1576598909271195,0.07387208725830441,0.19484382746653445,0.1368368864650471,0.0768468021814576,0.14105106593951414,0.08230044620723848,0.09568666336142786,0.07337630143777887,0.08824987605354487,0.11105602379771938,0.15840356965790778,0.14402578086266732,0.1420426375805652,0.7369856222112048,0.08899355478433317,0.07015369360436291,0.07734258800198314,0.7491323748140803,0.07188894397620228,1.0,0.06544372830937036
SMALLTEXT_RANDOM,0.10783341596430342,0.07387208725830441,0.09643034209221617,0.9987605354486861,0.06817055032226078,0.06717897868120971,0.10337134357957363,0.0946950917203768,0.06172533465542886,0.05453644025780863,0.058750619732275654,0.12865642042637582,0.12964799206742686,0.0880019831432821,0.09643034209221617,0.0842835894893406,0.11080813088745661,0.07709469509172037,0.0894893406048587,0.15344571145265246,0.08651462568170551,0.1308874566187407,0.09866137828458106,0.11601388200297472,0.14105106593951414,0.08775409023301933,0.06494794248884482,0.06593951412989589,0.06717897868120971,0.06246901338621715,0.09766980664352999,0.12196331184928111,0.13063956370847793,0.06321269211700545,0.1405552801189886,0.06544372830937036,1.0
