,ALIPY_CORESET_GREEDY,ALIPY_DENSITY_WEIGHTED,ALIPY_GRAPH_DENSITY,ALIPY_RANDOM,ALIPY_UNCERTAINTY_LC,ALIPY_UNCERTAINTY_MM,LIBACT_DWUS,LIBACT_QUIRE,LIBACT_UNCERTAINTY_ENT,LIBACT_UNCERTAINTY_LC,LIBACT_UNCERTAINTY_SM,OPTIMAL_GREEDY_10,OPTIMAL_GREEDY_20,PLAYGROUND_BANDIT,PLAYGROUND_GRAPH_DENSITY,PLAYGROUND_INFORMATIVE_DIVERSE,PLAYGROUND_KCENTER_GREEDY,PLAYGROUND_MARGIN,PLAYGROUND_MIXTURE,PLAYGROUND_UNIFORM,SKACTIVEML_COST_EMBEDDING,SKACTIVEML_DAL,SKACTIVEML_DWUS,SKACTIVEML_QBC,SKACTIVEML_QBC_VOTE_ENTROPY,SKACTIVEML_QUIRE,SKACTIVEML_US_ENTROPY,SKACTIVEML_US_LC,SKACTIVEML_US_MARGIN,SMALLTEXT_BREAKINGTIES,SMALLTEXT_CONTRASTIVEAL,SMALLTEXT_EMBEDDINGKMEANS,SMALLTEXT_GREEDYCORESET,SMALLTEXT_LEASTCONFIDENCE,SMALLTEXT_LIGHTWEIGHTCORESET,SMALLTEXT_PREDICTIONENTROPY,SMALLTEXT_RANDOM
ALIPY_CORESET_GREEDY,4034,276,131,426,165,158,265,577,86,88,95,530,523,356,131,262,4034,190,385,550,335,592,347,415,568,269,106,108,104,108,384,459,1181,106,598,98,426
ALIPY_DENSITY_WEIGHTED,276,4034,112,208,864,856,306,571,642,670,662,381,413,702,112,891,276,758,616,341,819,403,500,318,404,949,707,709,699,591,811,342,620,625,389,676,208
ALIPY_GRAPH_DENSITY,131,112,4034,173,78,82,206,179,34,32,32,214,234,74,4034,65,131,59,92,206,118,195,184,234,267,148,30,30,31,29,183,170,175,24,205,33,173
ALIPY_RANDOM,426,208,173,4034,119,129,400,304,59,43,58,653,663,278,173,199,426,155,302,766,268,644,427,534,689,192,68,65,66,47,219,557,512,54,617,47,4034
ALIPY_UNCERTAINTY_LC,165,864,78,119,4034,3115,246,209,867,958,847,191,160,539,78,813,165,1005,530,178,724,187,353,172,188,589,882,918,825,1045,526,194,233,1448,140,1121,119
ALIPY_UNCERTAINTY_MM,158,856,82,129,3115,4034,257,223,751,856,952,185,171,528,82,814,158,1211,622,203,667,207,349,170,214,584,772,816,906,1450,494,189,261,1037,134,983,129
LIBACT_DWUS,265,306,206,400,246,257,4034,412,124,137,143,633,679,440,206,409,265,308,327,714,479,644,1014,709,681,438,147,141,151,132,624,1027,409,129,535,139,400
LIBACT_QUIRE,577,571,179,304,209,223,412,4034,144,127,138,569,548,351,179,317,577,213,292,566,339,593,496,485,631,543,151,137,157,116,730,526,873,132,721,140,304
LIBACT_UNCERTAINTY_ENT,86,642,34,59,867,751,124,144,4034,3197,3091,124,102,329,34,534,86,529,277,145,488,136,187,102,115,366,884,804,684,712,416,127,166,814,105,950,59
LIBACT_UNCERTAINTY_LC,88,670,32,43,958,856,137,127,3197,4034,3192,92,82,345,32,632,88,572,308,83,514,121,189,94,96,379,858,902,830,807,379,109,147,934,83,940,43
LIBACT_UNCERTAINTY_SM,95,662,32,58,847,952,143,138,3091,3192,4034,110,107,360,32,647,95,622,325,98,493,136,183,94,104,392,771,819,942,908,389,119,143,819,84,814,58
OPTIMAL_GREEDY_10,530,381,214,653,191,185,633,569,124,92,110,4034,1429,449,214,356,530,239,419,1199,432,1101,672,921,1152,386,98,92,110,96,387,910,782,90,1025,95,653
OPTIMAL_GREEDY_20,523,413,234,663,160,171,679,548,102,82,107,1429,4034,422,234,352,523,225,427,1183,429,1047,651,951,1198,412,95,87,106,90,364,955,797,79,986,90,663
PLAYGROUND_BANDIT,356,702,74,278,539,528,440,351,329,345,360,449,422,4034,74,1733,356,1579,1906,475,834,477,506,354,476,682,367,362,378,317,696,413,531,343,372,316,278
PLAYGROUND_GRAPH_DENSITY,131,112,4034,173,78,82,206,179,34,32,32,214,234,74,4034,65,131,59,92,206,118,195,184,234,267,148,30,30,31,29,183,170,175,24,205,33,173
PLAYGROUND_INFORMATIVE_DIVERSE,262,891,65,199,813,814,409,317,534,632,647,356,352,1733,65,4034,262,1791,1521,327,880,385,480,260,350,808,619,646,694,580,782,355,428,591,318,562,199
PLAYGROUND_KCENTER_GREEDY,4034,276,131,426,165,158,265,577,86,88,95,530,523,356,131,262,4034,190,385,550,335,592,347,415,568,269,106,108,104,108,384,459,1181,106,598,98,426
PLAYGROUND_MARGIN,190,758,59,155,1005,1211,308,213,529,572,622,239,225,1579,59,1791,190,4034,2011,223,698,233,340,193,237,588,601,616,644,969,529,242,276,773,187,724,155
PLAYGROUND_MIXTURE,385,616,92,302,530,622,327,292,277,308,325,419,427,1906,92,1521,385,2011,4034,398,709,446,408,311,432,561,312,295,327,420,591,385,588,347,327,352,302
PLAYGROUND_UNIFORM,550,341,206,766,178,203,714,566,145,83,98,1199,1183,475,206,327,550,223,398,4034,451,1152,690,956,1231,425,99,93,99,93,412,933,856,88,1059,93,766
SKACTIVEML_COST_EMBEDDING,335,819,118,268,724,667,479,339,488,514,493,432,429,834,118,880,335,698,709,451,4034,478,525,377,460,900,492,504,492,450,739,498,533,485,382,493,268
SKACTIVEML_DAL,592,403,195,644,187,207,644,593,136,121,136,1101,1047,477,195,385,592,233,446,1152,478,4034,673,847,1145,451,111,126,121,121,456,934,876,114,1124,109,644
SKACTIVEML_DWUS,347,500,184,427,353,349,1014,496,187,189,183,672,651,506,184,480,347,340,408,690,525,673,4034,610,685,537,200,198,208,187,494,720,588,203,593,208,427
SKACTIVEML_QBC,415,318,234,534,172,170,709,485,102,94,94,921,951,354,234,260,415,193,311,956,377,847,610,4034,905,384,100,92,100,74,353,782,615,69,769,85,534
SKACTIVEML_QBC_VOTE_ENTROPY,568,404,267,689,188,214,681,631,115,96,104,1152,1198,476,267,350,568,237,432,1231,460,1145,685,905,4034,418,110,119,136,107,423,969,931,103,1077,109,689
SKACTIVEML_QUIRE,269,949,148,192,589,584,438,543,366,379,392,386,412,682,148,808,269,588,561,425,900,451,537,384,418,4034,402,400,406,340,952,331,504,360,440,375,192
SKACTIVEML_US_ENTROPY,106,707,30,68,882,772,147,151,884,858,771,98,95,367,30,619,106,601,312,99,492,111,200,100,110,402,4034,3291,3147,684,387,100,173,785,87,935,68
SKACTIVEML_US_LC,108,709,30,65,918,816,141,137,804,902,819,92,87,362,30,646,108,616,295,93,504,126,198,92,119,400,3291,4034,3225,716,391,96,162,864,77,840,65
SKACTIVEML_US_MARGIN,104,699,31,66,825,906,151,157,684,830,942,110,106,378,31,694,104,644,327,99,492,121,208,100,136,406,3147,3225,4034,842,411,95,171,755,90,755,66
SMALLTEXT_BREAKINGTIES,108,591,29,47,1045,1450,132,116,712,807,908,96,90,317,29,580,108,969,420,93,450,121,187,74,107,340,684,716,842,4034,305,85,146,3128,57,3066,47
SMALLTEXT_CONTRASTIVEAL,384,811,183,219,526,494,624,730,416,379,389,387,364,696,183,782,384,529,591,412,739,456,494,353,423,952,387,391,411,305,4034,419,617,319,369,331,219
SMALLTEXT_EMBEDDINGKMEANS,459,342,170,557,194,189,1027,526,127,109,119,910,955,413,170,355,459,242,385,933,498,934,720,782,969,331,100,96,95,85,419,4034,767,82,1142,99,557
SMALLTEXT_GREEDYCORESET,1181,620,175,512,233,261,409,873,166,147,143,782,797,531,175,428,1181,276,588,856,533,876,588,615,931,504,173,162,171,146,617,767,4034,140,1035,167,512
SMALLTEXT_LEASTCONFIDENCE,106,625,24,54,1448,1037,129,132,814,934,819,90,79,343,24,591,106,773,347,88,485,114,203,69,103,360,785,864,755,3128,319,82,140,4034,65,3219,54
SMALLTEXT_LIGHTWEIGHTCORESET,598,389,205,617,140,134,535,721,105,83,84,1025,986,372,205,318,598,187,327,1059,382,1124,593,769,1077,440,87,77,90,57,369,1142,1035,65,4034,91,617
SMALLTEXT_PREDICTIONENTROPY,98,676,33,47,1121,983,139,140,950,940,814,95,90,316,33,562,98,724,352,93,493,109,208,85,109,375,935,840,755,3066,331,99,167,3219,91,4034,47
SMALLTEXT_RANDOM,426,208,173,4034,119,129,400,304,59,43,58,653,663,278,173,199,426,155,302,766,268,644,427,534,689,192,68,65,66,47,219,557,512,54,617,47,4034
