,ALIPY_CORESET_GREEDY,ALIPY_DENSITY_WEIGHTED,ALIPY_GRAPH_DENSITY,ALIPY_RANDOM,ALIPY_UNCERTAINTY_LC,ALIPY_UNCERTAINTY_MM,LIBACT_DWUS,LIBACT_QUIRE,LIBACT_UNCERTAINTY_ENT,LIBACT_UNCERTAINTY_LC,LIBACT_UNCERTAINTY_SM,OPTIMAL_GREEDY_10,OPTIMAL_GREEDY_20,PLAYGROUND_BANDIT,PLAYGROUND_GRAPH_DENSITY,PLAYGROUND_INFORMATIVE_DIVERSE,PLAYGROUND_KCENTER_GREEDY,PLAYGROUND_MARGIN,PLAYGROUND_MIXTURE,PLAYGROUND_UNIFORM,SKACTIVEML_COST_EMBEDDING,SKACTIVEML_DAL,SKACTIVEML_DWUS,SKACTIVEML_QBC,SKACTIVEML_QBC_VOTE_ENTROPY,SKACTIVEML_QUIRE,SKACTIVEML_US_ENTROPY,SKACTIVEML_US_LC,SKACTIVEML_US_MARGIN,SMALLTEXT_BREAKINGTIES,SMALLTEXT_CONTRASTIVEAL,SMALLTEXT_EMBEDDINGKMEANS,SMALLTEXT_GREEDYCORESET,SMALLTEXT_LEASTCONFIDENCE,SMALLTEXT_LIGHTWEIGHTCORESET,SMALLTEXT_PREDICTIONENTROPY,SMALLTEXT_RANDOM
ALIPY_CORESET_GREEDY,1.0,0.12964799206742686,0.1301437778879524,0.1346058502726822,0.08899355478433317,0.09395141298958849,0.04238968765493307,0.09444719881011403,0.07436787307882994,0.07362419434804164,0.07882994546355974,0.21343579573624194,0.20847793753098662,0.12047595438770452,0.1301437778879524,0.13634110064452157,0.9992563212692117,0.0984134853743183,0.15815567674764502,0.16187407040158652,0.12444224095190877,0.16187407040158652,0.07164105106593951,0.07511155180961825,0.146504709965295,0.10634605850272683,0.08279623202776401,0.08378780366881507,0.08155676747645017,0.07411998016856718,0.08651462568170551,0.12196331184928111,0.23971244422409518,0.07486365889935548,0.12320277640059495,0.07486365889935548,0.1346058502726822
ALIPY_DENSITY_WEIGHTED,0.12964799206742686,1.0,0.09122459097669806,0.09667823500247893,0.14253842340109074,0.13981160138820029,0.0406544372830937,0.10510659395141299,0.11799702528507684,0.12022806147744175,0.12196331184928111,0.11353495290034706,0.11080813088745661,0.1271690629647992,0.09122459097669806,0.13485374318294496,0.12964799206742686,0.12890431333663857,0.13237481408031732,0.10932077342588002,0.14105106593951414,0.11601388200297472,0.11725334655428855,0.06668319286068418,0.1065939514129896,0.1249380267724343,0.12989588497768964,0.13138324243926625,0.12667327714427368,0.124194348041646,0.08527516113039167,0.08527516113039167,0.11031234506693109,0.13262270699058007,0.11204759543877045,0.13634110064452157,0.09667823500247893
ALIPY_GRAPH_DENSITY,0.1301437778879524,0.09122459097669806,1.0,0.1633614278631631,0.06941001487357462,0.07387208725830441,0.06544372830937036,0.0518096182449182,0.06271690629647993,0.05577590480912246,0.06420426375805652,0.15865146256817056,0.1536936043629152,0.09791769955379276,1.0,0.0969261279127417,0.1301437778879524,0.07139315815567675,0.12171541893901834,0.20971740208230044,0.10808130887456618,0.1707982151710461,0.0850272682201289,0.0880019831432821,0.21393158155676748,0.07783837382250867,0.06420426375805652,0.059742191373326724,0.06296479920674268,0.06395637084779375,0.05577590480912246,0.1412989588497769,0.15220624690133863,0.06048587010411502,0.1789786812097174,0.06519583539910759,0.1633614278631631
ALIPY_RANDOM,0.1346058502726822,0.09667823500247893,0.1633614278631631,1.0,0.08998512642538424,0.09568666336142786,0.050322260783341594,0.0768468021814576,0.08081308874566187,0.07709469509172037,0.08230044620723848,0.2107089737233515,0.20128904313336637,0.13039167079821518,0.1633614278631631,0.14377788795240456,0.13510163609320774,0.11080813088745661,0.15939514129895885,0.27491323748140806,0.13237481408031732,0.22384729796727815,0.0954387704511651,0.1212196331184928,0.28383738225086763,0.09568666336142786,0.08279623202776401,0.08899355478433317,0.08998512642538424,0.090233019335647,0.06891422905304909,0.20971740208230044,0.17129400099157163,0.08824987605354487,0.26078334159643035,0.08304412493802678,1.0
ALIPY_UNCERTAINTY_LC,0.08899355478433317,0.14253842340109074,0.06941001487357462,0.08998512642538424,1.0,0.7801189885969261,0.02454139811601388,0.03966286564204264,0.23772930094199307,0.28011898859692613,0.22384729796727815,0.1536936043629152,0.1588993554784333,0.24863658899355479,0.06941001487357462,0.22905304908279622,0.08924144769459594,0.29077838373822507,0.24020823004462072,0.11254338125929599,0.18666336142786316,0.11675756073376302,0.08006941001487357,0.05428854734754586,0.0999008428358949,0.10783341596430342,0.2555775904809122,0.2937530986613783,0.24194348041646008,0.31680713931581556,0.051065939514129896,0.07659890927119484,0.09072880515617253,0.43133366385721367,0.10188398611799702,0.341844323252355,0.08998512642538424
ALIPY_UNCERTAINTY_MM,0.09395141298958849,0.13981160138820029,0.07387208725830441,0.09568666336142786,0.7801189885969261,1.0,0.03024293505205751,0.03867129400099157,0.19955379276152702,0.22880515617253347,0.2825979176995538,0.16831928606841845,0.1722855726326227,0.270699058006941,0.07387208725830441,0.23624194348041647,0.09419930589985126,0.3438274665344571,0.26896380763510164,0.11898859692612791,0.1849281110560238,0.12469013386217154,0.07858205255329698,0.06023797719385226,0.1036192364898364,0.10386712940009915,0.22806147744174515,0.23921665840356965,0.2850768468021815,0.4328210213187903,0.04784333168071393,0.08329201784828955,0.08601883986117997,0.3158155676747645,0.10956866633614279,0.2885473475458602,0.09568666336142786
LIBACT_DWUS,0.04238968765493307,0.0406544372830937,0.06544372830937036,0.050322260783341594,0.02454139811601388,0.03024293505205751,1.0,0.06370847793753098,0.025780862667327716,0.02454139811601388,0.02949925632126921,0.029251363411006447,0.02751611303916708,0.030986613782845812,0.06544372830937036,0.026276648487853247,0.04238968765493307,0.02602875557759048,0.034209221616261776,0.06296479920674268,0.03520079325731284,0.0443728309370352,0.07411998016856718,0.05404065443728309,0.06990580069410014,0.04685176003966286,0.026772434308378782,0.025780862667327716,0.028507684680218144,0.025037183936539417,0.08180466038671294,0.08998512642538424,0.05057015369360436,0.020079325731284084,0.0532969757064948,0.022062469013386217,0.050322260783341594
LIBACT_QUIRE,0.09444719881011403,0.10510659395141299,0.0518096182449182,0.0768468021814576,0.03966286564204264,0.03867129400099157,0.06370847793753098,1.0,0.04090233019335647,0.037927615270203274,0.03743182944967774,0.057263262270699056,0.059742191373326724,0.04833911750123947,0.0518096182449182,0.04933068914229053,0.09419930589985126,0.04462072384729797,0.06296479920674268,0.08626673277144274,0.06271690629647993,0.08849776896380764,0.06073376301437779,0.07337630143777887,0.08899355478433317,0.10981655924640556,0.03668815071888944,0.03445711452652454,0.03445711452652454,0.03495290034705007,0.10634605850272683,0.07089737233515121,0.0946950917203768,0.03668815071888944,0.0991571641051066,0.03966286564204264,0.0768468021814576
LIBACT_UNCERTAINTY_ENT,0.07436787307882994,0.11799702528507684,0.06271690629647993,0.08081308874566187,0.23772930094199307,0.19955379276152702,0.025780862667327716,0.04090233019335647,1.0,0.8063956370847793,0.7563212692117005,0.1412989588497769,0.14452156668319285,0.17476450173525038,0.06271690629647993,0.20500743678730787,0.07436787307882994,0.17773921665840356,0.1685671789786812,0.11254338125929599,0.15964303420922163,0.1028755577590481,0.08180466038671294,0.040406544372830935,0.09568666336142786,0.08279623202776401,0.26846802181457613,0.21988101140307387,0.19732275656916212,0.26450173525037185,0.057263262270699056,0.08279623202776401,0.0850272682201289,0.2989588497768964,0.0924640555280119,0.34258800198314326,0.08081308874566187
LIBACT_UNCERTAINTY_LC,0.07362419434804164,0.12022806147744175,0.05577590480912246,0.07709469509172037,0.28011898859692613,0.22880515617253347,0.02454139811601388,0.037927615270203274,0.8063956370847793,1.0,0.7863163113534953,0.1412989588497769,0.14476945959345563,0.1849281110560238,0.05577590480912246,0.21839365394149726,0.07387208725830441,0.20128904313336637,0.18517600396628656,0.10014873574615767,0.16187407040158652,0.10386712940009915,0.0813088745661874,0.037927615270203274,0.0932077342588002,0.08106098165592464,0.23103619236489836,0.26524541398116014,0.21740208230044622,0.28805156172533464,0.04610808130887457,0.07734258800198314,0.08155676747645017,0.3455627169062965,0.0932077342588002,0.3068914229053049,0.07709469509172037
LIBACT_UNCERTAINTY_SM,0.07882994546355974,0.12196331184928111,0.06420426375805652,0.08230044620723848,0.22384729796727815,0.2825979176995538,0.02949925632126921,0.03743182944967774,0.7563212692117005,0.7863163113534953,1.0,0.1502231036192365,0.15195835399107585,0.19558750619732276,0.06420426375805652,0.2263262270699058,0.07907783837382251,0.2114526524541398,0.19707486365889937,0.10758552305404065,0.16360932077342588,0.10535448686167576,0.08205255329697571,0.04709965294992563,0.09370352007932573,0.07957362419434805,0.1983143282102132,0.20872583044124937,0.2635101636093208,0.3403569657907784,0.0428854734754586,0.07882994546355974,0.08304412493802678,0.2818542389687655,0.0991571641051066,0.27615270203272185,0.08230044620723848
OPTIMAL_GREEDY_10,0.21343579573624194,0.11353495290034706,0.15865146256817056,0.2107089737233515,0.1536936043629152,0.16831928606841845,0.029251363411006447,0.057263262270699056,0.1412989588497769,0.1412989588497769,0.1502231036192365,1.0,0.7270699058006941,0.24541398116013882,0.15865146256817056,0.29028259791769956,0.21393158155676748,0.2211204759543877,0.32374814080317305,0.24392662369856222,0.1849281110560238,0.21641051065939515,0.06742687159147248,0.10932077342588002,0.23252354982647497,0.12270699058006941,0.1576598909271195,0.16236985622211206,0.1737729300941993,0.16435299950421417,0.06346058502726822,0.22087258304412494,0.1294000991571641,0.15493306891422906,0.22136836886465047,0.1479920674268716,0.2107089737233515
OPTIMAL_GREEDY_20,0.20847793753098662,0.11080813088745661,0.1536936043629152,0.20128904313336637,0.1588993554784333,0.1722855726326227,0.02751611303916708,0.059742191373326724,0.14452156668319285,0.14476945959345563,0.15195835399107585,0.7270699058006941,1.0,0.24863658899355479,0.1536936043629152,0.29400099157164106,0.20847793753098662,0.23177987109568665,0.3177987109568666,0.23326722855726326,0.17773921665840356,0.20847793753098662,0.06420426375805652,0.10585027268220129,0.22607833415964304,0.12369856222112048,0.16435299950421417,0.1737729300941993,0.180466038671294,0.17178978681209717,0.06618740704015866,0.21864154685176004,0.124194348041646,0.15567674764501735,0.20897372335151215,0.14972731779871096,0.20128904313336637
PLAYGROUND_BANDIT,0.12047595438770452,0.1271690629647992,0.09791769955379276,0.13039167079821518,0.24863658899355479,0.270699058006941,0.030986613782845812,0.04833911750123947,0.17476450173525038,0.1849281110560238,0.19558750619732276,0.24541398116013882,0.24863658899355479,1.0,0.09791769955379276,0.44496777392166587,0.12072384729796728,0.6487357461576599,0.47620228061477443,0.16881507188894398,0.3026772434308379,0.15047099652949925,0.07213683688646505,0.08155676747645017,0.1360932077342588,0.1574119980168567,0.1782350024789291,0.1864154685176004,0.20104115022310362,0.25334655428854735,0.06271690629647993,0.10312345066931086,0.09890927119484383,0.2285572632622707,0.13287059990084282,0.21467526028755576,0.13039167079821518
PLAYGROUND_GRAPH_DENSITY,0.1301437778879524,0.09122459097669806,1.0,0.1633614278631631,0.06941001487357462,0.07387208725830441,0.06544372830937036,0.0518096182449182,0.06271690629647993,0.05577590480912246,0.06420426375805652,0.15865146256817056,0.1536936043629152,0.09791769955379276,1.0,0.0969261279127417,0.1301437778879524,0.07139315815567675,0.12171541893901834,0.20971740208230044,0.10808130887456618,0.1707982151710461,0.0850272682201289,0.0880019831432821,0.21393158155676748,0.07783837382250867,0.06420426375805652,0.059742191373326724,0.06296479920674268,0.06395637084779375,0.05577590480912246,0.1412989588497769,0.15220624690133863,0.06048587010411502,0.1789786812097174,0.06519583539910759,0.1633614278631631
PLAYGROUND_INFORMATIVE_DIVERSE,0.13634110064452157,0.13485374318294496,0.0969261279127417,0.14377788795240456,0.22905304908279622,0.23624194348041647,0.026276648487853247,0.04933068914229053,0.20500743678730787,0.21839365394149726,0.2263262270699058,0.29028259791769956,0.29400099157164106,0.44496777392166587,0.0969261279127417,1.0,0.13658899355478432,0.4548834903321765,0.43083787803668816,0.16410510659395142,0.25731284085275163,0.14724838869608328,0.07932573128408528,0.08651462568170551,0.14972731779871096,0.14352999504214178,0.20376797223599405,0.21715418939018344,0.2337630143777888,0.22508676251859197,0.06246901338621715,0.11898859692612791,0.10386712940009915,0.21467526028755576,0.15245413981160139,0.20500743678730787,0.14377788795240456
PLAYGROUND_KCENTER_GREEDY,0.9992563212692117,0.12964799206742686,0.1301437778879524,0.13510163609320774,0.08924144769459594,0.09419930589985126,0.04238968765493307,0.09419930589985126,0.07436787307882994,0.07387208725830441,0.07907783837382251,0.21393158155676748,0.20847793753098662,0.12072384729796728,0.1301437778879524,0.13658899355478432,1.0,0.09866137828458106,0.15840356965790778,0.16212196331184928,0.12444224095190877,0.16212196331184928,0.07188894397620228,0.07535944471988101,0.14724838869608328,0.10634605850272683,0.08304412493802678,0.0842835894893406,0.08180466038671294,0.07436787307882994,0.08651462568170551,0.12171541893901834,0.23971244422409518,0.07511155180961825,0.12369856222112048,0.07486365889935548,0.13510163609320774
PLAYGROUND_MARGIN,0.0984134853743183,0.12890431333663857,0.07139315815567675,0.11080813088745661,0.29077838373822507,0.3438274665344571,0.02602875557759048,0.04462072384729797,0.17773921665840356,0.20128904313336637,0.2114526524541398,0.2211204759543877,0.23177987109568665,0.6487357461576599,0.07139315815567675,0.4548834903321765,0.09866137828458106,1.0,0.522310361923649,0.13039167079821518,0.2915220624690134,0.11973227565691621,0.07535944471988101,0.08106098165592464,0.11477441745166088,0.1517104610808131,0.19186911254338126,0.2035200793257313,0.21467526028755576,0.3321764997521071,0.056023797719385225,0.08701041150223103,0.08477937530986614,0.28011898859692613,0.11750123946455131,0.2580565195835399,0.11080813088745661
PLAYGROUND_MIXTURE,0.15815567674764502,0.13237481408031732,0.12171541893901834,0.15939514129895885,0.24020823004462072,0.26896380763510164,0.034209221616261776,0.06296479920674268,0.1685671789786812,0.18517600396628656,0.19707486365889937,0.32374814080317305,0.3177987109568666,0.47620228061477443,0.12171541893901834,0.43083787803668816,0.15840356965790778,0.522310361923649,1.0,0.21864154685176004,0.2506197322756569,0.17203767972235995,0.07312840852751612,0.09568666336142786,0.17699553792761527,0.14080317302925136,0.18468021814576102,0.1943480416460089,0.20252850768468023,0.24343083787803668,0.06544372830937036,0.14774417451660882,0.11626177491323748,0.22136836886465047,0.16831928606841845,0.20649479424888448,0.15939514129895885
PLAYGROUND_UNIFORM,0.16187407040158652,0.10932077342588002,0.20971740208230044,0.27491323748140806,0.11254338125929599,0.11898859692612791,0.06296479920674268,0.08626673277144274,0.11254338125929599,0.10014873574615767,0.10758552305404065,0.24392662369856222,0.23326722855726326,0.16881507188894398,0.20971740208230044,0.16410510659395142,0.16212196331184928,0.13039167079821518,0.21864154685176004,1.0,0.15691621219633117,0.248388696083292,0.10857709469509172,0.14080317302925136,0.3182944967773922,0.11477441745166088,0.10932077342588002,0.11279127416955875,0.11675756073376302,0.11006445215666832,0.09221616261774913,0.2270699058006941,0.1760039662865642,0.10262766484878533,0.2811105602379772,0.10014873574615767,0.27491323748140806
SKACTIVEML_COST_EMBEDDING,0.12444224095190877,0.14105106593951414,0.10808130887456618,0.13237481408031732,0.18666336142786316,0.1849281110560238,0.03520079325731284,0.06271690629647993,0.15964303420922163,0.16187407040158652,0.16360932077342588,0.1849281110560238,0.17773921665840356,0.3026772434308379,0.10808130887456618,0.25731284085275163,0.12444224095190877,0.2915220624690134,0.2506197322756569,0.15691621219633117,1.0,0.15146256817055032,0.08824987605354487,0.0894893406048587,0.15096678235002478,0.1588993554784333,0.17625185919682698,0.17873078829945463,0.1789786812097174,0.17724343083787802,0.06618740704015866,0.10386712940009915,0.12022806147744175,0.18170550322260784,0.1457610312345067,0.17873078829945463,0.13237481408031732
SKACTIVEML_DAL,0.16187407040158652,0.11601388200297472,0.1707982151710461,0.22384729796727815,0.11675756073376302,0.12469013386217154,0.0443728309370352,0.08849776896380764,0.1028755577590481,0.10386712940009915,0.10535448686167576,0.21641051065939515,0.20847793753098662,0.15047099652949925,0.1707982151710461,0.14724838869608328,0.16212196331184928,0.11973227565691621,0.17203767972235995,0.248388696083292,0.15146256817055032,1.0,0.1036192364898364,0.11527020327218641,0.25334655428854735,0.10832920178482895,0.10510659395141299,0.10882498760535449,0.10956866633614279,0.10733763014377788,0.09221616261774913,0.17625185919682698,0.16732771442736738,0.10708973723351513,0.23648983639067922,0.1036192364898364,0.22384729796727815
SKACTIVEML_DWUS,0.07164105106593951,0.11725334655428855,0.0850272682201289,0.0954387704511651,0.08006941001487357,0.07858205255329698,0.07411998016856718,0.06073376301437779,0.08180466038671294,0.0813088745661874,0.08205255329697571,0.06742687159147248,0.06420426375805652,0.07213683688646505,0.0850272682201289,0.07932573128408528,0.07188894397620228,0.07535944471988101,0.07312840852751612,0.10857709469509172,0.08824987605354487,0.1036192364898364,1.0,0.08279623202776401,0.11105602379771938,0.07114526524541398,0.08230044620723848,0.08180466038671294,0.0857709469509172,0.07089737233515121,0.060981655924640554,0.0835399107585523,0.09048091224590976,0.07238472979672782,0.11056023797719385,0.07263262270699058,0.0954387704511651
SKACTIVEML_QBC,0.07511155180961825,0.06668319286068418,0.0880019831432821,0.1212196331184928,0.05428854734754586,0.06023797719385226,0.05404065443728309,0.07337630143777887,0.040406544372830935,0.037927615270203274,0.04709965294992563,0.10932077342588002,0.10585027268220129,0.08155676747645017,0.0880019831432821,0.08651462568170551,0.07535944471988101,0.08106098165592464,0.09568666336142786,0.14080317302925136,0.0894893406048587,0.11527020327218641,0.08279623202776401,1.0,0.15121467526028756,0.09742191373326722,0.05205751115518096,0.0532969757064948,0.06023797719385226,0.05304908279623203,0.0894893406048587,0.12245909766980664,0.09221616261774913,0.048834903321764996,0.124194348041646,0.05007436787307883,0.1212196331184928
SKACTIVEML_QBC_VOTE_ENTROPY,0.146504709965295,0.1065939514129896,0.21393158155676748,0.28383738225086763,0.0999008428358949,0.1036192364898364,0.06990580069410014,0.08899355478433317,0.09568666336142786,0.0932077342588002,0.09370352007932573,0.23252354982647497,0.22607833415964304,0.1360932077342588,0.21393158155676748,0.14972731779871096,0.14724838869608328,0.11477441745166088,0.17699553792761527,0.3182944967773922,0.15096678235002478,0.25334655428854735,0.11105602379771938,0.15121467526028756,1.0,0.10436291522062469,0.09643034209221617,0.10039662865642042,0.10237977193852256,0.09271194843827467,0.08031730292513634,0.2315319781854239,0.18790282597917699,0.08899355478433317,0.27268220128904314,0.08824987605354487,0.28383738225086763
SKACTIVEML_QUIRE,0.10634605850272683,0.1249380267724343,0.07783837382250867,0.09568666336142786,0.10783341596430342,0.10386712940009915,0.04685176003966286,0.10981655924640556,0.08279623202776401,0.08106098165592464,0.07957362419434805,0.12270699058006941,0.12369856222112048,0.1574119980168567,0.07783837382250867,0.14352999504214178,0.10634605850272683,0.1517104610808131,0.14080317302925136,0.11477441745166088,0.1588993554784333,0.10832920178482895,0.07114526524541398,0.09742191373326722,0.10436291522062469,1.0,0.0924640555280119,0.08973723351512147,0.08824987605354487,0.0924640555280119,0.10262766484878533,0.07461576598909271,0.1028755577590481,0.09519087754090233,0.10932077342588002,0.09766980664352999,0.09568666336142786
SKACTIVEML_US_ENTROPY,0.08279623202776401,0.12989588497768964,0.06420426375805652,0.08279623202776401,0.2555775904809122,0.22806147744174515,0.026772434308378782,0.03668815071888944,0.26846802181457613,0.23103619236489836,0.1983143282102132,0.1576598909271195,0.16435299950421417,0.1782350024789291,0.06420426375805652,0.20376797223599405,0.08304412493802678,0.19186911254338126,0.18468021814576102,0.10932077342588002,0.17625185919682698,0.10510659395141299,0.08230044620723848,0.05205751115518096,0.09643034209221617,0.0924640555280119,1.0,0.8125929598413485,0.7615270203272186,0.20674268715914726,0.05230540406544373,0.07040158651462568,0.08329201784828955,0.23277144273673772,0.09816559246405553,0.28135845314824,0.08279623202776401
SKACTIVEML_US_LC,0.08378780366881507,0.13138324243926625,0.059742191373326724,0.08899355478433317,0.2937530986613783,0.23921665840356965,0.025780862667327716,0.03445711452652454,0.21988101140307387,0.26524541398116014,0.20872583044124937,0.16236985622211206,0.1737729300941993,0.1864154685176004,0.059742191373326724,0.21715418939018344,0.0842835894893406,0.2035200793257313,0.1943480416460089,0.11279127416955875,0.17873078829945463,0.10882498760535449,0.08180466038671294,0.0532969757064948,0.10039662865642042,0.08973723351512147,0.8125929598413485,1.0,0.7865642042637581,0.21839365394149726,0.04933068914229053,0.07114526524541398,0.0813088745661874,0.2734258800198314,0.10114030738720872,0.23401090728805157,0.08899355478433317
SKACTIVEML_US_MARGIN,0.08155676747645017,0.12667327714427368,0.06296479920674268,0.08998512642538424,0.24194348041646008,0.2850768468021815,0.028507684680218144,0.03445711452652454,0.19732275656916212,0.21740208230044622,0.2635101636093208,0.1737729300941993,0.180466038671294,0.20104115022310362,0.06296479920674268,0.2337630143777888,0.08180466038671294,0.21467526028755576,0.20252850768468023,0.11675756073376302,0.1789786812097174,0.10956866633614279,0.0857709469509172,0.06023797719385226,0.10237977193852256,0.08824987605354487,0.7615270203272186,0.7865642042637581,1.0,0.26896380763510164,0.04709965294992563,0.07535944471988101,0.07833415964303421,0.2203767972235994,0.1036192364898364,0.20525532969757065,0.08998512642538424
SMALLTEXT_BREAKINGTIES,0.07411998016856718,0.124194348041646,0.06395637084779375,0.090233019335647,0.31680713931581556,0.4328210213187903,0.025037183936539417,0.03495290034705007,0.26450173525037185,0.28805156172533464,0.3403569657907784,0.16435299950421417,0.17178978681209717,0.25334655428854735,0.06395637084779375,0.22508676251859197,0.07436787307882994,0.3321764997521071,0.24343083787803668,0.11006445215666832,0.17724343083787802,0.10733763014377788,0.07089737233515121,0.05304908279623203,0.09271194843827467,0.0924640555280119,0.20674268715914726,0.21839365394149726,0.26896380763510164,1.0,0.04784333168071393,0.0857709469509172,0.08031730292513634,0.7860684184432325,0.10089241447694595,0.7602875557759048,0.090233019335647
SMALLTEXT_CONTRASTIVEAL,0.08651462568170551,0.08527516113039167,0.05577590480912246,0.06891422905304909,0.051065939514129896,0.04784333168071393,0.08180466038671294,0.10634605850272683,0.057263262270699056,0.04610808130887457,0.0428854734754586,0.06346058502726822,0.06618740704015866,0.06271690629647993,0.05577590480912246,0.06246901338621715,0.08651462568170551,0.056023797719385225,0.06544372830937036,0.09221616261774913,0.06618740704015866,0.09221616261774913,0.060981655924640554,0.0894893406048587,0.08031730292513634,0.10262766484878533,0.05230540406544373,0.04933068914229053,0.04709965294992563,0.04784333168071393,1.0,0.09072880515617253,0.0969261279127417,0.051313832424392664,0.0842835894893406,0.053792761527020325,0.06891422905304909
SMALLTEXT_EMBEDDINGKMEANS,0.12196331184928111,0.08527516113039167,0.1412989588497769,0.20971740208230044,0.07659890927119484,0.08329201784828955,0.08998512642538424,0.07089737233515121,0.08279623202776401,0.07734258800198314,0.07882994546355974,0.22087258304412494,0.21864154685176004,0.10312345066931086,0.1412989588497769,0.11898859692612791,0.12171541893901834,0.08701041150223103,0.14774417451660882,0.2270699058006941,0.10386712940009915,0.17625185919682698,0.0835399107585523,0.12245909766980664,0.2315319781854239,0.07461576598909271,0.07040158651462568,0.07114526524541398,0.07535944471988101,0.0857709469509172,0.09072880515617253,1.0,0.14749628160634606,0.07560733763014378,0.22806147744174515,0.07511155180961825,0.20971740208230044
SMALLTEXT_GREEDYCORESET,0.23971244422409518,0.11031234506693109,0.15220624690133863,0.17129400099157163,0.09072880515617253,0.08601883986117997,0.05057015369360436,0.0946950917203768,0.0850272682201289,0.08155676747645017,0.08304412493802678,0.1294000991571641,0.124194348041646,0.09890927119484383,0.15220624690133863,0.10386712940009915,0.23971244422409518,0.08477937530986614,0.11626177491323748,0.1760039662865642,0.12022806147744175,0.16732771442736738,0.09048091224590976,0.09221616261774913,0.18790282597917699,0.1028755577590481,0.08329201784828955,0.0813088745661874,0.07833415964303421,0.08031730292513634,0.0969261279127417,0.14749628160634606,1.0,0.0872583044124938,0.18542389687654934,0.0924640555280119,0.17129400099157163
SMALLTEXT_LEASTCONFIDENCE,0.07486365889935548,0.13262270699058007,0.06048587010411502,0.08824987605354487,0.43133366385721367,0.3158155676747645,0.020079325731284084,0.03668815071888944,0.2989588497768964,0.3455627169062965,0.2818542389687655,0.15493306891422906,0.15567674764501735,0.2285572632622707,0.06048587010411502,0.21467526028755576,0.07511155180961825,0.28011898859692613,0.22136836886465047,0.10262766484878533,0.18170550322260784,0.10708973723351513,0.07238472979672782,0.048834903321764996,0.08899355478433317,0.09519087754090233,0.23277144273673772,0.2734258800198314,0.2203767972235994,0.7860684184432325,0.051313832424392664,0.07560733763014378,0.0872583044124938,1.0,0.09395141298958849,0.8078829945463559,0.08824987605354487
SMALLTEXT_LIGHTWEIGHTCORESET,0.12320277640059495,0.11204759543877045,0.1789786812097174,0.26078334159643035,0.10188398611799702,0.10956866633614279,0.0532969757064948,0.0991571641051066,0.0924640555280119,0.0932077342588002,0.0991571641051066,0.22136836886465047,0.20897372335151215,0.13287059990084282,0.1789786812097174,0.15245413981160139,0.12369856222112048,0.11750123946455131,0.16831928606841845,0.2811105602379772,0.1457610312345067,0.23648983639067922,0.11056023797719385,0.124194348041646,0.27268220128904314,0.10932077342588002,0.09816559246405553,0.10114030738720872,0.1036192364898364,0.10089241447694595,0.0842835894893406,0.22806147744174515,0.18542389687654934,0.09395141298958849,1.0,0.09048091224590976,0.26078334159643035
SMALLTEXT_PREDICTIONENTROPY,0.07486365889935548,0.13634110064452157,0.06519583539910759,0.08304412493802678,0.341844323252355,0.2885473475458602,0.022062469013386217,0.03966286564204264,0.34258800198314326,0.3068914229053049,0.27615270203272185,0.1479920674268716,0.14972731779871096,0.21467526028755576,0.06519583539910759,0.20500743678730787,0.07486365889935548,0.2580565195835399,0.20649479424888448,0.10014873574615767,0.17873078829945463,0.1036192364898364,0.07263262270699058,0.05007436787307883,0.08824987605354487,0.09766980664352999,0.28135845314824,0.23401090728805157,0.20525532969757065,0.7602875557759048,0.053792761527020325,0.07511155180961825,0.0924640555280119,0.8078829945463559,0.09048091224590976,1.0,0.08304412493802678
SMALLTEXT_RANDOM,0.1346058502726822,0.09667823500247893,0.1633614278631631,1.0,0.08998512642538424,0.09568666336142786,0.050322260783341594,0.0768468021814576,0.08081308874566187,0.07709469509172037,0.08230044620723848,0.2107089737233515,0.20128904313336637,0.13039167079821518,0.1633614278631631,0.14377788795240456,0.13510163609320774,0.11080813088745661,0.15939514129895885,0.27491323748140806,0.13237481408031732,0.22384729796727815,0.0954387704511651,0.1212196331184928,0.28383738225086763,0.09568666336142786,0.08279623202776401,0.08899355478433317,0.08998512642538424,0.090233019335647,0.06891422905304909,0.20971740208230044,0.17129400099157163,0.08824987605354487,0.26078334159643035,0.08304412493802678,1.0
