,ALIPY_CORESET_GREEDY,ALIPY_DENSITY_WEIGHTED,ALIPY_GRAPH_DENSITY,ALIPY_RANDOM,ALIPY_UNCERTAINTY_LC,ALIPY_UNCERTAINTY_MM,LIBACT_DWUS,LIBACT_QUIRE,LIBACT_UNCERTAINTY_ENT,LIBACT_UNCERTAINTY_LC,LIBACT_UNCERTAINTY_SM,OPTIMAL_GREEDY_10,OPTIMAL_GREEDY_20,PLAYGROUND_BANDIT,PLAYGROUND_GRAPH_DENSITY,PLAYGROUND_INFORMATIVE_DIVERSE,PLAYGROUND_KCENTER_GREEDY,PLAYGROUND_MARGIN,PLAYGROUND_MIXTURE,PLAYGROUND_UNIFORM,SKACTIVEML_COST_EMBEDDING,SKACTIVEML_DAL,SKACTIVEML_DWUS,SKACTIVEML_QBC,SKACTIVEML_QBC_VOTE_ENTROPY,SKACTIVEML_QUIRE,SKACTIVEML_US_ENTROPY,SKACTIVEML_US_LC,SKACTIVEML_US_MARGIN,SMALLTEXT_BREAKINGTIES,SMALLTEXT_CONTRASTIVEAL,SMALLTEXT_EMBEDDINGKMEANS,SMALLTEXT_GREEDYCORESET,SMALLTEXT_LEASTCONFIDENCE,SMALLTEXT_LIGHTWEIGHTCORESET,SMALLTEXT_PREDICTIONENTROPY,SMALLTEXT_RANDOM
ALIPY_CORESET_GREEDY,1.0,0.1212196331184928,0.1338621715418939,0.13237481408031732,0.08230044620723848,0.08651462568170551,0.0473475458601884,0.08155676747645017,0.06494794248884482,0.06891422905304909,0.07387208725830441,0.19781854238968766,0.18889439762022806,0.11849281110560238,0.1338621715418939,0.11799702528507684,0.9992563212692117,0.08750619732275657,0.14526524541398117,0.1626177491323748,0.12072384729796728,0.15865146256817056,0.07288051561725335,0.07337630143777887,0.15121467526028756,0.11080813088745661,0.07312840852751612,0.07882994546355974,0.07461576598909271,0.07635101636093208,0.08205255329697571,0.10485870104115022,0.2322756569162122,0.07759048091224591,0.12890431333663857,0.07337630143777887,0.13237481408031732
ALIPY_DENSITY_WEIGHTED,0.1212196331184928,1.0,0.07511155180961825,0.09593455627169063,0.14105106593951414,0.13138324243926625,0.045364402578086264,0.09494298463063956,0.11874070401586515,0.11824491819533961,0.11725334655428855,0.0969261279127417,0.0984134853743183,0.1346058502726822,0.07511155180961825,0.1375805651958354,0.12146752602875557,0.1264253842340109,0.13237481408031732,0.10436291522062469,0.1479920674268716,0.11006445215666832,0.12617749132374814,0.06073376301437779,0.10213187902825979,0.13956370847793753,0.139067922657412,0.13361427863163114,0.13435795736241943,0.11725334655428855,0.07436787307882994,0.07362419434804164,0.1036192364898364,0.12865642042637582,0.11031234506693109,0.13187902825979178,0.09568666336142786
ALIPY_GRAPH_DENSITY,0.1338621715418939,0.07511155180961825,1.0,0.19360436291522062,0.07015369360436291,0.07585523054040655,0.06073376301437779,0.03445711452652454,0.06618740704015866,0.059742191373326724,0.07139315815567675,0.15642042637580567,0.14303420922161625,0.11056023797719385,1.0,0.10138820029747149,0.13411006445215667,0.08477937530986614,0.13510163609320774,0.23847297967278136,0.10708973723351513,0.17848289538919188,0.09048091224590976,0.0969261279127417,0.2337630143777888,0.06965790778383739,0.07040158651462568,0.06841844323252355,0.07263262270699058,0.07188894397620228,0.04933068914229053,0.1442736737729301,0.14972731779871096,0.06569162121963312,0.18591968269707487,0.06965790778383739,0.19360436291522062
ALIPY_RANDOM,0.13237481408031732,0.09593455627169063,0.19360436291522062,1.0,0.08527516113039167,0.09370352007932573,0.0532969757064948,0.07312840852751612,0.07659890927119484,0.07337630143777887,0.08279623202776401,0.20624690133862172,0.19657907783837383,0.12840852751611304,0.19360436291522062,0.1375805651958354,0.13287059990084282,0.10808130887456618,0.16311353495290035,0.2925136341100645,0.1338621715418939,0.2389687654933069,0.10609816559246406,0.12221120475954388,0.307882994546356,0.09271194843827467,0.08180466038671294,0.0842835894893406,0.08998512642538424,0.08254833911750124,0.06073376301437779,0.2129400099157164,0.16236985622211206,0.0768468021814576,0.26474962816063463,0.07535944471988101,0.9997521070897373
ALIPY_UNCERTAINTY_LC,0.08230044620723848,0.14105106593951414,0.07015369360436291,0.08527516113039167,1.0,0.7845810609816559,0.02751611303916708,0.03495290034705007,0.23946455131383243,0.28681209717402084,0.22806147744174515,0.15319781854238967,0.15344571145265246,0.2588001983143282,0.07015369360436291,0.23698562221120476,0.08254833911750124,0.31755081804660384,0.2513634110064452,0.11006445215666832,0.1998016856717898,0.10932077342588002,0.08849776896380764,0.05057015369360436,0.09494298463063956,0.10138820029747149,0.27863163113534956,0.3143282102131879,0.2583044124938027,0.32350024789291026,0.0480912245909767,0.07486365889935548,0.08329201784828955,0.4372830937035201,0.09593455627169063,0.34655428854734754,0.0850272682201289
ALIPY_UNCERTAINTY_MM,0.08651462568170551,0.13138324243926625,0.07585523054040655,0.09370352007932573,0.7845810609816559,1.0,0.03371343579573624,0.03371343579573624,0.2020327218641547,0.22806147744174515,0.2825979176995538,0.16460089241447695,0.16534457114526524,0.27565691621219635,0.07585523054040655,0.24739712444224096,0.08676251859196826,0.36812097174020825,0.2778879524045612,0.11923648983639068,0.19484382746653445,0.11179970252850768,0.08651462568170551,0.05627169062964799,0.10461080813088745,0.09965294992563213,0.24020823004462072,0.25359444719881014,0.30862667327714427,0.4400099157164105,0.0458601883986118,0.07957362419434805,0.08254833911750124,0.31978185423896877,0.10684184432325236,0.28805156172533464,0.09345562716906297
LIBACT_DWUS,0.0473475458601884,0.045364402578086264,0.06073376301437779,0.0532969757064948,0.02751611303916708,0.03371343579573624,1.0,0.07114526524541398,0.02330193356470005,0.022062469013386217,0.027268220128904314,0.02825979176995538,0.025532969757064948,0.02875557759048091,0.06073376301437779,0.025037183936539417,0.0473475458601884,0.029251363411006447,0.030738720872583045,0.06147744174516609,0.0384234010907288,0.05280118988596926,0.1028755577590481,0.07659890927119484,0.07263262270699058,0.05081804660386713,0.02875557759048091,0.025780862667327716,0.03173029251363411,0.028011898859692613,0.06296479920674268,0.11452652454139811,0.03743182944967774,0.02330193356470005,0.058254833911750126,0.02528507684680218,0.0532969757064948
LIBACT_QUIRE,0.08155676747645017,0.09494298463063956,0.03445711452652454,0.07312840852751612,0.03495290034705007,0.03371343579573624,0.07114526524541398,1.0,0.03222607833415964,0.02900347050074368,0.03222607833415964,0.050322260783341594,0.04833911750123947,0.043877045116509666,0.03445711452652454,0.0428854734754586,0.08155676747645017,0.03520079325731284,0.04709965294992563,0.07858205255329698,0.054784333168071395,0.07213683688646505,0.05280118988596926,0.07486365889935548,0.08081308874566187,0.10832920178482895,0.02478929102627665,0.02528507684680218,0.02602875557759048,0.030490827962320277,0.10064452156668319,0.08230044620723848,0.0954387704511651,0.030986613782845812,0.09221616261774913,0.030490827962320277,0.07312840852751612
LIBACT_UNCERTAINTY_ENT,0.06494794248884482,0.11874070401586515,0.06618740704015866,0.07659890927119484,0.23946455131383243,0.2020327218641547,0.02330193356470005,0.03222607833415964,1.0,0.8128408527516113,0.7560733763014378,0.13435795736241943,0.13411006445215667,0.17253346554288548,0.06618740704015866,0.20302429350520576,0.06494794248884482,0.17501239464551313,0.16385721368368864,0.10014873574615767,0.16212196331184928,0.09940505701536936,0.08329201784828955,0.043877045116509666,0.0969261279127417,0.08329201784828955,0.2721864154685176,0.22533465542885472,0.19360436291522062,0.2736737729300942,0.05627169062964799,0.06693108577094695,0.08031730292513634,0.3083787803668815,0.09444719881011403,0.35473475458601883,0.07659890927119484
LIBACT_UNCERTAINTY_LC,0.06891422905304909,0.11824491819533961,0.059742191373326724,0.07337630143777887,0.28681209717402084,0.22806147744174515,0.022062469013386217,0.02900347050074368,0.8128408527516113,1.0,0.7865642042637581,0.14030738720872582,0.14253842340109074,0.19261279127416955,0.059742191373326724,0.2196331184928111,0.06941001487357462,0.20376797223599405,0.1893901834407536,0.0894893406048587,0.16931085770946952,0.09568666336142786,0.08899355478433317,0.041398116013882005,0.09419930589985126,0.08254833911750124,0.23723351512146754,0.270699058006941,0.22211204759543876,0.2927615270203272,0.04313336638572137,0.06271690629647993,0.07486365889935548,0.35994050570153696,0.08998512642538424,0.3185423896876549,0.07312840852751612
LIBACT_UNCERTAINTY_SM,0.07387208725830441,0.11725334655428855,0.07139315815567675,0.08279623202776401,0.22806147744174515,0.2825979176995538,0.027268220128904314,0.03222607833415964,0.7560733763014378,0.7865642042637581,1.0,0.15071888943976203,0.14923153197818542,0.1968269707486366,0.07139315815567675,0.23177987109568665,0.07436787307882994,0.21417947446703026,0.20079325731284084,0.10089241447694595,0.1722855726326227,0.10237977193852256,0.08552305404065444,0.04833911750123947,0.09965294992563213,0.07982151710461081,0.20054536440257809,0.22087258304412494,0.27243430837878035,0.3572136836886465,0.04090233019335647,0.06693108577094695,0.07759048091224591,0.2997025285076847,0.09965294992563213,0.28681209717402084,0.08254833911750124
OPTIMAL_GREEDY_10,0.19781854238968766,0.0969261279127417,0.15642042637580567,0.20624690133862172,0.15319781854238967,0.16460089241447695,0.02825979176995538,0.050322260783341594,0.13435795736241943,0.14030738720872582,0.15071888943976203,1.0,0.7164105106593951,0.25359444719881014,0.15642042637580567,0.27119484382746656,0.1983143282102132,0.21591472483886961,0.3173029251363411,0.23351512146752604,0.1737729300941993,0.22682201289043133,0.06321269211700545,0.09965294992563213,0.2322756569162122,0.1212196331184928,0.1494794248884482,0.1554288547347546,0.16782350024789291,0.1611303916707982,0.04933068914229053,0.19781854238968766,0.11849281110560238,0.15146256817055032,0.21541893901834408,0.14823996033713435,0.20599900842835894
OPTIMAL_GREEDY_20,0.18889439762022806,0.0984134853743183,0.14303420922161625,0.19657907783837383,0.15344571145265246,0.16534457114526524,0.025532969757064948,0.04833911750123947,0.13411006445215667,0.14253842340109074,0.14923153197818542,0.7164105106593951,1.0,0.24764501735250372,0.14303420922161625,0.27268220128904314,0.1886465047099653,0.21591472483886961,0.3143282102131879,0.22211204759543876,0.16881507188894398,0.2131879028259792,0.061973227565691624,0.09890927119484383,0.221864154685176,0.12295488349033218,0.1576598909271195,0.16385721368368864,0.17674764501735252,0.1628656420426376,0.05627169062964799,0.19856222112047595,0.11353495290034706,0.14774417451660882,0.21244422409519087,0.14476945959345563,0.19633118492811105
PLAYGROUND_BANDIT,0.11849281110560238,0.1346058502726822,0.11056023797719385,0.12840852751611304,0.2588001983143282,0.27565691621219635,0.02875557759048091,0.043877045116509666,0.17253346554288548,0.19261279127416955,0.1968269707486366,0.25359444719881014,0.24764501735250372,1.0,0.11056023797719385,0.4417451660882499,0.11874070401586515,0.6452652454139811,0.49008428358948936,0.1626177491323748,0.30143777887952405,0.15344571145265246,0.0805651958353991,0.08155676747645017,0.1405552801189886,0.1502231036192365,0.19533961328705998,0.20004957858205255,0.22359940505701537,0.259048091224591,0.05205751115518096,0.09048091224590976,0.0946950917203768,0.2352503718393654,0.13782845810609817,0.22384729796727815,0.12816063460585028
PLAYGROUND_GRAPH_DENSITY,0.1338621715418939,0.07511155180961825,1.0,0.19360436291522062,0.07015369360436291,0.07585523054040655,0.06073376301437779,0.03445711452652454,0.06618740704015866,0.059742191373326724,0.07139315815567675,0.15642042637580567,0.14303420922161625,0.11056023797719385,1.0,0.10138820029747149,0.13411006445215667,0.08477937530986614,0.13510163609320774,0.23847297967278136,0.10708973723351513,0.17848289538919188,0.09048091224590976,0.0969261279127417,0.2337630143777888,0.06965790778383739,0.07040158651462568,0.06841844323252355,0.07263262270699058,0.07188894397620228,0.04933068914229053,0.1442736737729301,0.14972731779871096,0.06569162121963312,0.18591968269707487,0.06965790778383739,0.19360436291522062
PLAYGROUND_INFORMATIVE_DIVERSE,0.11799702528507684,0.1375805651958354,0.10138820029747149,0.1375805651958354,0.23698562221120476,0.24739712444224096,0.025037183936539417,0.0428854734754586,0.20302429350520576,0.2196331184928111,0.23177987109568665,0.27119484382746656,0.27268220128904314,0.4417451660882499,0.10138820029747149,1.0,0.11874070401586515,0.45438770451165095,0.43827466534457116,0.15964303420922163,0.25706494794248885,0.13510163609320774,0.0835399107585523,0.08403569657907783,0.1536936043629152,0.13212692117005453,0.21368368864650472,0.2285572632622707,0.24169558750619732,0.22979672781358454,0.05156172533465543,0.11452652454139811,0.09717402082300446,0.21839365394149726,0.14749628160634606,0.20798215171046108,0.13733267228557264
PLAYGROUND_KCENTER_GREEDY,0.9992563212692117,0.12146752602875557,0.13411006445215667,0.13287059990084282,0.08254833911750124,0.08676251859196826,0.0473475458601884,0.08155676747645017,0.06494794248884482,0.06941001487357462,0.07436787307882994,0.1983143282102132,0.1886465047099653,0.11874070401586515,0.13411006445215667,0.11874070401586515,1.0,0.08775409023301933,0.1457610312345067,0.1626177491323748,0.12072384729796728,0.15865146256817056,0.07312840852751612,0.07362419434804164,0.1517104610808131,0.11080813088745661,0.07337630143777887,0.07932573128408528,0.07486365889935548,0.07659890927119484,0.08180466038671294,0.10461080813088745,0.2322756569162122,0.07783837382250867,0.12915220624690135,0.07337630143777887,0.13262270699058007
PLAYGROUND_MARGIN,0.08750619732275657,0.1264253842340109,0.08477937530986614,0.10808130887456618,0.31755081804660384,0.36812097174020825,0.029251363411006447,0.03520079325731284,0.17501239464551313,0.20376797223599405,0.21417947446703026,0.21591472483886961,0.21591472483886961,0.6452652454139811,0.08477937530986614,0.45438770451165095,0.08775409023301933,1.0,0.5376797223599405,0.1338621715418939,0.29796727813584534,0.11874070401586515,0.07808626673277144,0.07461576598909271,0.12270699058006941,0.14452156668319285,0.20897372335151215,0.22211204759543876,0.24020823004462072,0.3515121467526029,0.0495785820525533,0.07882994546355974,0.08155676747645017,0.29796727813584534,0.11824491819533961,0.278135845314824,0.10783341596430342
PLAYGROUND_MIXTURE,0.14526524541398117,0.13237481408031732,0.13510163609320774,0.16311353495290035,0.2513634110064452,0.2778879524045612,0.030738720872583045,0.04709965294992563,0.16385721368368864,0.1893901834407536,0.20079325731284084,0.3173029251363411,0.3143282102131879,0.49008428358948936,0.13510163609320774,0.43827466534457116,0.1457610312345067,0.5376797223599405,1.0,0.21219633118492812,0.25409023301933564,0.16980664352999505,0.07882994546355974,0.08626673277144274,0.18368864650470995,0.1375805651958354,0.19112543381259295,0.1980664352999504,0.21789786812097173,0.2583044124938027,0.05453644025780863,0.13857213683688646,0.10411502231036192,0.22533465542885472,0.17178978681209717,0.21789786812097173,0.1628656420426376
PLAYGROUND_UNIFORM,0.1626177491323748,0.10436291522062469,0.23847297967278136,0.2925136341100645,0.11006445215666832,0.11923648983639068,0.06147744174516609,0.07858205255329698,0.10014873574615767,0.0894893406048587,0.10089241447694595,0.23351512146752604,0.22211204759543876,0.1626177491323748,0.23847297967278136,0.15964303420922163,0.1626177491323748,0.1338621715418939,0.21219633118492812,1.0,0.1626177491323748,0.2669806643529995,0.11948438274665345,0.13708477937530986,0.3299454635597422,0.10634605850272683,0.10411502231036192,0.10634605850272683,0.11626177491323748,0.12072384729796728,0.09196826970748637,0.23252354982647497,0.17030242935052056,0.10981655924640556,0.2920178482895389,0.10609816559246406,0.2922657411998017
SKACTIVEML_COST_EMBEDDING,0.12072384729796728,0.1479920674268716,0.10708973723351513,0.1338621715418939,0.1998016856717898,0.19484382746653445,0.0384234010907288,0.054784333168071395,0.16212196331184928,0.16931085770946952,0.1722855726326227,0.1737729300941993,0.16881507188894398,0.30143777887952405,0.10708973723351513,0.25706494794248885,0.12072384729796728,0.29796727813584534,0.25409023301933564,0.1626177491323748,1.0,0.14526524541398117,0.09866137828458106,0.0850272682201289,0.15096678235002478,0.16782350024789291,0.17848289538919188,0.17997025285076848,0.18740704015865145,0.1722855726326227,0.06172533465542886,0.1036192364898364,0.11031234506693109,0.17773921665840356,0.14724838869608328,0.17575607337630145,0.1338621715418939
SKACTIVEML_DAL,0.15865146256817056,0.11006445215666832,0.17848289538919188,0.2389687654933069,0.10932077342588002,0.11179970252850768,0.05280118988596926,0.07213683688646505,0.09940505701536936,0.09568666336142786,0.10237977193852256,0.22682201289043133,0.2131879028259792,0.15344571145265246,0.17848289538919188,0.13510163609320774,0.15865146256817056,0.11874070401586515,0.16980664352999505,0.2669806643529995,0.14526524541398117,1.0,0.11006445215666832,0.11799702528507684,0.270699058006941,0.10956866633614279,0.11155180961824492,0.11155180961824492,0.12047595438770452,0.0999008428358949,0.0887456618740704,0.18220128904313337,0.1628656420426376,0.09568666336142786,0.24814080317302925,0.09370352007932573,0.2389687654933069
SKACTIVEML_DWUS,0.07288051561725335,0.12617749132374814,0.09048091224590976,0.10609816559246406,0.08849776896380764,0.08651462568170551,0.1028755577590481,0.05280118988596926,0.08329201784828955,0.08899355478433317,0.08552305404065444,0.06321269211700545,0.061973227565691624,0.0805651958353991,0.09048091224590976,0.0835399107585523,0.07312840852751612,0.07808626673277144,0.07882994546355974,0.11948438274665345,0.09866137828458106,0.11006445215666832,1.0,0.0999008428358949,0.10882498760535449,0.07362419434804164,0.08601883986117997,0.08824987605354487,0.08824987605354487,0.07882994546355974,0.0532969757064948,0.09791769955379276,0.08031730292513634,0.07932573128408528,0.11155180961824492,0.07957362419434805,0.10585027268220129
SKACTIVEML_QBC,0.07337630143777887,0.06073376301437779,0.0969261279127417,0.12221120475954388,0.05057015369360436,0.05627169062964799,0.07659890927119484,0.07486365889935548,0.043877045116509666,0.041398116013882005,0.04833911750123947,0.09965294992563213,0.09890927119484383,0.08155676747645017,0.0969261279127417,0.08403569657907783,0.07362419434804164,0.07461576598909271,0.08626673277144274,0.13708477937530986,0.0850272682201289,0.11799702528507684,0.0999008428358949,1.0,0.15666831928606842,0.09395141298958849,0.0518096182449182,0.05304908279623203,0.058254833911750126,0.0518096182449182,0.07659890927119484,0.1499752107089737,0.08081308874566187,0.044124938026772434,0.12221120475954388,0.0458601883986118,0.12221120475954388
SKACTIVEML_QBC_VOTE_ENTROPY,0.15121467526028756,0.10213187902825979,0.2337630143777888,0.307882994546356,0.09494298463063956,0.10461080813088745,0.07263262270699058,0.08081308874566187,0.0969261279127417,0.09419930589985126,0.09965294992563213,0.2322756569162122,0.221864154685176,0.1405552801189886,0.2337630143777888,0.1536936043629152,0.1517104610808131,0.12270699058006941,0.18368864650470995,0.3299454635597422,0.15096678235002478,0.270699058006941,0.10882498760535449,0.15666831928606842,1.0,0.10733763014377788,0.09791769955379276,0.0991571641051066,0.11105602379771938,0.0969261279127417,0.06941001487357462,0.23103619236489836,0.1826970748636589,0.0887456618740704,0.32052553296975705,0.0880019831432821,0.3076351016360932
SKACTIVEML_QUIRE,0.11080813088745661,0.13956370847793753,0.06965790778383739,0.09271194843827467,0.10138820029747149,0.09965294992563213,0.05081804660386713,0.10832920178482895,0.08329201784828955,0.08254833911750124,0.07982151710461081,0.1212196331184928,0.12295488349033218,0.1502231036192365,0.06965790778383739,0.13212692117005453,0.11080813088745661,0.14452156668319285,0.1375805651958354,0.10634605850272683,0.16782350024789291,0.10956866633614279,0.07362419434804164,0.09395141298958849,0.10733763014377788,1.0,0.09419930589985126,0.08924144769459594,0.0932077342588002,0.0917203767972236,0.09370352007932573,0.06717897868120971,0.09444719881011403,0.09444719881011403,0.11254338125929599,0.09395141298958849,0.09271194843827467
SKACTIVEML_US_ENTROPY,0.07312840852751612,0.139067922657412,0.07040158651462568,0.08180466038671294,0.27863163113534956,0.24020823004462072,0.02875557759048091,0.02478929102627665,0.2721864154685176,0.23723351512146754,0.20054536440257809,0.1494794248884482,0.1576598909271195,0.19533961328705998,0.07040158651462568,0.21368368864650472,0.07337630143777887,0.20897372335151215,0.19112543381259295,0.10411502231036192,0.17848289538919188,0.11155180961824492,0.08601883986117997,0.0518096182449182,0.09791769955379276,0.09419930589985126,1.0,0.8220128904313336,0.7739216658403569,0.22285572632622708,0.04858701041150223,0.06643529995042141,0.08230044620723848,0.259048091224591,0.10188398611799702,0.31184928111056026,0.08155676747645017
SKACTIVEML_US_LC,0.07882994546355974,0.13361427863163114,0.06841844323252355,0.0842835894893406,0.3143282102131879,0.25359444719881014,0.025780862667327716,0.02528507684680218,0.22533465542885472,0.270699058006941,0.22087258304412494,0.1554288547347546,0.16385721368368864,0.20004957858205255,0.06841844323252355,0.2285572632622707,0.07932573128408528,0.22211204759543876,0.1980664352999504,0.10634605850272683,0.17997025285076848,0.11155180961824492,0.08824987605354487,0.05304908279623203,0.0991571641051066,0.08924144769459594,0.8220128904313336,1.0,0.7940009915716411,0.23475458601883986,0.048834903321764996,0.06965790778383739,0.08230044620723848,0.29821517104610806,0.10510659395141299,0.2617749132374814,0.08403569657907783
SKACTIVEML_US_MARGIN,0.07461576598909271,0.13435795736241943,0.07263262270699058,0.08998512642538424,0.2583044124938027,0.30862667327714427,0.03173029251363411,0.02602875557759048,0.19360436291522062,0.22211204759543876,0.27243430837878035,0.16782350024789291,0.17674764501735252,0.22359940505701537,0.07263262270699058,0.24169558750619732,0.07486365889935548,0.24020823004462072,0.21789786812097173,0.11626177491323748,0.18740704015865145,0.12047595438770452,0.08824987605354487,0.058254833911750126,0.11105602379771938,0.0932077342588002,0.7739216658403569,0.7940009915716411,1.0,0.29325731284085277,0.0458601883986118,0.06866633614278632,0.08006941001487357,0.23996033713435796,0.10684184432325236,0.22508676251859197,0.08973723351512147
SMALLTEXT_BREAKINGTIES,0.07635101636093208,0.11725334655428855,0.07188894397620228,0.08254833911750124,0.32350024789291026,0.4400099157164105,0.028011898859692613,0.030490827962320277,0.2736737729300942,0.2927615270203272,0.3572136836886465,0.1611303916707982,0.1628656420426376,0.259048091224591,0.07188894397620228,0.22979672781358454,0.07659890927119484,0.3515121467526029,0.2583044124938027,0.12072384729796728,0.1722855726326227,0.0999008428358949,0.07882994546355974,0.0518096182449182,0.0969261279127417,0.0917203767972236,0.22285572632622708,0.23475458601883986,0.29325731284085277,1.0,0.041398116013882005,0.07213683688646505,0.07907783837382251,0.7910262766484879,0.09568666336142786,0.7590480912245909,0.08230044620723848
SMALLTEXT_CONTRASTIVEAL,0.08205255329697571,0.07436787307882994,0.04933068914229053,0.06073376301437779,0.0480912245909767,0.0458601883986118,0.06296479920674268,0.10064452156668319,0.05627169062964799,0.04313336638572137,0.04090233019335647,0.04933068914229053,0.05627169062964799,0.05205751115518096,0.04933068914229053,0.05156172533465543,0.08180466038671294,0.0495785820525533,0.05453644025780863,0.09196826970748637,0.06172533465542886,0.0887456618740704,0.0532969757064948,0.07659890927119484,0.06941001487357462,0.09370352007932573,0.04858701041150223,0.048834903321764996,0.0458601883986118,0.041398116013882005,1.0,0.09593455627169063,0.10213187902825979,0.046355974219137334,0.08279623202776401,0.044868616757560736,0.06073376301437779
SMALLTEXT_EMBEDDINGKMEANS,0.10485870104115022,0.07362419434804164,0.1442736737729301,0.2129400099157164,0.07486365889935548,0.07957362419434805,0.11452652454139811,0.08230044620723848,0.06693108577094695,0.06271690629647993,0.06693108577094695,0.19781854238968766,0.19856222112047595,0.09048091224590976,0.1442736737729301,0.11452652454139811,0.10461080813088745,0.07882994546355974,0.13857213683688646,0.23252354982647497,0.1036192364898364,0.18220128904313337,0.09791769955379276,0.1499752107089737,0.23103619236489836,0.06717897868120971,0.06643529995042141,0.06965790778383739,0.06866633614278632,0.07213683688646505,0.09593455627169063,1.0,0.1375805651958354,0.06544372830937036,0.23772930094199307,0.06395637084779375,0.21269211700545365
SMALLTEXT_GREEDYCORESET,0.2322756569162122,0.1036192364898364,0.14972731779871096,0.16236985622211206,0.08329201784828955,0.08254833911750124,0.03743182944967774,0.0954387704511651,0.08031730292513634,0.07486365889935548,0.07759048091224591,0.11849281110560238,0.11353495290034706,0.0946950917203768,0.14972731779871096,0.09717402082300446,0.2322756569162122,0.08155676747645017,0.10411502231036192,0.17030242935052056,0.11031234506693109,0.1628656420426376,0.08031730292513634,0.08081308874566187,0.1826970748636589,0.09444719881011403,0.08230044620723848,0.08230044620723848,0.08006941001487357,0.07907783837382251,0.10213187902825979,0.1375805651958354,1.0,0.07709469509172037,0.18220128904313337,0.08477937530986614,0.16236985622211206
SMALLTEXT_LEASTCONFIDENCE,0.07759048091224591,0.12865642042637582,0.06569162121963312,0.0768468021814576,0.4372830937035201,0.31978185423896877,0.02330193356470005,0.030986613782845812,0.3083787803668815,0.35994050570153696,0.2997025285076847,0.15146256817055032,0.14774417451660882,0.2352503718393654,0.06569162121963312,0.21839365394149726,0.07783837382250867,0.29796727813584534,0.22533465542885472,0.10981655924640556,0.17773921665840356,0.09568666336142786,0.07932573128408528,0.044124938026772434,0.0887456618740704,0.09444719881011403,0.259048091224591,0.29821517104610806,0.23996033713435796,0.7910262766484879,0.046355974219137334,0.06544372830937036,0.07709469509172037,1.0,0.0872583044124938,0.8133366385721368,0.07709469509172037
SMALLTEXT_LIGHTWEIGHTCORESET,0.12890431333663857,0.11031234506693109,0.18591968269707487,0.26474962816063463,0.09593455627169063,0.10684184432325236,0.058254833911750126,0.09221616261774913,0.09444719881011403,0.08998512642538424,0.09965294992563213,0.21541893901834408,0.21244422409519087,0.13782845810609817,0.18591968269707487,0.14749628160634606,0.12915220624690135,0.11824491819533961,0.17178978681209717,0.2920178482895389,0.14724838869608328,0.24814080317302925,0.11155180961824492,0.12221120475954388,0.32052553296975705,0.11254338125929599,0.10188398611799702,0.10510659395141299,0.10684184432325236,0.09568666336142786,0.08279623202776401,0.23772930094199307,0.18220128904313337,0.0872583044124938,1.0,0.08924144769459594,0.26499752107089736
SMALLTEXT_PREDICTIONENTROPY,0.07337630143777887,0.13187902825979178,0.06965790778383739,0.07535944471988101,0.34655428854734754,0.28805156172533464,0.02528507684680218,0.030490827962320277,0.35473475458601883,0.3185423896876549,0.28681209717402084,0.14823996033713435,0.14476945959345563,0.22384729796727815,0.06965790778383739,0.20798215171046108,0.07337630143777887,0.278135845314824,0.21789786812097173,0.10609816559246406,0.17575607337630145,0.09370352007932573,0.07957362419434805,0.0458601883986118,0.0880019831432821,0.09395141298958849,0.31184928111056026,0.2617749132374814,0.22508676251859197,0.7590480912245909,0.044868616757560736,0.06395637084779375,0.08477937530986614,0.8133366385721368,0.08924144769459594,1.0,0.07535944471988101
SMALLTEXT_RANDOM,0.13237481408031732,0.09568666336142786,0.19360436291522062,0.9997521070897373,0.0850272682201289,0.09345562716906297,0.0532969757064948,0.07312840852751612,0.07659890927119484,0.07312840852751612,0.08254833911750124,0.20599900842835894,0.19633118492811105,0.12816063460585028,0.19360436291522062,0.13733267228557264,0.13262270699058007,0.10783341596430342,0.1628656420426376,0.2922657411998017,0.1338621715418939,0.2389687654933069,0.10585027268220129,0.12221120475954388,0.3076351016360932,0.09271194843827467,0.08155676747645017,0.08403569657907783,0.08973723351512147,0.08230044620723848,0.06073376301437779,0.21269211700545365,0.16236985622211206,0.07709469509172037,0.26499752107089736,0.07535944471988101,1.0
