,ALIPY_CORESET_GREEDY,ALIPY_DENSITY_WEIGHTED,ALIPY_GRAPH_DENSITY,ALIPY_RANDOM,ALIPY_UNCERTAINTY_LC,ALIPY_UNCERTAINTY_MM,LIBACT_DWUS,LIBACT_QUIRE,LIBACT_UNCERTAINTY_ENT,LIBACT_UNCERTAINTY_LC,LIBACT_UNCERTAINTY_SM,OPTIMAL_GREEDY_10,OPTIMAL_GREEDY_20,PLAYGROUND_BANDIT,PLAYGROUND_GRAPH_DENSITY,PLAYGROUND_INFORMATIVE_DIVERSE,PLAYGROUND_KCENTER_GREEDY,PLAYGROUND_MARGIN,PLAYGROUND_MIXTURE,PLAYGROUND_UNIFORM,SKACTIVEML_COST_EMBEDDING,SKACTIVEML_DAL,SKACTIVEML_DWUS,SKACTIVEML_QBC,SKACTIVEML_QBC_VOTE_ENTROPY,SKACTIVEML_QUIRE,SKACTIVEML_US_ENTROPY,SKACTIVEML_US_LC,SKACTIVEML_US_MARGIN,SMALLTEXT_BREAKINGTIES,SMALLTEXT_CONTRASTIVEAL,SMALLTEXT_EMBEDDINGKMEANS,SMALLTEXT_GREEDYCORESET,SMALLTEXT_LEASTCONFIDENCE,SMALLTEXT_LIGHTWEIGHTCORESET,SMALLTEXT_PREDICTIONENTROPY,SMALLTEXT_RANDOM
ALIPY_CORESET_GREEDY,4034,786,419,576,539,499,308,685,539,537,516,619,588,598,419,642,3996,590,647,579,653,581,450,491,614,663,576,553,532,531,396,489,791,562,545,579,574
ALIPY_DENSITY_WEIGHTED,786,4034,343,439,629,584,350,795,564,582,537,462,466,627,343,627,805,612,570,493,625,495,482,467,500,797,614,629,590,567,440,434,646,599,522,613,439
ALIPY_GRAPH_DENSITY,419,343,4034,588,403,431,554,262,390,382,419,640,600,490,4031,478,428,421,525,645,434,561,546,499,611,307,384,379,414,396,331,618,545,366,594,363,586
ALIPY_RANDOM,576,439,588,4034,460,484,407,399,465,497,506,798,805,584,588,592,590,550,666,730,470,669,456,537,746,407,481,496,526,524,385,721,545,504,716,487,4026
ALIPY_UNCERTAINTY_LC,539,629,403,460,4034,3017,360,478,785,966,717,550,536,817,403,661,559,980,727,528,674,560,455,470,489,594,880,1060,798,1000,440,476,547,1529,494,1134,458
ALIPY_UNCERTAINTY_MM,499,584,431,484,3017,4034,379,429,685,701,981,563,558,878,431,681,517,1174,835,557,679,579,471,476,498,572,751,792,1066,1507,429,515,519,1011,499,939,482
LIBACT_DWUS,308,350,554,407,360,379,4034,316,341,341,346,348,322,446,554,386,321,421,426,431,463,396,458,431,435,368,339,336,356,362,380,535,357,348,444,344,403
LIBACT_QUIRE,685,795,262,399,478,429,316,4034,461,460,412,398,367,495,262,486,699,477,464,424,532,376,401,432,409,653,454,461,410,434,430,388,544,464,412,458,397
LIBACT_UNCERTAINTY_ENT,539,564,390,465,785,685,341,461,4034,3177,2986,509,539,676,390,691,562,655,544,521,659,503,459,433,548,584,976,785,689,1058,426,488,547,1143,498,1362,463
LIBACT_UNCERTAINTY_LC,537,582,382,497,966,701,341,460,3177,4034,3038,525,549,679,382,682,560,664,552,494,683,513,453,427,538,571,799,959,709,1090,402,506,541,1368,498,1192,495
LIBACT_UNCERTAINTY_SM,516,537,419,506,717,981,346,412,2986,3038,4034,544,553,647,419,674,536,655,554,548,660,519,478,451,543,530,672,721,966,1357,393,507,540,1080,526,1051,504
OPTIMAL_GREEDY_10,619,462,640,798,550,563,348,398,509,525,544,4034,1687,589,640,678,633,572,768,864,499,745,461,603,821,417,543,547,575,527,387,843,654,496,810,500,795
OPTIMAL_GREEDY_20,588,466,600,805,536,558,322,367,539,549,553,1687,4034,615,600,686,600,561,721,842,488,735,452,580,814,413,515,561,570,579,389,835,567,538,797,538,802
PLAYGROUND_BANDIT,598,627,490,584,817,878,446,495,676,679,647,589,615,4034,490,1361,617,2354,1438,649,1048,589,515,519,609,675,697,699,676,864,430,555,548,811,550,808,580
PLAYGROUND_GRAPH_DENSITY,419,343,4031,588,403,431,554,262,390,382,419,640,600,490,4034,478,428,421,525,645,434,561,547,499,611,307,384,379,414,396,331,618,545,366,594,363,586
PLAYGROUND_INFORMATIVE_DIVERSE,642,627,478,592,661,681,386,486,691,682,674,678,686,1361,478,4034,661,1359,1266,654,837,646,513,537,646,639,669,669,649,696,435,604,537,672,583,686,588
PLAYGROUND_KCENTER_GREEDY,3996,805,428,590,559,517,321,699,562,560,536,633,600,617,428,661,4034,611,663,595,671,594,466,505,631,683,598,575,551,552,405,501,810,582,559,597,588
PLAYGROUND_MARGIN,590,612,421,550,980,1174,421,477,655,664,655,572,561,2354,421,1359,611,4034,1843,639,1038,581,504,532,580,677,677,683,689,1179,464,539,511,967,547,934,546
PLAYGROUND_MIXTURE,647,570,525,666,727,835,426,464,544,552,554,768,721,1438,525,1266,663,1843,4034,781,765,661,470,573,684,546,593,617,614,809,378,667,546,693,657,657,662
PLAYGROUND_UNIFORM,579,493,645,730,528,557,431,424,521,494,548,864,842,649,645,654,595,639,781,4034,543,738,451,580,776,453,504,513,523,557,443,774,605,537,696,521,726
SKACTIVEML_COST_EMBEDDING,653,625,434,470,674,679,463,532,659,683,660,499,488,1048,434,837,671,1038,765,543,4034,522,496,503,557,748,676,685,661,674,465,522,546,671,527,679,467
SKACTIVEML_DAL,581,495,561,669,560,579,396,376,503,513,519,745,735,589,561,646,594,581,661,738,522,4034,466,524,715,447,563,571,587,558,461,665,601,553,651,536,666
SKACTIVEML_DWUS,450,482,546,456,455,471,458,401,459,453,478,461,452,515,547,513,466,504,470,451,496,466,4034,409,474,463,450,462,466,461,378,456,466,455,474,444,452
SKACTIVEML_QBC,491,467,499,537,470,476,431,432,433,427,451,603,580,519,499,537,505,532,573,580,503,524,409,4034,644,473,507,497,490,482,421,562,464,464,565,459,531
SKACTIVEML_QBC_VOTE_ENTROPY,614,500,611,746,489,498,435,409,548,538,543,821,814,609,611,646,631,580,684,776,557,715,474,644,4034,480,547,566,586,553,380,775,626,533,743,531,743
SKACTIVEML_QUIRE,663,797,307,407,594,572,368,653,584,571,530,417,413,675,307,639,683,677,546,453,748,447,463,473,480,4034,608,596,556,524,432,437,519,554,486,561,405
SKACTIVEML_US_ENTROPY,576,614,384,481,880,751,339,454,976,799,672,543,515,697,384,669,598,677,593,504,676,563,450,507,547,608,4034,3196,3000,696,422,468,538,815,508,991,477
SKACTIVEML_US_LC,553,629,379,496,1060,792,336,461,785,959,721,547,561,699,379,669,575,683,617,513,685,571,462,497,566,596,3196,4034,3097,746,408,467,533,1003,512,835,492
SKACTIVEML_US_MARGIN,532,590,414,526,798,1066,356,410,689,709,966,575,570,676,414,649,551,689,614,523,661,587,466,490,586,556,3000,3097,4034,1006,424,490,540,730,546,708,522
SMALLTEXT_BREAKINGTIES,531,567,396,524,1000,1507,362,434,1058,1090,1357,527,579,864,396,696,552,1179,809,557,674,558,461,482,553,524,696,746,1006,4034,432,507,530,3028,510,2960,522
SMALLTEXT_CONTRASTIVEAL,396,440,331,385,440,429,380,430,426,402,393,387,389,430,331,435,405,464,378,443,465,461,378,421,380,432,422,408,424,432,4034,393,479,438,415,441,382
SMALLTEXT_EMBEDDINGKMEANS,489,434,618,721,476,515,535,388,488,506,507,843,835,555,618,604,501,539,667,774,522,665,456,562,775,437,468,467,490,507,393,4034,512,506,739,486,716
SMALLTEXT_GREEDYCORESET,791,646,545,545,547,519,357,544,547,541,540,654,567,548,545,537,810,511,546,605,546,601,466,464,626,519,538,533,540,530,479,512,4034,515,605,515,544
SMALLTEXT_LEASTCONFIDENCE,562,599,366,504,1529,1011,348,464,1143,1368,1080,496,538,811,366,672,582,967,693,537,671,553,455,464,533,554,815,1003,730,3028,438,506,515,4034,501,3158,502
SMALLTEXT_LIGHTWEIGHTCORESET,545,522,594,716,494,499,444,412,498,498,526,810,797,550,594,583,559,547,657,696,527,651,474,565,743,486,508,512,546,510,415,739,605,501,4034,486,719
SMALLTEXT_PREDICTIONENTROPY,579,613,363,487,1134,939,344,458,1362,1192,1051,500,538,808,363,686,597,934,657,521,679,536,444,459,531,561,991,835,708,2960,441,486,515,3158,486,4034,489
SMALLTEXT_RANDOM,574,439,586,4026,458,482,403,397,463,495,504,795,802,580,586,588,588,546,662,726,467,666,452,531,743,405,477,492,522,522,382,716,544,502,719,489,4034
