,ALIPY_CORESET_GREEDY,ALIPY_DENSITY_WEIGHTED,ALIPY_GRAPH_DENSITY,ALIPY_RANDOM,ALIPY_UNCERTAINTY_LC,ALIPY_UNCERTAINTY_MM,LIBACT_DWUS,LIBACT_QUIRE,LIBACT_UNCERTAINTY_ENT,LIBACT_UNCERTAINTY_LC,LIBACT_UNCERTAINTY_SM,OPTIMAL_GREEDY_10,OPTIMAL_GREEDY_20,PLAYGROUND_BANDIT,PLAYGROUND_GRAPH_DENSITY,PLAYGROUND_INFORMATIVE_DIVERSE,PLAYGROUND_KCENTER_GREEDY,PLAYGROUND_MARGIN,PLAYGROUND_MIXTURE,PLAYGROUND_UNIFORM,SKACTIVEML_COST_EMBEDDING,SKACTIVEML_DAL,SKACTIVEML_DWUS,SKACTIVEML_QBC,SKACTIVEML_QBC_VOTE_ENTROPY,SKACTIVEML_QUIRE,SKACTIVEML_US_ENTROPY,SKACTIVEML_US_LC,SKACTIVEML_US_MARGIN,SMALLTEXT_BREAKINGTIES,SMALLTEXT_CONTRASTIVEAL,SMALLTEXT_EMBEDDINGKMEANS,SMALLTEXT_GREEDYCORESET,SMALLTEXT_LEASTCONFIDENCE,SMALLTEXT_LIGHTWEIGHTCORESET,SMALLTEXT_PREDICTIONENTROPY,SMALLTEXT_RANDOM
ALIPY_CORESET_GREEDY,1.0,0.12543381259295985,0.13411006445215667,0.13138324243926625,0.0909766980664353,0.09048091224590976,0.0458601883986118,0.0880019831432821,0.06668319286068418,0.07337630143777887,0.07411998016856718,0.21591472483886961,0.2131879028259792,0.12047595438770452,0.13411006445215667,0.12320277640059495,0.9992563212692117,0.09395141298958849,0.15195835399107585,0.16385721368368864,0.13361427863163114,0.16187407040158652,0.0835399107585523,0.07882994546355974,0.15294992563212692,0.11130391670798215,0.0842835894893406,0.08329201784828955,0.0850272682201289,0.07411998016856718,0.07659890927119484,0.10758552305404065,0.2285572632622707,0.07486365889935548,0.13262270699058007,0.07535944471988101,0.13138324243926625
ALIPY_DENSITY_WEIGHTED,0.12543381259295985,1.0,0.07560733763014378,0.10089241447694595,0.14080317302925136,0.1360932077342588,0.0421417947446703,0.09766980664352999,0.1249380267724343,0.124194348041646,0.12171541893901834,0.11774913237481408,0.11675756073376302,0.13931581556767478,0.07560733763014378,0.14080317302925136,0.1256817055032226,0.13782845810609817,0.1412989588497769,0.11576598909271195,0.16063460585027267,0.10609816559246406,0.11725334655428855,0.06742687159147248,0.11427863163113534,0.14625681705503224,0.1499752107089737,0.1450173525037184,0.14154685176003967,0.131631135349529,0.08081308874566187,0.0813088745661874,0.1279127416955875,0.1420426375805652,0.12047595438770452,0.1457610312345067,0.10089241447694595
ALIPY_GRAPH_DENSITY,0.13411006445215667,0.07560733763014378,1.0,0.17129400099157163,0.06494794248884482,0.07511155180961825,0.062221120475954385,0.0436291522062469,0.05676747645017353,0.04908279623202776,0.06073376301437779,0.16162617749132374,0.15840356965790778,0.09643034209221617,1.0,0.0909766980664353,0.13411006445215667,0.07337630143777887,0.12022806147744175,0.20252850768468023,0.09940505701536936,0.16732771442736738,0.09072880515617253,0.08924144769459594,0.20699058006941,0.07139315815567675,0.0532969757064948,0.051313832424392664,0.059494298463063956,0.06618740704015866,0.05899851264253842,0.13510163609320774,0.1576598909271195,0.056023797719385225,0.16782350024789291,0.06048587010411502,0.17129400099157163
ALIPY_RANDOM,0.13138324243926625,0.10089241447694595,0.17129400099157163,1.0,0.08701041150223103,0.0932077342588002,0.062221120475954385,0.09221616261774913,0.07858205255329698,0.07511155180961825,0.090233019335647,0.2092216162617749,0.20376797223599405,0.12865642042637582,0.17129400099157163,0.13138324243926625,0.13187902825979178,0.10535448686167576,0.15418939018344074,0.26524541398116014,0.14328210213187903,0.22731779871095686,0.090233019335647,0.1338621715418939,0.28061477441745164,0.09667823500247893,0.07808626673277144,0.08180466038671294,0.09147248388696083,0.08651462568170551,0.07362419434804164,0.20079325731284084,0.18145761031234506,0.07932573128408528,0.25260287555775907,0.07907783837382251,1.0
ALIPY_UNCERTAINTY_LC,0.0909766980664353,0.14080317302925136,0.06494794248884482,0.08701041150223103,1.0,0.7825979176995538,0.028011898859692613,0.04115022310361924,0.22806147744174515,0.27540902330193356,0.2203767972235994,0.15865146256817056,0.17129400099157163,0.24392662369856222,0.06494794248884482,0.22682201289043133,0.0909766980664353,0.30143777887952405,0.24318294496777393,0.11378284581060982,0.19360436291522062,0.10634605850272683,0.08651462568170551,0.05552801189885969,0.09568666336142786,0.0969261279127417,0.2654933068914229,0.29821517104610806,0.24913237481408032,0.31705503222607834,0.05404065443728309,0.07362419434804164,0.0924640555280119,0.4305899851264254,0.10708973723351513,0.3358948934060486,0.08701041150223103
ALIPY_UNCERTAINTY_MM,0.09048091224590976,0.1360932077342588,0.07511155180961825,0.0932077342588002,0.7825979176995538,1.0,0.03396132870599901,0.04238968765493307,0.19757064947942488,0.22830937035200793,0.27912741695587506,0.16980664352999505,0.18591968269707487,0.26078334159643035,0.07511155180961825,0.23351512146752604,0.09072880515617253,0.35027268220128904,0.26450173525037185,0.12369856222112048,0.18839861179970252,0.11031234506693109,0.08849776896380764,0.05800694100148736,0.10089241447694595,0.0961824491819534,0.23202776400594943,0.24814080317302925,0.30069410014873577,0.4402578086266733,0.04685176003966286,0.07882994546355974,0.0909766980664353,0.3210213187902826,0.11700545364402579,0.28953891918691127,0.0932077342588002
LIBACT_DWUS,0.0458601883986118,0.0421417947446703,0.062221120475954385,0.062221120475954385,0.028011898859692613,0.03396132870599901,1.0,0.06990580069410014,0.029251363411006447,0.026772434308378782,0.03272186415468518,0.04015865146256817,0.03594447198810114,0.032969757064947945,0.062221120475954385,0.03148239960337134,0.0458601883986118,0.034209221616261776,0.03991075855230541,0.07263262270699058,0.0451165096678235,0.061973227565691624,0.06717897868120971,0.08230044620723848,0.0835399107585523,0.044868616757560736,0.02900347050074368,0.02751611303916708,0.03346554288547347,0.02900347050074368,0.07064947942488845,0.10213187902825979,0.04115022310361924,0.02255825483391175,0.06668319286068418,0.025037183936539417,0.062221120475954385
LIBACT_QUIRE,0.0880019831432821,0.09766980664352999,0.0436291522062469,0.09221616261774913,0.04115022310361924,0.04238968765493307,0.06990580069410014,1.0,0.0384234010907288,0.03743182944967774,0.04090233019335647,0.07288051561725335,0.06941001487357462,0.056023797719385225,0.0436291522062469,0.052553296975706494,0.08775409023301933,0.05304908279623203,0.059742191373326724,0.10089241447694595,0.06717897868120971,0.09643034209221617,0.059742191373326724,0.09742191373326722,0.10014873574615767,0.10560237977193852,0.034209221616261776,0.03371343579573624,0.037927615270203274,0.03817550818046604,0.10337134357957363,0.0805651958353991,0.0984134853743183,0.03668815071888944,0.1036192364898364,0.03594447198810114,0.09221616261774913
LIBACT_UNCERTAINTY_ENT,0.06668319286068418,0.1249380267724343,0.05676747645017353,0.07858205255329698,0.22806147744174515,0.19757064947942488,0.029251363411006447,0.0384234010907288,1.0,0.8009419930589985,0.7496281606346058,0.14352999504214178,0.14030738720872582,0.1648487853247397,0.05676747645017353,0.20525532969757065,0.06668319286068418,0.1745166088249876,0.16162617749132374,0.09742191373326722,0.15691621219633117,0.09519087754090233,0.08453148239960337,0.05280118988596926,0.09667823500247893,0.090233019335647,0.25706494794248885,0.21368368864650472,0.1826970748636589,0.26846802181457613,0.05627169062964799,0.06693108577094695,0.0835399107585523,0.3026772434308379,0.08775409023301933,0.34729796727813583,0.07858205255329698
LIBACT_UNCERTAINTY_LC,0.07337630143777887,0.124194348041646,0.04908279623202776,0.07511155180961825,0.27540902330193356,0.22830937035200793,0.026772434308378782,0.03743182944967774,0.8009419930589985,1.0,0.7937530986613783,0.1427863163113535,0.14402578086266732,0.1819533961328706,0.04908279623202776,0.22136836886465047,0.07362419434804164,0.19484382746653445,0.18244918195339613,0.0835399107585523,0.16435299950421417,0.09519087754090233,0.08552305404065444,0.047595438770451165,0.08477937530986614,0.08279623202776401,0.22731779871095686,0.26747645017352506,0.21467526028755576,0.2967278135845315,0.0436291522062469,0.06717897868120971,0.07957362419434805,0.3564700049578582,0.0850272682201289,0.3182944967773922,0.07511155180961825
LIBACT_UNCERTAINTY_SM,0.07411998016856718,0.12171541893901834,0.06073376301437779,0.090233019335647,0.2203767972235994,0.27912741695587506,0.03272186415468518,0.04090233019335647,0.7496281606346058,0.7937530986613783,1.0,0.153941497273178,0.15989092711948438,0.18988596926127913,0.06073376301437779,0.23624194348041647,0.07436787307882994,0.20302429350520576,0.1901338621715419,0.09593455627169063,0.1648487853247397,0.09940505701536936,0.0857709469509172,0.05404065443728309,0.09444719881011403,0.08329201784828955,0.19162121963311848,0.2181457610312345,0.2659890927119484,0.3579573624194348,0.04015865146256817,0.06941001487357462,0.07709469509172037,0.3001983143282102,0.09370352007932573,0.27912741695587506,0.090233019335647
OPTIMAL_GREEDY_10,0.21591472483886961,0.11774913237481408,0.16162617749132374,0.2092216162617749,0.15865146256817056,0.16980664352999505,0.04015865146256817,0.07288051561725335,0.14352999504214178,0.1427863163113535,0.153941497273178,1.0,0.6722855726326227,0.24764501735250372,0.16162617749132374,0.26499752107089736,0.21641051065939515,0.21170054536440258,0.32350024789291026,0.24516608824987604,0.20128904313336637,0.24020823004462072,0.07610312345066932,0.11824491819533961,0.24467030242935053,0.12840852751611304,0.15617253346554288,0.16534457114526524,0.17798710956866634,0.16906296479920674,0.06693108577094695,0.20128904313336637,0.14749628160634606,0.16162617749132374,0.22731779871095686,0.15270203272186417,0.2092216162617749
OPTIMAL_GREEDY_20,0.2131879028259792,0.11675756073376302,0.15840356965790778,0.20376797223599405,0.17129400099157163,0.18591968269707487,0.03594447198810114,0.06941001487357462,0.14030738720872582,0.14402578086266732,0.15989092711948438,0.6722855726326227,1.0,0.25359444719881014,0.15840356965790778,0.270699058006941,0.2129400099157164,0.22310361923648983,0.3140803173029251,0.2315319781854239,0.1908775409023302,0.2285572632622707,0.07783837382250867,0.11527020327218641,0.23326722855726326,0.1375805651958354,0.1588993554784333,0.16906296479920674,0.18790282597917699,0.1685671789786812,0.06817055032226078,0.19360436291522062,0.1494794248884482,0.15493306891422906,0.22136836886465047,0.1479920674268716,0.20376797223599405
PLAYGROUND_BANDIT,0.12047595438770452,0.13931581556767478,0.09643034209221617,0.12865642042637582,0.24392662369856222,0.26078334159643035,0.032969757064947945,0.056023797719385225,0.1648487853247397,0.1819533961328706,0.18988596926127913,0.24764501735250372,0.25359444719881014,1.0,0.09643034209221617,0.4372830937035201,0.12072384729796728,0.6405552801189885,0.4861179970252851,0.16410510659395142,0.315319781854239,0.15121467526028756,0.0857709469509172,0.08205255329697571,0.14476945959345563,0.15865146256817056,0.19930589985126426,0.20748636588993555,0.21690629647992068,0.24863658899355479,0.058750619732275654,0.09295984134853744,0.10907288051561725,0.2278135845314824,0.14253842340109074,0.2151710461080813,0.12865642042637582
PLAYGROUND_GRAPH_DENSITY,0.13411006445215667,0.07560733763014378,1.0,0.17129400099157163,0.06494794248884482,0.07511155180961825,0.062221120475954385,0.0436291522062469,0.05676747645017353,0.04908279623202776,0.06073376301437779,0.16162617749132374,0.15840356965790778,0.09643034209221617,1.0,0.0909766980664353,0.13411006445215667,0.07337630143777887,0.12022806147744175,0.20252850768468023,0.09940505701536936,0.16732771442736738,0.09072880515617253,0.08924144769459594,0.20699058006941,0.07139315815567675,0.0532969757064948,0.051313832424392664,0.059494298463063956,0.06618740704015866,0.05899851264253842,0.13510163609320774,0.1576598909271195,0.056023797719385225,0.16782350024789291,0.06048587010411502,0.17129400099157163
PLAYGROUND_INFORMATIVE_DIVERSE,0.12320277640059495,0.14080317302925136,0.0909766980664353,0.13138324243926625,0.22682201289043133,0.23351512146752604,0.03148239960337134,0.052553296975706494,0.20525532969757065,0.22136836886465047,0.23624194348041647,0.26499752107089736,0.270699058006941,0.4372830937035201,0.0909766980664353,1.0,0.12345066931085771,0.4442240951908775,0.4110064452156668,0.15195835399107585,0.2734258800198314,0.13807635101636093,0.0857709469509172,0.08626673277144274,0.15096678235002478,0.14898363906792267,0.21591472483886961,0.2270699058006941,0.24293505205751115,0.2240951908775409,0.058750619732275654,0.11105602379771938,0.10312345066931086,0.2151710461080813,0.1420426375805652,0.20674268715914726,0.13138324243926625
PLAYGROUND_KCENTER_GREEDY,0.9992563212692117,0.1256817055032226,0.13411006445215667,0.13187902825979178,0.0909766980664353,0.09072880515617253,0.0458601883986118,0.08775409023301933,0.06668319286068418,0.07362419434804164,0.07436787307882994,0.21641051065939515,0.2129400099157164,0.12072384729796728,0.13411006445215667,0.12345066931085771,1.0,0.09419930589985126,0.15220624690133863,0.16385721368368864,0.13361427863163114,0.16187407040158652,0.08378780366881507,0.07907783837382251,0.1536936043629152,0.11130391670798215,0.08453148239960337,0.0835399107585523,0.08527516113039167,0.07436787307882994,0.07635101636093208,0.10733763014377788,0.2285572632622707,0.07511155180961825,0.1331184928111056,0.07535944471988101,0.13187902825979178
PLAYGROUND_MARGIN,0.09395141298958849,0.13782845810609817,0.07337630143777887,0.10535448686167576,0.30143777887952405,0.35027268220128904,0.034209221616261776,0.05304908279623203,0.1745166088249876,0.19484382746653445,0.20302429350520576,0.21170054536440258,0.22310361923648983,0.6405552801189885,0.07337630143777887,0.4442240951908775,0.09419930589985126,1.0,0.5215666831928607,0.13361427863163114,0.3111056023797719,0.12667327714427368,0.08205255329697571,0.07833415964303421,0.12171541893901834,0.1554288547347546,0.21021318790282598,0.2211204759543877,0.23202776400594943,0.3336638572136837,0.05428854734754586,0.08304412493802678,0.0872583044124938,0.2853247397124442,0.11973227565691621,0.2667327714427367,0.10535448686167576
PLAYGROUND_MIXTURE,0.15195835399107585,0.1412989588497769,0.12022806147744175,0.15418939018344074,0.24318294496777393,0.26450173525037185,0.03991075855230541,0.059742191373326724,0.16162617749132374,0.18244918195339613,0.1901338621715419,0.32350024789291026,0.3140803173029251,0.4861179970252851,0.12022806147744175,0.4110064452156668,0.15220624690133863,0.5215666831928607,1.0,0.20798215171046108,0.2617749132374814,0.16683192860684184,0.0850272682201289,0.09568666336142786,0.18294496777392166,0.14452156668319285,0.19583539910758552,0.19881011403073873,0.2131879028259792,0.24690133862171543,0.06271690629647993,0.12543381259295985,0.10882498760535449,0.2248388696083292,0.1588993554784333,0.21467526028755576,0.15418939018344074
PLAYGROUND_UNIFORM,0.16385721368368864,0.11576598909271195,0.20252850768468023,0.26524541398116014,0.11378284581060982,0.12369856222112048,0.07263262270699058,0.10089241447694595,0.09742191373326722,0.0835399107585523,0.09593455627169063,0.24516608824987604,0.2315319781854239,0.16410510659395142,0.20252850768468023,0.15195835399107585,0.16385721368368864,0.13361427863163114,0.20798215171046108,1.0,0.16385721368368864,0.24293505205751115,0.11601388200297472,0.1420426375805652,0.3073872087258304,0.11824491819533961,0.09890927119484383,0.10138820029747149,0.11155180961824492,0.11254338125929599,0.09667823500247893,0.21566683192860683,0.19905800694100148,0.10237977193852256,0.27268220128904314,0.10114030738720872,0.26524541398116014
SKACTIVEML_COST_EMBEDDING,0.13361427863163114,0.16063460585027267,0.09940505701536936,0.14328210213187903,0.19360436291522062,0.18839861179970252,0.0451165096678235,0.06717897868120971,0.15691621219633117,0.16435299950421417,0.1648487853247397,0.20128904313336637,0.1908775409023302,0.315319781854239,0.09940505701536936,0.2734258800198314,0.13361427863163114,0.3111056023797719,0.2617749132374814,0.16385721368368864,1.0,0.1494794248884482,0.10634605850272683,0.09766980664352999,0.16410510659395142,0.16732771442736738,0.18294496777392166,0.1782350024789291,0.17873078829945463,0.16906296479920674,0.06941001487357462,0.1065939514129896,0.13411006445215667,0.1707982151710461,0.14476945959345563,0.17649975210708974,0.14328210213187903
SKACTIVEML_DAL,0.16187407040158652,0.10609816559246406,0.16732771442736738,0.22731779871095686,0.10634605850272683,0.11031234506693109,0.061973227565691624,0.09643034209221617,0.09519087754090233,0.09519087754090233,0.09940505701536936,0.24020823004462072,0.2285572632622707,0.15121467526028756,0.16732771442736738,0.13807635101636093,0.16187407040158652,0.12667327714427368,0.16683192860684184,0.24293505205751115,0.1494794248884482,1.0,0.1036192364898364,0.11527020327218641,0.248388696083292,0.10535448686167576,0.1028755577590481,0.1036192364898364,0.11031234506693109,0.10014873574615767,0.0946950917203768,0.18145761031234506,0.1797223599405057,0.09791769955379276,0.23500247892910262,0.09940505701536936,0.22731779871095686
SKACTIVEML_DWUS,0.0835399107585523,0.11725334655428855,0.09072880515617253,0.090233019335647,0.08651462568170551,0.08849776896380764,0.06717897868120971,0.059742191373326724,0.08453148239960337,0.08552305404065444,0.0857709469509172,0.07610312345066932,0.07783837382250867,0.0857709469509172,0.09072880515617253,0.0857709469509172,0.08378780366881507,0.08205255329697571,0.0850272682201289,0.11601388200297472,0.10634605850272683,0.1036192364898364,1.0,0.08651462568170551,0.10808130887456618,0.07535944471988101,0.0880019831432821,0.0894893406048587,0.08998512642538424,0.08106098165592464,0.05503222607833416,0.0909766980664353,0.09717402082300446,0.08106098165592464,0.1036192364898364,0.08031730292513634,0.090233019335647
SKACTIVEML_QBC,0.07882994546355974,0.06742687159147248,0.08924144769459594,0.1338621715418939,0.05552801189885969,0.05800694100148736,0.08230044620723848,0.09742191373326722,0.05280118988596926,0.047595438770451165,0.05404065443728309,0.11824491819533961,0.11527020327218641,0.08205255329697571,0.08924144769459594,0.08626673277144274,0.07907783837382251,0.07833415964303421,0.09568666336142786,0.1420426375805652,0.09766980664352999,0.11527020327218641,0.08651462568170551,1.0,0.1588993554784333,0.11031234506693109,0.0532969757064948,0.0532969757064948,0.06073376301437779,0.05205751115518096,0.10932077342588002,0.12741695587506197,0.10386712940009915,0.04685176003966286,0.1353495290034705,0.050322260783341594,0.1338621715418939
SKACTIVEML_QBC_VOTE_ENTROPY,0.15294992563212692,0.11427863163113534,0.20699058006941,0.28061477441745164,0.09568666336142786,0.10089241447694595,0.0835399107585523,0.10014873574615767,0.09667823500247893,0.08477937530986614,0.09444719881011403,0.24467030242935053,0.23326722855726326,0.14476945959345563,0.20699058006941,0.15096678235002478,0.1536936043629152,0.12171541893901834,0.18294496777392166,0.3073872087258304,0.16410510659395142,0.248388696083292,0.10808130887456618,0.1588993554784333,1.0,0.10981655924640556,0.09717402082300446,0.10089241447694595,0.10609816559246406,0.08626673277144274,0.07882994546355974,0.21591472483886961,0.19930589985126426,0.08155676747645017,0.29920674268715913,0.08527516113039167,0.28061477441745164
SKACTIVEML_QUIRE,0.11130391670798215,0.14625681705503224,0.07139315815567675,0.09667823500247893,0.0969261279127417,0.0961824491819534,0.044868616757560736,0.10560237977193852,0.090233019335647,0.08279623202776401,0.08329201784828955,0.12840852751611304,0.1375805651958354,0.15865146256817056,0.07139315815567675,0.14898363906792267,0.11130391670798215,0.1554288547347546,0.14452156668319285,0.11824491819533961,0.16732771442736738,0.10535448686167576,0.07535944471988101,0.11031234506693109,0.10981655924640556,1.0,0.10064452156668319,0.09667823500247893,0.0984134853743183,0.09370352007932573,0.09890927119484383,0.07833415964303421,0.11477441745166088,0.09370352007932573,0.11105602379771938,0.09643034209221617,0.09667823500247893
SKACTIVEML_US_ENTROPY,0.0842835894893406,0.1499752107089737,0.0532969757064948,0.07808626673277144,0.2654933068914229,0.23202776400594943,0.02900347050074368,0.034209221616261776,0.25706494794248885,0.22731779871095686,0.19162121963311848,0.15617253346554288,0.1588993554784333,0.19930589985126426,0.0532969757064948,0.21591472483886961,0.08453148239960337,0.21021318790282598,0.19583539910758552,0.09890927119484383,0.18294496777392166,0.1028755577590481,0.0880019831432821,0.0532969757064948,0.09717402082300446,0.10064452156668319,1.0,0.8185423896876549,0.7664848785324739,0.2114526524541398,0.0495785820525533,0.06172533465542886,0.08849776896380764,0.2461576598909271,0.09147248388696083,0.29400099157164106,0.07808626673277144
SKACTIVEML_US_LC,0.08329201784828955,0.1450173525037184,0.051313832424392664,0.08180466038671294,0.29821517104610806,0.24814080317302925,0.02751611303916708,0.03371343579573624,0.21368368864650472,0.26747645017352506,0.2181457610312345,0.16534457114526524,0.16906296479920674,0.20748636588993555,0.051313832424392664,0.2270699058006941,0.0835399107585523,0.2211204759543877,0.19881011403073873,0.10138820029747149,0.1782350024789291,0.1036192364898364,0.0894893406048587,0.0532969757064948,0.10089241447694595,0.09667823500247893,0.8185423896876549,1.0,0.7954883490332176,0.22756569162121965,0.046355974219137334,0.06693108577094695,0.08527516113039167,0.28011898859692613,0.0961824491819534,0.24442240951908775,0.08180466038671294
SKACTIVEML_US_MARGIN,0.0850272682201289,0.14154685176003967,0.059494298463063956,0.09147248388696083,0.24913237481408032,0.30069410014873577,0.03346554288547347,0.037927615270203274,0.1826970748636589,0.21467526028755576,0.2659890927119484,0.17798710956866634,0.18790282597917699,0.21690629647992068,0.059494298463063956,0.24293505205751115,0.08527516113039167,0.23202776400594943,0.2131879028259792,0.11155180961824492,0.17873078829945463,0.11031234506693109,0.08998512642538424,0.06073376301437779,0.10609816559246406,0.0984134853743183,0.7664848785324739,0.7954883490332176,1.0,0.2778879524045612,0.0436291522062469,0.07089737233515121,0.08180466038671294,0.23475458601883986,0.0984134853743183,0.20872583044124937,0.09147248388696083
SMALLTEXT_BREAKINGTIES,0.07411998016856718,0.131631135349529,0.06618740704015866,0.08651462568170551,0.31705503222607834,0.4402578086266733,0.02900347050074368,0.03817550818046604,0.26846802181457613,0.2967278135845315,0.3579573624194348,0.16906296479920674,0.1685671789786812,0.24863658899355479,0.06618740704015866,0.2240951908775409,0.07436787307882994,0.3336638572136837,0.24690133862171543,0.11254338125929599,0.16906296479920674,0.10014873574615767,0.08106098165592464,0.05205751115518096,0.08626673277144274,0.09370352007932573,0.2114526524541398,0.22756569162121965,0.2778879524045612,1.0,0.04015865146256817,0.07288051561725335,0.07411998016856718,0.7875557759048091,0.0961824491819534,0.7538423401090729,0.08651462568170551
SMALLTEXT_CONTRASTIVEAL,0.07659890927119484,0.08081308874566187,0.05899851264253842,0.07362419434804164,0.05404065443728309,0.04685176003966286,0.07064947942488845,0.10337134357957363,0.05627169062964799,0.0436291522062469,0.04015865146256817,0.06693108577094695,0.06817055032226078,0.058750619732275654,0.05899851264253842,0.058750619732275654,0.07635101636093208,0.05428854734754586,0.06271690629647993,0.09667823500247893,0.06941001487357462,0.0946950917203768,0.05503222607833416,0.10932077342588002,0.07882994546355974,0.09890927119484383,0.0495785820525533,0.046355974219137334,0.0436291522062469,0.04015865146256817,1.0,0.0872583044124938,0.1036192364898364,0.0480912245909767,0.09643034209221617,0.0466038671294001,0.07362419434804164
SMALLTEXT_EMBEDDINGKMEANS,0.10758552305404065,0.0813088745661874,0.13510163609320774,0.20079325731284084,0.07362419434804164,0.07882994546355974,0.10213187902825979,0.0805651958353991,0.06693108577094695,0.06717897868120971,0.06941001487357462,0.20128904313336637,0.19360436291522062,0.09295984134853744,0.13510163609320774,0.11105602379771938,0.10733763014377788,0.08304412493802678,0.12543381259295985,0.21566683192860683,0.1065939514129896,0.18145761031234506,0.0909766980664353,0.12741695587506197,0.21591472483886961,0.07833415964303421,0.06172533465542886,0.06693108577094695,0.07089737233515121,0.07288051561725335,0.0872583044124938,1.0,0.13287059990084282,0.06941001487357462,0.23128408527516114,0.06990580069410014,0.20079325731284084
SMALLTEXT_GREEDYCORESET,0.2285572632622707,0.1279127416955875,0.1576598909271195,0.18145761031234506,0.0924640555280119,0.0909766980664353,0.04115022310361924,0.0984134853743183,0.0835399107585523,0.07957362419434805,0.07709469509172037,0.14749628160634606,0.1494794248884482,0.10907288051561725,0.1576598909271195,0.10312345066931086,0.2285572632622707,0.0872583044124938,0.10882498760535449,0.19905800694100148,0.13411006445215667,0.1797223599405057,0.09717402082300446,0.10386712940009915,0.19930589985126426,0.11477441745166088,0.08849776896380764,0.08527516113039167,0.08180466038671294,0.07411998016856718,0.1036192364898364,0.13287059990084282,1.0,0.07560733763014378,0.18889439762022806,0.08477937530986614,0.18145761031234506
SMALLTEXT_LEASTCONFIDENCE,0.07486365889935548,0.1420426375805652,0.056023797719385225,0.07932573128408528,0.4305899851264254,0.3210213187902826,0.02255825483391175,0.03668815071888944,0.3026772434308379,0.3564700049578582,0.3001983143282102,0.16162617749132374,0.15493306891422906,0.2278135845314824,0.056023797719385225,0.2151710461080813,0.07511155180961825,0.2853247397124442,0.2248388696083292,0.10237977193852256,0.1707982151710461,0.09791769955379276,0.08106098165592464,0.04685176003966286,0.08155676747645017,0.09370352007932573,0.2461576598909271,0.28011898859692613,0.23475458601883986,0.7875557759048091,0.0480912245909767,0.06941001487357462,0.07560733763014378,1.0,0.08924144769459594,0.8123450669310858,0.07932573128408528
SMALLTEXT_LIGHTWEIGHTCORESET,0.13262270699058007,0.12047595438770452,0.16782350024789291,0.25260287555775907,0.10708973723351513,0.11700545364402579,0.06668319286068418,0.1036192364898364,0.08775409023301933,0.0850272682201289,0.09370352007932573,0.22731779871095686,0.22136836886465047,0.14253842340109074,0.16782350024789291,0.1420426375805652,0.1331184928111056,0.11973227565691621,0.1588993554784333,0.27268220128904314,0.14476945959345563,0.23500247892910262,0.1036192364898364,0.1353495290034705,0.29920674268715913,0.11105602379771938,0.09147248388696083,0.0961824491819534,0.0984134853743183,0.0961824491819534,0.09643034209221617,0.23128408527516114,0.18889439762022806,0.08924144769459594,1.0,0.09048091224590976,0.25260287555775907
SMALLTEXT_PREDICTIONENTROPY,0.07535944471988101,0.1457610312345067,0.06048587010411502,0.07907783837382251,0.3358948934060486,0.28953891918691127,0.025037183936539417,0.03594447198810114,0.34729796727813583,0.3182944967773922,0.27912741695587506,0.15270203272186417,0.1479920674268716,0.2151710461080813,0.06048587010411502,0.20674268715914726,0.07535944471988101,0.2667327714427367,0.21467526028755576,0.10114030738720872,0.17649975210708974,0.09940505701536936,0.08031730292513634,0.050322260783341594,0.08527516113039167,0.09643034209221617,0.29400099157164106,0.24442240951908775,0.20872583044124937,0.7538423401090729,0.0466038671294001,0.06990580069410014,0.08477937530986614,0.8123450669310858,0.09048091224590976,1.0,0.07907783837382251
SMALLTEXT_RANDOM,0.13138324243926625,0.10089241447694595,0.17129400099157163,1.0,0.08701041150223103,0.0932077342588002,0.062221120475954385,0.09221616261774913,0.07858205255329698,0.07511155180961825,0.090233019335647,0.2092216162617749,0.20376797223599405,0.12865642042637582,0.17129400099157163,0.13138324243926625,0.13187902825979178,0.10535448686167576,0.15418939018344074,0.26524541398116014,0.14328210213187903,0.22731779871095686,0.090233019335647,0.1338621715418939,0.28061477441745164,0.09667823500247893,0.07808626673277144,0.08180466038671294,0.09147248388696083,0.08651462568170551,0.07362419434804164,0.20079325731284084,0.18145761031234506,0.07932573128408528,0.25260287555775907,0.07907783837382251,1.0
