,ALIPY_CORESET_GREEDY,ALIPY_DENSITY_WEIGHTED,ALIPY_GRAPH_DENSITY,ALIPY_RANDOM,ALIPY_UNCERTAINTY_LC,ALIPY_UNCERTAINTY_MM,LIBACT_DWUS,LIBACT_QUIRE,LIBACT_UNCERTAINTY_ENT,LIBACT_UNCERTAINTY_LC,LIBACT_UNCERTAINTY_SM,OPTIMAL_GREEDY_10,OPTIMAL_GREEDY_20,PLAYGROUND_BANDIT,PLAYGROUND_GRAPH_DENSITY,PLAYGROUND_INFORMATIVE_DIVERSE,PLAYGROUND_KCENTER_GREEDY,PLAYGROUND_MARGIN,PLAYGROUND_MIXTURE,PLAYGROUND_UNIFORM,SKACTIVEML_COST_EMBEDDING,SKACTIVEML_DAL,SKACTIVEML_DWUS,SKACTIVEML_QBC,SKACTIVEML_QBC_VOTE_ENTROPY,SKACTIVEML_QUIRE,SKACTIVEML_US_ENTROPY,SKACTIVEML_US_LC,SKACTIVEML_US_MARGIN,SMALLTEXT_BREAKINGTIES,SMALLTEXT_CONTRASTIVEAL,SMALLTEXT_EMBEDDINGKMEANS,SMALLTEXT_GREEDYCORESET,SMALLTEXT_LEASTCONFIDENCE,SMALLTEXT_LIGHTWEIGHTCORESET,SMALLTEXT_PREDICTIONENTROPY,SMALLTEXT_RANDOM
ALIPY_CORESET_GREEDY,4034,534,374,456,359,349,333,493,268,253,260,658,680,344,374,442,4033,328,457,545,393,548,332,451,589,500,312,332,316,308,402,597,789,334,561,322,456
ALIPY_DENSITY_WEIGHTED,534,4034,346,387,488,468,508,668,419,429,450,593,601,449,346,382,535,375,432,546,502,597,552,427,548,694,454,461,457,434,445,533,601,456,542,450,387
ALIPY_GRAPH_DENSITY,374,346,4034,516,325,351,509,273,273,254,289,745,737,370,4034,433,374,330,494,676,353,549,580,523,648,321,248,246,267,293,342,748,542,262,623,269,516
ALIPY_RANDOM,456,387,516,4034,350,381,415,365,296,291,313,933,955,430,516,542,457,391,621,824,445,727,452,610,851,400,338,351,361,326,411,864,501,300,796,297,4034
ALIPY_UNCERTAINTY_LC,359,488,325,350,4034,3008,342,309,528,676,479,574,558,691,325,486,360,812,624,532,518,492,452,427,522,422,658,791,587,894,360,511,416,1418,506,988,350
ALIPY_UNCERTAINTY_MM,349,468,351,381,3008,4034,372,317,447,473,685,621,576,792,351,504,350,1066,727,553,477,525,483,426,511,430,544,556,751,1425,360,554,452,914,541,801,381
LIBACT_DWUS,333,508,509,415,342,372,4034,423,287,279,312,556,535,364,509,299,333,322,359,499,404,492,678,511,582,459,301,317,353,322,454,664,469,307,538,292,415
LIBACT_QUIRE,493,668,273,365,309,317,423,4034,240,243,245,498,492,313,273,341,493,315,356,501,319,441,419,398,470,558,279,258,284,274,475,466,516,280,457,281,365
LIBACT_UNCERTAINTY_ENT,268,419,273,296,528,447,287,240,4034,3154,2938,436,426,360,273,433,268,320,358,402,389,406,414,331,428,366,709,545,438,708,314,422,356,809,402,1002,296
LIBACT_UNCERTAINTY_LC,253,429,254,291,676,473,279,243,3154,4034,3040,446,438,370,254,443,254,354,359,395,400,399,435,318,431,363,567,695,496,745,301,403,345,964,391,827,291
LIBACT_UNCERTAINTY_SM,260,450,289,313,479,685,312,245,2938,3040,4034,492,488,395,289,477,261,367,401,449,401,414,466,374,454,357,450,488,669,974,296,439,368,757,446,749,313
OPTIMAL_GREEDY_10,658,593,745,933,574,621,556,498,436,446,492,4034,2346,655,745,801,659,580,919,1245,577,1088,623,901,1266,598,534,557,550,514,561,1379,713,460,1114,467,933
OPTIMAL_GREEDY_20,680,601,737,955,558,576,535,492,426,438,488,2346,4034,628,737,792,681,548,896,1242,582,1077,678,879,1300,601,537,549,563,523,561,1391,735,487,1151,480,955
PLAYGROUND_BANDIT,344,449,370,430,691,792,364,313,360,370,395,655,628,4034,370,1381,345,2601,1562,619,872,549,409,506,572,605,444,451,463,702,380,570,427,606,597,581,430
PLAYGROUND_GRAPH_DENSITY,374,346,4034,516,325,351,509,273,273,254,289,745,737,370,4034,433,374,330,494,676,353,549,580,523,648,321,248,246,267,293,342,748,542,262,623,269,516
PLAYGROUND_INFORMATIVE_DIVERSE,442,382,433,542,486,504,299,341,433,443,477,801,792,1381,433,4034,443,1352,1312,667,657,621,478,541,686,515,472,478,500,471,405,698,482,454,638,445,542
PLAYGROUND_KCENTER_GREEDY,4033,535,374,457,360,350,333,493,268,254,261,659,681,345,374,443,4034,329,458,546,393,548,333,451,590,500,313,333,317,309,402,598,789,335,562,322,457
PLAYGROUND_MARGIN,328,375,330,391,812,1066,322,315,320,354,367,580,548,2601,330,1352,329,4034,1899,555,834,504,402,475,502,548,420,431,452,999,362,502,397,766,512,679,391
PLAYGROUND_MIXTURE,457,432,494,621,624,727,359,356,358,359,401,919,896,1562,494,1312,458,1899,4034,861,654,713,459,579,771,509,444,437,477,670,418,771,494,575,743,538,621
PLAYGROUND_UNIFORM,545,546,676,824,532,553,499,501,402,395,449,1245,1242,619,676,667,546,555,861,4034,542,860,514,745,1060,551,455,450,495,462,517,1071,629,441,945,403,824
SKACTIVEML_COST_EMBEDDING,393,502,353,445,518,477,404,319,389,400,401,577,582,872,353,657,393,834,654,542,4034,532,446,489,566,652,487,487,451,419,383,556,430,426,555,438,445
SKACTIVEML_DAL,548,597,549,727,492,525,492,441,406,399,414,1088,1077,549,549,621,548,504,713,860,532,4034,607,677,933,576,482,488,512,468,539,893,633,451,843,439,727
SKACTIVEML_DWUS,332,552,580,452,452,483,678,419,414,435,466,623,678,409,580,478,333,402,459,514,446,607,4034,508,597,468,424,433,452,429,461,687,471,388,564,391,452
SKACTIVEML_QBC,451,427,523,610,427,426,511,398,331,318,374,901,879,506,523,541,451,475,579,745,489,677,508,4034,801,500,396,410,432,366,466,750,494,339,695,328,610
SKACTIVEML_QBC_VOTE_ENTROPY,589,548,648,851,522,511,582,470,428,431,454,1266,1300,572,648,686,590,502,771,1060,566,933,597,801,4034,547,490,484,525,458,518,1079,697,448,951,435,851
SKACTIVEML_QUIRE,500,694,321,400,422,430,459,558,366,363,357,598,601,605,321,515,500,548,509,551,652,576,468,500,547,4034,402,397,410,374,451,532,618,386,533,378,400
SKACTIVEML_US_ENTROPY,312,454,248,338,658,544,301,279,709,567,450,534,537,444,248,472,313,420,444,455,487,482,424,396,490,402,4034,3183,2981,468,340,483,410,579,472,733,338
SKACTIVEML_US_LC,332,461,246,351,791,556,317,258,545,695,488,557,549,451,246,478,333,431,437,450,487,488,433,410,484,397,3183,4034,3038,487,331,480,385,715,465,585,351
SKACTIVEML_US_MARGIN,316,457,267,361,587,751,353,284,438,496,669,550,563,463,267,500,317,452,477,495,451,512,452,432,525,410,2981,3038,4034,672,331,508,418,518,494,468,361
SMALLTEXT_BREAKINGTIES,308,434,293,326,894,1425,322,274,708,745,974,514,523,702,293,471,309,999,670,462,419,468,429,366,458,374,468,487,672,4034,304,482,385,3014,506,2927,326
SMALLTEXT_CONTRASTIVEAL,402,445,342,411,360,360,454,475,314,301,296,561,561,380,342,405,402,362,418,517,383,539,461,466,518,451,340,331,331,304,4034,546,584,341,532,332,411
SMALLTEXT_EMBEDDINGKMEANS,597,533,748,864,511,554,664,466,422,403,439,1379,1391,570,748,698,598,502,771,1071,556,893,687,750,1079,532,483,480,508,482,546,4034,622,460,1016,462,864
SMALLTEXT_GREEDYCORESET,789,601,542,501,416,452,469,516,356,345,368,713,735,427,542,482,789,397,494,629,430,633,471,494,697,618,410,385,418,385,584,622,4034,380,647,389,501
SMALLTEXT_LEASTCONFIDENCE,334,456,262,300,1418,914,307,280,809,964,757,460,487,606,262,454,335,766,575,441,426,451,388,339,448,386,579,715,518,3014,341,460,380,4034,442,3124,300
SMALLTEXT_LIGHTWEIGHTCORESET,561,542,623,796,506,541,538,457,402,391,446,1114,1151,597,623,638,562,512,743,945,555,843,564,695,951,533,472,465,494,506,532,1016,647,442,4034,445,796
SMALLTEXT_PREDICTIONENTROPY,322,450,269,297,988,801,292,281,1002,827,749,467,480,581,269,445,322,679,538,403,438,439,391,328,435,378,733,585,468,2927,332,462,389,3124,445,4034,297
SMALLTEXT_RANDOM,456,387,516,4034,350,381,415,365,296,291,313,933,955,430,516,542,457,391,621,824,445,727,452,610,851,400,338,351,361,326,411,864,501,300,796,297,4034
