,ALIPY_CORESET_GREEDY,ALIPY_DENSITY_WEIGHTED,ALIPY_GRAPH_DENSITY,ALIPY_RANDOM,ALIPY_UNCERTAINTY_LC,ALIPY_UNCERTAINTY_MM,LIBACT_DWUS,LIBACT_QUIRE,LIBACT_UNCERTAINTY_ENT,LIBACT_UNCERTAINTY_LC,LIBACT_UNCERTAINTY_SM,OPTIMAL_GREEDY_10,OPTIMAL_GREEDY_20,PLAYGROUND_BANDIT,PLAYGROUND_GRAPH_DENSITY,PLAYGROUND_INFORMATIVE_DIVERSE,PLAYGROUND_KCENTER_GREEDY,PLAYGROUND_MARGIN,PLAYGROUND_MIXTURE,PLAYGROUND_UNIFORM,SKACTIVEML_COST_EMBEDDING,SKACTIVEML_DAL,SKACTIVEML_DWUS,SKACTIVEML_QBC,SKACTIVEML_QBC_VOTE_ENTROPY,SKACTIVEML_QUIRE,SKACTIVEML_US_ENTROPY,SKACTIVEML_US_LC,SKACTIVEML_US_MARGIN,SMALLTEXT_BREAKINGTIES,SMALLTEXT_CONTRASTIVEAL,SMALLTEXT_EMBEDDINGKMEANS,SMALLTEXT_GREEDYCORESET,SMALLTEXT_LEASTCONFIDENCE,SMALLTEXT_LIGHTWEIGHTCORESET,SMALLTEXT_PREDICTIONENTROPY,SMALLTEXT_RANDOM
ALIPY_CORESET_GREEDY,1.0,0.07238472979672782,0.050322260783341594,0.04784333168071393,0.04784333168071393,0.0451165096678235,0.06717897868120971,0.07511155180961825,0.030490827962320277,0.029747149231531978,0.031978185423896875,0.07040158651462568,0.06569162121963312,0.0532969757064948,0.050322260783341594,0.05800694100148736,0.9881011403073872,0.047595438770451165,0.051313832424392664,0.07213683688646505,0.06668319286068418,0.07734258800198314,0.07015369360436291,0.06817055032226078,0.06370847793753098,0.07015369360436291,0.02900347050074368,0.03247397124442241,0.029995042141794746,0.03222607833415964,0.07213683688646505,0.06965790778383739,0.0954387704511651,0.03396132870599901,0.06767476450173525,0.03346554288547347,0.04784333168071393
ALIPY_DENSITY_WEIGHTED,0.07238472979672782,1.0,0.05528011898859692,0.05899851264253842,0.14229053049082796,0.12890431333663857,0.1670798215171046,0.1663361427863163,0.08701041150223103,0.08899355478433317,0.08626673277144274,0.15939514129895885,0.16881507188894398,0.19162121963311848,0.05577590480912246,0.19261279127416955,0.07560733763014378,0.1536936043629152,0.15642042637580567,0.1700545364402578,0.20079325731284084,0.16162617749132374,0.2035200793257313,0.15939514129895885,0.17674764501735252,0.20451165096678234,0.08775409023301933,0.08651462568170551,0.090233019335647,0.07833415964303421,0.17203767972235995,0.1665840356965791,0.1797223599405057,0.08601883986117997,0.15642042637580567,0.08824987605354487,0.05850272682201289
ALIPY_GRAPH_DENSITY,0.050322260783341594,0.05528011898859692,1.0,0.05304908279623203,0.04933068914229053,0.05205751115518096,0.0768468021814576,0.06346058502726822,0.03173029251363411,0.028011898859692613,0.03371343579573624,0.08230044620723848,0.07461576598909271,0.054784333168071395,0.9928111056023797,0.06172533465542886,0.05428854734754586,0.05057015369360436,0.057263262270699056,0.07089737233515121,0.06246901338621715,0.07263262270699058,0.06693108577094695,0.06965790778383739,0.07858205255329698,0.06246901338621715,0.029747149231531978,0.03024293505205751,0.031234506693108576,0.02900347050074368,0.06569162121963312,0.07411998016856718,0.0805651958353991,0.028507684680218144,0.07436787307882994,0.029251363411006447,0.05007436787307883
ALIPY_RANDOM,0.04784333168071393,0.05899851264253842,0.05304908279623203,1.0,0.0428854734754586,0.0428854734754586,0.07139315815567675,0.05528011898859692,0.03148239960337134,0.033217649975210706,0.03470500743678731,0.08279623202776401,0.0857709469509172,0.05404065443728309,0.05552801189885969,0.05701536936043629,0.05453644025780863,0.044868616757560736,0.047595438770451165,0.08205255329697571,0.06767476450173525,0.07932573128408528,0.07089737233515121,0.07312840852751612,0.08031730292513634,0.05751115518096182,0.03222607833415964,0.03272186415468518,0.0384234010907288,0.02875557759048091,0.059494298463063956,0.08477937530986614,0.07213683688646505,0.02825979176995538,0.07610312345066932,0.027020327218641546,0.9938026772434309
ALIPY_UNCERTAINTY_LC,0.04784333168071393,0.14229053049082796,0.04933068914229053,0.0428854734754586,1.0,0.7374814080317303,0.07411998016856718,0.07560733763014378,0.10485870104115022,0.11452652454139811,0.0961824491819534,0.08031730292513634,0.08106098165592464,0.12766484878532475,0.05404065443728309,0.11948438274665345,0.054784333168071395,0.16980664352999505,0.12245909766980664,0.09568666336142786,0.1256817055032226,0.08849776896380764,0.10708973723351513,0.07982151710461081,0.08180466038671294,0.10262766484878533,0.1065939514129896,0.11056023797719385,0.0969261279127417,0.14526524541398117,0.0894893406048587,0.0805651958353991,0.08899355478433317,0.229300941993059,0.08701041150223103,0.16212196331184928,0.0406544372830937
ALIPY_UNCERTAINTY_MM,0.0451165096678235,0.12890431333663857,0.05205751115518096,0.0428854734754586,0.7374814080317303,1.0,0.07560733763014378,0.07139315815567675,0.08651462568170551,0.090233019335647,0.11477441745166088,0.08403569657907783,0.08626673277144274,0.12072384729796728,0.05552801189885969,0.11576598909271195,0.05205751115518096,0.20847793753098662,0.14154685176003967,0.09419930589985126,0.12444224095190877,0.090233019335647,0.10808130887456618,0.08006941001487357,0.08230044620723848,0.09742191373326722,0.08849776896380764,0.09370352007932573,0.10560237977193852,0.22508676251859197,0.07882994546355974,0.0917203767972236,0.0909766980664353,0.14452156668319285,0.08006941001487357,0.1405552801189886,0.040406544372830935
LIBACT_DWUS,0.06717897868120971,0.1670798215171046,0.0768468021814576,0.07139315815567675,0.07411998016856718,0.07560733763014378,1.0,0.18988596926127913,0.05280118988596926,0.051065939514129896,0.05156172533465543,0.18963807635101637,0.1886465047099653,0.14253842340109074,0.07907783837382251,0.1383242439266237,0.07213683688646505,0.11725334655428855,0.12692117005453643,0.19137332672285573,0.17278135845314824,0.1998016856717898,0.19360436291522062,0.1906296479920674,0.19856222112047595,0.1650966782350025,0.060981655924640554,0.059494298463063956,0.059494298463063956,0.05007436787307883,0.1923648983639068,0.21541893901834408,0.19137332672285573,0.0421417947446703,0.18963807635101637,0.04709965294992563,0.06916212196331185
LIBACT_QUIRE,0.07511155180961825,0.1663361427863163,0.06346058502726822,0.05528011898859692,0.07560733763014378,0.07139315815567675,0.18988596926127913,1.0,0.05404065443728309,0.0480912245909767,0.044124938026772434,0.17055032226078334,0.19162121963311848,0.1420426375805652,0.06420426375805652,0.1331184928111056,0.07734258800198314,0.10188398611799702,0.11626177491323748,0.18666336142786316,0.1611303916707982,0.1760039662865642,0.1782350024789291,0.1834407535944472,0.1789786812097174,0.18244918195339613,0.05404065443728309,0.05453644025780863,0.0495785820525533,0.04115022310361924,0.1901338621715419,0.1945959345562717,0.19583539910758552,0.04338125929598413,0.18096182449181952,0.04685176003966286,0.05503222607833416
LIBACT_UNCERTAINTY_ENT,0.030490827962320277,0.08701041150223103,0.03173029251363411,0.03148239960337134,0.10485870104115022,0.08651462568170551,0.05280118988596926,0.05404065443728309,1.0,0.7630143777887952,0.7426871591472484,0.07362419434804164,0.06593951412989589,0.08304412493802678,0.03619236489836391,0.09072880515617253,0.03941497273177987,0.07610312345066932,0.06866633614278632,0.06593951412989589,0.0872583044124938,0.06742687159147248,0.08230044620723848,0.059494298463063956,0.06767476450173525,0.07511155180961825,0.11477441745166088,0.0954387704511651,0.09271194843827467,0.08106098165592464,0.07288051561725335,0.06519583539910759,0.07114526524541398,0.0909766980664353,0.06321269211700545,0.11303916707982152,0.02875557759048091
LIBACT_UNCERTAINTY_LC,0.029747149231531978,0.08899355478433317,0.028011898859692613,0.033217649975210706,0.11452652454139811,0.090233019335647,0.051065939514129896,0.0480912245909767,0.7630143777887952,1.0,0.7518591968269708,0.06916212196331185,0.06866633614278632,0.0887456618740704,0.03222607833415964,0.09965294992563213,0.037927615270203274,0.07486365889935548,0.07535944471988101,0.06370847793753098,0.09196826970748637,0.07362419434804164,0.08453148239960337,0.05800694100148736,0.062221120475954385,0.07808626673277144,0.10560237977193852,0.11179970252850768,0.10386712940009915,0.08750619732275657,0.07015369360436291,0.06593951412989589,0.06618740704015866,0.10585027268220129,0.06296479920674268,0.10808130887456618,0.030738720872583045
LIBACT_UNCERTAINTY_SM,0.031978185423896875,0.08626673277144274,0.03371343579573624,0.03470500743678731,0.0961824491819534,0.11477441745166088,0.05156172533465543,0.044124938026772434,0.7426871591472484,0.7518591968269708,1.0,0.07709469509172037,0.06395637084779375,0.09345562716906297,0.0384234010907288,0.09816559246405553,0.03991075855230541,0.08329201784828955,0.07610312345066932,0.06792265741199802,0.09072880515617253,0.06841844323252355,0.0857709469509172,0.059742191373326724,0.06668319286068418,0.07610312345066932,0.10188398611799702,0.09345562716906297,0.11725334655428855,0.10758552305404065,0.06891422905304909,0.07114526524541398,0.06668319286068418,0.08973723351512147,0.06891422905304909,0.09643034209221617,0.03247397124442241
OPTIMAL_GREEDY_10,0.07040158651462568,0.15939514129895885,0.08230044620723848,0.08279623202776401,0.08031730292513634,0.08403569657907783,0.18963807635101637,0.17055032226078334,0.07362419434804164,0.06916212196331185,0.07709469509172037,1.0,0.23648983639067922,0.16608824987605356,0.0872583044124938,0.15096678235002478,0.07932573128408528,0.11328705999008429,0.12766484878532475,0.2072384729796728,0.19360436291522062,0.20376797223599405,0.19162121963311848,0.19955379276152702,0.20599900842835894,0.17203767972235995,0.07387208725830441,0.07015369360436291,0.07089737233515121,0.06147744174516609,0.1663361427863163,0.19558750619732276,0.18988596926127913,0.05528011898859692,0.19955379276152702,0.06147744174516609,0.0805651958353991
OPTIMAL_GREEDY_20,0.06569162121963312,0.16881507188894398,0.07461576598909271,0.0857709469509172,0.08106098165592464,0.08626673277144274,0.1886465047099653,0.19162121963311848,0.06593951412989589,0.06866633614278632,0.06395637084779375,0.23648983639067922,1.0,0.1633614278631631,0.07957362419434805,0.15716410510659395,0.07461576598909271,0.11527020327218641,0.12543381259295985,0.20500743678730787,0.18963807635101637,0.2072384729796728,0.18839861179970252,0.20104115022310362,0.20823004462072384,0.1760039662865642,0.06643529995042141,0.06866633614278632,0.06767476450173525,0.058750619732275654,0.17030242935052056,0.19781854238968766,0.18319286068418444,0.059494298463063956,0.1938522558254834,0.06246901338621715,0.08329201784828955
PLAYGROUND_BANDIT,0.0532969757064948,0.19162121963311848,0.054784333168071395,0.05404065443728309,0.12766484878532475,0.12072384729796728,0.14253842340109074,0.1420426375805652,0.08304412493802678,0.0887456618740704,0.09345562716906297,0.16608824987605356,0.1633614278631631,1.0,0.060981655924640554,0.3629152206246901,0.06296479920674268,0.36415468517600397,0.3262270699058007,0.14848785324739713,0.1968269707486366,0.15344571145265246,0.16534457114526524,0.14700049578582053,0.15468517600396628,0.16732771442736738,0.09345562716906297,0.09766980664352999,0.09593455627169063,0.08477937530986614,0.13956370847793753,0.1442736737729301,0.15642042637580567,0.08527516113039167,0.14823996033713435,0.08453148239960337,0.051313832424392664
PLAYGROUND_GRAPH_DENSITY,0.050322260783341594,0.05577590480912246,0.9928111056023797,0.05552801189885969,0.05404065443728309,0.05552801189885969,0.07907783837382251,0.06420426375805652,0.03619236489836391,0.03222607833415964,0.0384234010907288,0.0872583044124938,0.07957362419434805,0.060981655924640554,1.0,0.06618740704015866,0.05999008428358949,0.05627169062964799,0.06296479920674268,0.07635101636093208,0.06767476450173525,0.07734258800198314,0.07064947942488845,0.07387208725830441,0.08403569657907783,0.06569162121963312,0.034209221616261776,0.03495290034705007,0.035696579077838374,0.032969757064947945,0.06668319286068418,0.07833415964303421,0.08651462568170551,0.030490827962320277,0.0768468021814576,0.03173029251363411,0.05280118988596926
PLAYGROUND_INFORMATIVE_DIVERSE,0.05800694100148736,0.19261279127416955,0.06172533465542886,0.05701536936043629,0.11948438274665345,0.11576598909271195,0.1383242439266237,0.1331184928111056,0.09072880515617253,0.09965294992563213,0.09816559246405553,0.15096678235002478,0.15716410510659395,0.3629152206246901,0.06618740704015866,1.0,0.06668319286068418,0.32870599900842834,0.3113534952900347,0.15865146256817056,0.20401586514625683,0.15592464055528013,0.1752602875557759,0.15121467526028756,0.15493306891422906,0.17030242935052056,0.09072880515617253,0.10237977193852256,0.09519087754090233,0.08552305404065444,0.14030738720872582,0.15270203272186417,0.1591472483886961,0.08626673277144274,0.15790778383738224,0.08701041150223103,0.05503222607833416
PLAYGROUND_KCENTER_GREEDY,0.9881011403073872,0.07560733763014378,0.05428854734754586,0.05453644025780863,0.054784333168071395,0.05205751115518096,0.07213683688646505,0.07734258800198314,0.03941497273177987,0.037927615270203274,0.03991075855230541,0.07932573128408528,0.07461576598909271,0.06296479920674268,0.05999008428358949,0.06668319286068418,1.0,0.05627169062964799,0.06023797719385226,0.0805651958353991,0.07411998016856718,0.08527516113039167,0.07808626673277144,0.07362419434804164,0.07188894397620228,0.07610312345066932,0.03594447198810114,0.040406544372830935,0.03718393653941497,0.03966286564204264,0.07461576598909271,0.07709469509172037,0.10411502231036192,0.03817550818046604,0.07164105106593951,0.03767972235994051,0.05230540406544373
PLAYGROUND_MARGIN,0.047595438770451165,0.1536936043629152,0.05057015369360436,0.044868616757560736,0.16980664352999505,0.20847793753098662,0.11725334655428855,0.10188398611799702,0.07610312345066932,0.07486365889935548,0.08329201784828955,0.11328705999008429,0.11527020327218641,0.36415468517600397,0.05627169062964799,0.32870599900842834,0.05627169062964799,1.0,0.47942488844819037,0.11725334655428855,0.1722855726326227,0.11824491819533961,0.12741695587506197,0.10907288051561725,0.1212196331184928,0.14080317302925136,0.08527516113039167,0.08626673277144274,0.08849776896380764,0.1707982151710461,0.11353495290034706,0.10932077342588002,0.12072384729796728,0.1360932077342588,0.10262766484878533,0.12741695587506197,0.0421417947446703
PLAYGROUND_MIXTURE,0.051313832424392664,0.15642042637580567,0.057263262270699056,0.047595438770451165,0.12245909766980664,0.14154685176003967,0.12692117005453643,0.11626177491323748,0.06866633614278632,0.07535944471988101,0.07610312345066932,0.12766484878532475,0.12543381259295985,0.3262270699058007,0.06296479920674268,0.3113534952900347,0.06023797719385226,0.47942488844819037,1.0,0.12320277640059495,0.16460089241447695,0.12840852751611304,0.13559742191373328,0.11031234506693109,0.12022806147744175,0.146504709965295,0.06990580069410014,0.07907783837382251,0.07411998016856718,0.11056023797719385,0.11626177491323748,0.11998016856717898,0.13063956370847793,0.0894893406048587,0.10956866633614279,0.08626673277144274,0.045364402578086264
PLAYGROUND_UNIFORM,0.07213683688646505,0.1700545364402578,0.07089737233515121,0.08205255329697571,0.09568666336142786,0.09419930589985126,0.19137332672285573,0.18666336142786316,0.06593951412989589,0.06370847793753098,0.06792265741199802,0.2072384729796728,0.20500743678730787,0.14848785324739713,0.07635101636093208,0.15865146256817056,0.0805651958353991,0.11725334655428855,0.12320277640059495,1.0,0.17426871591472484,0.20475954387704512,0.18914229053049084,0.18914229053049084,0.20500743678730787,0.18517600396628656,0.07188894397620228,0.06742687159147248,0.07882994546355974,0.06346058502726822,0.19558750619732276,0.19732275656916212,0.18963807635101637,0.06048587010411502,0.20599900842835894,0.06271690629647993,0.07982151710461081
SKACTIVEML_COST_EMBEDDING,0.06668319286068418,0.20079325731284084,0.06246901338621715,0.06767476450173525,0.1256817055032226,0.12444224095190877,0.17278135845314824,0.1611303916707982,0.0872583044124938,0.09196826970748637,0.09072880515617253,0.19360436291522062,0.18963807635101637,0.1968269707486366,0.06767476450173525,0.20401586514625683,0.07411998016856718,0.1722855726326227,0.16460089241447695,0.17426871591472484,1.0,0.18914229053049084,0.20029747149231533,0.17550818046603867,0.17575607337630145,0.2017848289538919,0.0961824491819534,0.0984134853743183,0.0969261279127417,0.0850272682201289,0.17203767972235995,0.18294496777392166,0.1782350024789291,0.08180466038671294,0.16757560733763013,0.08230044620723848,0.06445215666831929
SKACTIVEML_DAL,0.07734258800198314,0.16162617749132374,0.07263262270699058,0.07932573128408528,0.08849776896380764,0.090233019335647,0.1998016856717898,0.1760039662865642,0.06742687159147248,0.07362419434804164,0.06841844323252355,0.20376797223599405,0.2072384729796728,0.15344571145265246,0.07734258800198314,0.15592464055528013,0.08527516113039167,0.11824491819533961,0.12840852751611304,0.20475954387704512,0.18914229053049084,1.0,0.20872583044124937,0.19335647000495787,0.2094695091720377,0.18691125433812594,0.07858205255329698,0.07858205255329698,0.07337630143777887,0.05503222607833416,0.18468021814576102,0.21219633118492812,0.20376797223599405,0.05552801189885969,0.21120475954387705,0.06643529995042141,0.07659890927119484
SKACTIVEML_DWUS,0.07015369360436291,0.2035200793257313,0.06693108577094695,0.07089737233515121,0.10708973723351513,0.10808130887456618,0.19360436291522062,0.1782350024789291,0.08230044620723848,0.08453148239960337,0.0857709469509172,0.19162121963311848,0.18839861179970252,0.16534457114526524,0.07064947942488845,0.1752602875557759,0.07808626673277144,0.12741695587506197,0.13559742191373328,0.18914229053049084,0.20029747149231533,0.20872583044124937,1.0,0.18368864650470995,0.20252850768468023,0.19211700545364402,0.0842835894893406,0.08378780366881507,0.08775409023301933,0.07560733763014378,0.16807139315815567,0.19137332672285573,0.19509172037679723,0.06668319286068418,0.1893901834407536,0.07362419434804164,0.06792265741199802
SKACTIVEML_QBC,0.06817055032226078,0.15939514129895885,0.06965790778383739,0.07312840852751612,0.07982151710461081,0.08006941001487357,0.1906296479920674,0.1834407535944472,0.059494298463063956,0.05800694100148736,0.059742191373326724,0.19955379276152702,0.20104115022310362,0.14700049578582053,0.07387208725830441,0.15121467526028756,0.07362419434804164,0.10907288051561725,0.11031234506693109,0.18914229053049084,0.17550818046603867,0.19335647000495787,0.18368864650470995,1.0,0.21541893901834408,0.17625185919682698,0.06023797719385226,0.07040158651462568,0.06767476450173525,0.05007436787307883,0.1834407535944472,0.20624690133862172,0.19757064947942488,0.04858701041150223,0.20525532969757065,0.05205751115518096,0.07139315815567675
SKACTIVEML_QBC_VOTE_ENTROPY,0.06370847793753098,0.17674764501735252,0.07858205255329698,0.08031730292513634,0.08180466038671294,0.08230044620723848,0.19856222112047595,0.1789786812097174,0.06767476450173525,0.062221120475954385,0.06668319286068418,0.20599900842835894,0.20823004462072384,0.15468517600396628,0.08403569657907783,0.15493306891422906,0.07188894397620228,0.1212196331184928,0.12022806147744175,0.20500743678730787,0.17575607337630145,0.2094695091720377,0.20252850768468023,0.21541893901834408,1.0,0.17798710956866634,0.06569162121963312,0.06742687159147248,0.061973227565691624,0.053544868616757564,0.17402082300446206,0.21095686663361427,0.1938522558254834,0.05850272682201289,0.20153693604362916,0.05701536936043629,0.07808626673277144
SKACTIVEML_QUIRE,0.07015369360436291,0.20451165096678234,0.06246901338621715,0.05751115518096182,0.10262766484878533,0.09742191373326722,0.1650966782350025,0.18244918195339613,0.07511155180961825,0.07808626673277144,0.07610312345066932,0.17203767972235995,0.1760039662865642,0.16732771442736738,0.06569162121963312,0.17030242935052056,0.07610312345066932,0.14080317302925136,0.146504709965295,0.18517600396628656,0.2017848289538919,0.18691125433812594,0.19211700545364402,0.17625185919682698,0.17798710956866634,1.0,0.07436787307882994,0.07387208725830441,0.07114526524541398,0.06494794248884482,0.19335647000495787,0.17278135845314824,0.17922657411998016,0.06544372830937036,0.1819533961328706,0.07263262270699058,0.05651958353991076
SKACTIVEML_US_ENTROPY,0.02900347050074368,0.08775409023301933,0.029747149231531978,0.03222607833415964,0.1065939514129896,0.08849776896380764,0.060981655924640554,0.05404065443728309,0.11477441745166088,0.10560237977193852,0.10188398611799702,0.07387208725830441,0.06643529995042141,0.09345562716906297,0.034209221616261776,0.09072880515617253,0.03594447198810114,0.08527516113039167,0.06990580069410014,0.07188894397620228,0.0961824491819534,0.07858205255329698,0.0842835894893406,0.06023797719385226,0.06569162121963312,0.07436787307882994,1.0,0.7597917699553792,0.7426871591472484,0.08180466038671294,0.06544372830937036,0.06494794248884482,0.06866633614278632,0.08750619732275657,0.06470004957858205,0.11279127416955875,0.02949925632126921
SKACTIVEML_US_LC,0.03247397124442241,0.08651462568170551,0.03024293505205751,0.03272186415468518,0.11056023797719385,0.09370352007932573,0.059494298463063956,0.05453644025780863,0.0954387704511651,0.11179970252850768,0.09345562716906297,0.07015369360436291,0.06866633614278632,0.09766980664352999,0.03495290034705007,0.10237977193852256,0.040406544372830935,0.08626673277144274,0.07907783837382251,0.06742687159147248,0.0984134853743183,0.07858205255329698,0.08378780366881507,0.07040158651462568,0.06742687159147248,0.07387208725830441,0.7597917699553792,1.0,0.7478929102627665,0.08081308874566187,0.06792265741199802,0.07238472979672782,0.06841844323252355,0.09717402082300446,0.06643529995042141,0.09444719881011403,0.030490827962320277
SKACTIVEML_US_MARGIN,0.029995042141794746,0.090233019335647,0.031234506693108576,0.0384234010907288,0.0969261279127417,0.10560237977193852,0.059494298463063956,0.0495785820525533,0.09271194843827467,0.10386712940009915,0.11725334655428855,0.07089737233515121,0.06767476450173525,0.09593455627169063,0.035696579077838374,0.09519087754090233,0.03718393653941497,0.08849776896380764,0.07411998016856718,0.07882994546355974,0.0969261279127417,0.07337630143777887,0.08775409023301933,0.06767476450173525,0.061973227565691624,0.07114526524541398,0.7426871591472484,0.7478929102627665,1.0,0.10213187902825979,0.06965790778383739,0.06643529995042141,0.062221120475954385,0.0850272682201289,0.06569162121963312,0.08651462568170551,0.03520079325731284
SMALLTEXT_BREAKINGTIES,0.03222607833415964,0.07833415964303421,0.02900347050074368,0.02875557759048091,0.14526524541398117,0.22508676251859197,0.05007436787307883,0.04115022310361924,0.08106098165592464,0.08750619732275657,0.10758552305404065,0.06147744174516609,0.058750619732275654,0.08477937530986614,0.032969757064947945,0.08552305404065444,0.03966286564204264,0.1707982151710461,0.11056023797719385,0.06346058502726822,0.0850272682201289,0.05503222607833416,0.07560733763014378,0.05007436787307883,0.053544868616757564,0.06494794248884482,0.08180466038671294,0.08081308874566187,0.10213187902825979,1.0,0.05552801189885969,0.057263262270699056,0.06023797719385226,0.7302925136341101,0.05280118988596926,0.7300446207238473,0.026276648487853247
SMALLTEXT_CONTRASTIVEAL,0.07213683688646505,0.17203767972235995,0.06569162121963312,0.059494298463063956,0.0894893406048587,0.07882994546355974,0.1923648983639068,0.1901338621715419,0.07288051561725335,0.07015369360436291,0.06891422905304909,0.1663361427863163,0.17030242935052056,0.13956370847793753,0.06668319286068418,0.14030738720872582,0.07461576598909271,0.11353495290034706,0.11626177491323748,0.19558750619732276,0.17203767972235995,0.18468021814576102,0.16807139315815567,0.1834407535944472,0.17402082300446206,0.19335647000495787,0.06544372830937036,0.06792265741199802,0.06965790778383739,0.05552801189885969,1.0,0.17848289538919188,0.18815071888943977,0.06023797719385226,0.19186911254338126,0.06321269211700545,0.05800694100148736
SMALLTEXT_EMBEDDINGKMEANS,0.06965790778383739,0.1665840356965791,0.07411998016856718,0.08477937530986614,0.0805651958353991,0.0917203767972236,0.21541893901834408,0.1945959345562717,0.06519583539910759,0.06593951412989589,0.07114526524541398,0.19558750619732276,0.19781854238968766,0.1442736737729301,0.07833415964303421,0.15270203272186417,0.07709469509172037,0.10932077342588002,0.11998016856717898,0.19732275656916212,0.18294496777392166,0.21219633118492812,0.19137332672285573,0.20624690133862172,0.21095686663361427,0.17278135845314824,0.06494794248884482,0.07238472979672782,0.06643529995042141,0.057263262270699056,0.17848289538919188,1.0,0.2035200793257313,0.053792761527020325,0.1906296479920674,0.05899851264253842,0.08180466038671294
SMALLTEXT_GREEDYCORESET,0.0954387704511651,0.1797223599405057,0.0805651958353991,0.07213683688646505,0.08899355478433317,0.0909766980664353,0.19137332672285573,0.19583539910758552,0.07114526524541398,0.06618740704015866,0.06668319286068418,0.18988596926127913,0.18319286068418444,0.15642042637580567,0.08651462568170551,0.1591472483886961,0.10411502231036192,0.12072384729796728,0.13063956370847793,0.18963807635101637,0.1782350024789291,0.20376797223599405,0.19509172037679723,0.19757064947942488,0.1938522558254834,0.17922657411998016,0.06866633614278632,0.06841844323252355,0.062221120475954385,0.06023797719385226,0.18815071888943977,0.2035200793257313,1.0,0.060981655924640554,0.20376797223599405,0.07139315815567675,0.07089737233515121
SMALLTEXT_LEASTCONFIDENCE,0.03396132870599901,0.08601883986117997,0.028507684680218144,0.02825979176995538,0.229300941993059,0.14452156668319285,0.0421417947446703,0.04338125929598413,0.0909766980664353,0.10585027268220129,0.08973723351512147,0.05528011898859692,0.059494298463063956,0.08527516113039167,0.030490827962320277,0.08626673277144274,0.03817550818046604,0.1360932077342588,0.0894893406048587,0.06048587010411502,0.08180466038671294,0.05552801189885969,0.06668319286068418,0.04858701041150223,0.05850272682201289,0.06544372830937036,0.08750619732275657,0.09717402082300446,0.0850272682201289,0.7302925136341101,0.06023797719385226,0.053792761527020325,0.060981655924640554,1.0,0.05528011898859692,0.7540902330193356,0.03222607833415964
SMALLTEXT_LIGHTWEIGHTCORESET,0.06767476450173525,0.15642042637580567,0.07436787307882994,0.07610312345066932,0.08701041150223103,0.08006941001487357,0.18963807635101637,0.18096182449181952,0.06321269211700545,0.06296479920674268,0.06891422905304909,0.19955379276152702,0.1938522558254834,0.14823996033713435,0.0768468021814576,0.15790778383738224,0.07164105106593951,0.10262766484878533,0.10956866633614279,0.20599900842835894,0.16757560733763013,0.21120475954387705,0.1893901834407536,0.20525532969757065,0.20153693604362916,0.1819533961328706,0.06470004957858205,0.06643529995042141,0.06569162121963312,0.05280118988596926,0.19186911254338126,0.1906296479920674,0.20376797223599405,0.05528011898859692,1.0,0.05924640555280119,0.07957362419434805
SMALLTEXT_PREDICTIONENTROPY,0.03346554288547347,0.08824987605354487,0.029251363411006447,0.027020327218641546,0.16212196331184928,0.1405552801189886,0.04709965294992563,0.04685176003966286,0.11303916707982152,0.10808130887456618,0.09643034209221617,0.06147744174516609,0.06246901338621715,0.08453148239960337,0.03173029251363411,0.08701041150223103,0.03767972235994051,0.12741695587506197,0.08626673277144274,0.06271690629647993,0.08230044620723848,0.06643529995042141,0.07362419434804164,0.05205751115518096,0.05701536936043629,0.07263262270699058,0.11279127416955875,0.09444719881011403,0.08651462568170551,0.7300446207238473,0.06321269211700545,0.05899851264253842,0.07139315815567675,0.7540902330193356,0.05924640555280119,1.0,0.03148239960337134
SMALLTEXT_RANDOM,0.04784333168071393,0.05850272682201289,0.05007436787307883,0.9938026772434309,0.0406544372830937,0.040406544372830935,0.06916212196331185,0.05503222607833416,0.02875557759048091,0.030738720872583045,0.03247397124442241,0.0805651958353991,0.08329201784828955,0.051313832424392664,0.05280118988596926,0.05503222607833416,0.05230540406544373,0.0421417947446703,0.045364402578086264,0.07982151710461081,0.06445215666831929,0.07659890927119484,0.06792265741199802,0.07139315815567675,0.07808626673277144,0.05651958353991076,0.02949925632126921,0.030490827962320277,0.03520079325731284,0.026276648487853247,0.05800694100148736,0.08180466038671294,0.07089737233515121,0.03222607833415964,0.07957362419434805,0.03148239960337134,1.0
