,ALIPY_CORESET_GREEDY,ALIPY_DENSITY_WEIGHTED,ALIPY_GRAPH_DENSITY,ALIPY_RANDOM,ALIPY_UNCERTAINTY_LC,ALIPY_UNCERTAINTY_MM,LIBACT_DWUS,LIBACT_QUIRE,LIBACT_UNCERTAINTY_ENT,LIBACT_UNCERTAINTY_LC,LIBACT_UNCERTAINTY_SM,OPTIMAL_GREEDY_10,OPTIMAL_GREEDY_20,PLAYGROUND_BANDIT,PLAYGROUND_GRAPH_DENSITY,PLAYGROUND_INFORMATIVE_DIVERSE,PLAYGROUND_KCENTER_GREEDY,PLAYGROUND_MARGIN,PLAYGROUND_MIXTURE,PLAYGROUND_UNIFORM,SKACTIVEML_COST_EMBEDDING,SKACTIVEML_DAL,SKACTIVEML_DWUS,SKACTIVEML_QBC,SKACTIVEML_QBC_VOTE_ENTROPY,SKACTIVEML_QUIRE,SKACTIVEML_US_ENTROPY,SKACTIVEML_US_LC,SKACTIVEML_US_MARGIN,SMALLTEXT_BREAKINGTIES,SMALLTEXT_CONTRASTIVEAL,SMALLTEXT_EMBEDDINGKMEANS,SMALLTEXT_GREEDYCORESET,SMALLTEXT_LEASTCONFIDENCE,SMALLTEXT_LIGHTWEIGHTCORESET,SMALLTEXT_PREDICTIONENTROPY,SMALLTEXT_RANDOM
ALIPY_CORESET_GREEDY,1.0,0.14600892414476946,0.06470004957858205,0.09370352007932573,0.07064947942488845,0.06916212196331185,0.06891422905304909,0.18244918195339613,0.06717897868120971,0.06395637084779375,0.06470004957858205,0.12692117005453643,0.12692117005453643,0.09667823500247893,0.06470004957858205,0.11279127416955875,0.7126921170054537,0.09048091224590976,0.11675756073376302,0.12369856222112048,0.10014873574615767,0.12444224095190877,0.0917203767972236,0.10981655924640556,0.12221120475954388,0.11874070401586515,0.059742191373326724,0.06494794248884482,0.06321269211700545,0.05999008428358949,0.12146752602875557,0.139067922657412,0.24467030242935053,0.06147744174516609,0.14377788795240456,0.05924640555280119,0.09370352007932573
ALIPY_DENSITY_WEIGHTED,0.14600892414476946,1.0,0.07040158651462568,0.08824987605354487,0.09766980664352999,0.09494298463063956,0.12469013386217154,0.2166584035696579,0.0894893406048587,0.08403569657907783,0.08527516113039167,0.1256817055032226,0.131631135349529,0.11874070401586515,0.07040158651462568,0.1479920674268716,0.14600892414476946,0.12047595438770452,0.13857213683688646,0.12592959841348536,0.1294000991571641,0.1368368864650471,0.13782845810609817,0.12989588497768964,0.12394645513138325,0.16906296479920674,0.08849776896380764,0.08626673277144274,0.08155676747645017,0.0835399107585523,0.1576598909271195,0.1782350024789291,0.1943480416460089,0.08924144769459594,0.15294992563212692,0.08527516113039167,0.08824987605354487
ALIPY_GRAPH_DENSITY,0.06470004957858205,0.07040158651462568,1.0,0.07387208725830441,0.06370847793753098,0.06122954883490332,0.09568666336142786,0.0850272682201289,0.05577590480912246,0.05651958353991076,0.059742191373326724,0.08924144769459594,0.0887456618740704,0.07882994546355974,0.7126921170054537,0.08006941001487357,0.06470004957858205,0.07585523054040655,0.08552305404065444,0.09494298463063956,0.07882994546355974,0.08676251859196826,0.08453148239960337,0.09568666336142786,0.09890927119484383,0.07907783837382251,0.05775904809122459,0.05676747645017353,0.06246901338621715,0.059494298463063956,0.0872583044124938,0.0924640555280119,0.07064947942488845,0.058750619732275654,0.09048091224590976,0.05999008428358949,0.07387208725830441
ALIPY_RANDOM,0.09370352007932573,0.08824987605354487,0.07387208725830441,1.0,0.06965790778383739,0.07288051561725335,0.10932077342588002,0.10535448686167576,0.06470004957858205,0.06470004957858205,0.06916212196331185,0.13956370847793753,0.1338621715418939,0.10808130887456618,0.07387208725830441,0.10882498760535449,0.09370352007932573,0.09271194843827467,0.11849281110560238,0.13262270699058007,0.0999008428358949,0.13485374318294496,0.11056023797719385,0.12692117005453643,0.1346058502726822,0.09519087754090233,0.06048587010411502,0.06346058502726822,0.06445215666831929,0.06147744174516609,0.11279127416955875,0.12692117005453643,0.11130391670798215,0.05999008428358949,0.12146752602875557,0.06246901338621715,0.7126921170054537
ALIPY_UNCERTAINTY_LC,0.07064947942488845,0.09766980664352999,0.06370847793753098,0.06965790778383739,1.0,0.8165592464055528,0.3728309370352008,0.37902825979176996,0.39018344075359446,0.3924144769459593,0.38696083292017847,0.3748140803173029,0.37679722359940504,0.39687654933068917,0.35101636093207733,0.38696083292017847,0.3579573624194348,0.4417451660882499,0.3886960832920178,0.3745661874070402,0.37977193852255825,0.38001983143282103,0.37927615270203274,0.37233515121467525,0.3750619732275657,0.3844819038175508,0.3852255825483391,0.39315815567674767,0.3817550818046604,0.42117005453644024,0.38373822508676253,0.37258304412493803,0.37258304412493803,0.4638076351016361,0.37902825979176996,0.424640555280119,0.35696579077838375
ALIPY_UNCERTAINTY_MM,0.06916212196331185,0.09494298463063956,0.06122954883490332,0.07288051561725335,0.8165592464055528,1.0,0.3743182944967774,0.37630143777887953,0.38274665344571146,0.39043133366385724,0.39538919186911253,0.37977193852255825,0.37977193852255825,0.3958849776896381,0.3485374318294497,0.38696083292017847,0.3564700049578582,0.4739712444224095,0.38943976202280617,0.37679722359940504,0.37977193852255825,0.37927615270203274,0.3810114030738721,0.3733267228557263,0.3777887952404561,0.38299454635597424,0.37580565195835397,0.3787803668815072,0.3919186911254338,0.4600892414476946,0.3877045116509668,0.3777887952404561,0.3698562221120476,0.4194348041646009,0.3787803668815072,0.4107585523054041,0.3601883986117997
LIBACT_DWUS,0.06891422905304909,0.12469013386217154,0.09568666336142786,0.10932077342588002,0.3728309370352008,0.3743182944967774,1.0,0.4665344571145265,0.35994050570153696,0.36043629152206247,0.3631631135349529,0.4600892414476946,0.45686663361427865,0.43455627169062966,0.38299454635597424,0.44620723847297966,0.35622211204759546,0.42761527020327217,0.45017352503718394,0.4638076351016361,0.41621219633118495,0.4439762022806148,0.5247892910262767,0.4739712444224095,0.4652949925632127,0.4675260287555776,0.3587010411502231,0.3626673277144274,0.3616757560733763,0.36415468517600397,0.49157164105106593,0.5302429350520576,0.39464551313832424,0.3624194348041646,0.42117005453644024,0.3626673277144274,0.3966286564204264
LIBACT_QUIRE,0.18244918195339613,0.2166584035696579,0.0850272682201289,0.10535448686167576,0.37902825979176996,0.37630143777887953,0.4665344571145265,1.0,0.37208725830441247,0.36812097174020825,0.3671294000991572,0.46628656420426373,0.4615765989092712,0.44199305899851266,0.37233515121467525,0.4672781358453148,0.4697570649479425,0.4335647000495786,0.46108081308874566,0.4526524541398116,0.4370352007932573,0.47917699553792764,0.4489340604858701,0.44942984630639565,0.4615765989092712,0.5228061477441746,0.368368864650471,0.3663857213683689,0.3696083292017848,0.3646504709965295,0.5136341100644521,0.5914724838869608,0.5394149727317799,0.3673772930094199,0.5126425384234011,0.36514625681705504,0.3926623698562221
LIBACT_UNCERTAINTY_ENT,0.06717897868120971,0.0894893406048587,0.05577590480912246,0.06470004957858205,0.39018344075359446,0.38274665344571146,0.35994050570153696,0.37208725830441247,1.0,0.8220128904313336,0.8093703520079326,0.3698562221120476,0.3653941497273178,0.3743182944967774,0.3430837878036688,0.3735746157659891,0.35448686167575605,0.3735746157659891,0.36564204263758054,0.3601883986117997,0.36787307882994547,0.3639067922657412,0.3661378284581061,0.3639067922657412,0.3631631135349529,0.37530986613782846,0.38745661874070403,0.3777887952404561,0.3735746157659891,0.3807635101636093,0.37258304412493803,0.3701041150223104,0.3591968269707486,0.39092711948438275,0.36861675756073375,0.39538919186911253,0.3520079325731284
LIBACT_UNCERTAINTY_LC,0.06395637084779375,0.08403569657907783,0.05651958353991076,0.06470004957858205,0.3924144769459593,0.39043133366385724,0.36043629152206247,0.36812097174020825,0.8220128904313336,1.0,0.8170550322260783,0.3671294000991572,0.36192364898363905,0.3738225086762519,0.3438274665344571,0.3745661874070402,0.3512642538423401,0.3765493306891423,0.36787307882994547,0.36117997025285076,0.3668815071888944,0.360932077342588,0.37233515121467525,0.3616757560733763,0.36564204263758054,0.37307882994546354,0.3812592959841348,0.3839861179970253,0.3710956866633614,0.38373822508676253,0.3701041150223104,0.3646504709965295,0.3591968269707486,0.3934060485870104,0.36415468517600397,0.39315815567674767,0.3520079325731284
LIBACT_UNCERTAINTY_SM,0.06470004957858205,0.08527516113039167,0.059742191373326724,0.06916212196331185,0.38696083292017847,0.39538919186911253,0.3631631135349529,0.3671294000991572,0.8093703520079326,0.8170550322260783,1.0,0.36936043629152204,0.37159147248388696,0.3782845810609817,0.34705007436787305,0.37630143777887953,0.3520079325731284,0.37630143777887953,0.3710956866633614,0.3676251859196827,0.3634110064452157,0.3663857213683689,0.36514625681705504,0.36514625681705504,0.3653941497273178,0.36861675756073375,0.3676251859196827,0.3787803668815072,0.3849776896380763,0.3971244422409519,0.3728309370352008,0.3708477937530987,0.3624194348041646,0.38572136836886467,0.3668815071888944,0.3785324739712444,0.3564700049578582
OPTIMAL_GREEDY_10,0.12692117005453643,0.1256817055032226,0.08924144769459594,0.13956370847793753,0.3748140803173029,0.37977193852255825,0.4600892414476946,0.46628656420426373,0.3698562221120476,0.3671294000991572,0.36936043629152204,1.0,0.49801685671789786,0.4372830937035201,0.3765493306891423,0.45091720376797223,0.4142290530490828,0.4152206246901339,0.4595934556271691,0.48289538919186914,0.4189390183440754,0.47545860188398614,0.45314823996033715,0.4727317798710957,0.4821517104610808,0.43827466534457116,0.36142786316311354,0.36415468517600397,0.3696083292017848,0.3616757560733763,0.4623202776400595,0.5066931085770947,0.45290034705007437,0.36365889935547846,0.46777392166584036,0.3616757560733763,0.4268715914724839
OPTIMAL_GREEDY_20,0.12692117005453643,0.131631135349529,0.0887456618740704,0.1338621715418939,0.37679722359940504,0.37977193852255825,0.45686663361427865,0.4615765989092712,0.3653941497273178,0.36192364898363905,0.37159147248388696,0.49801685671789786,1.0,0.4444719881011403,0.37605354486861675,0.45364402578086266,0.4142290530490828,0.42017848289538917,0.46058502726822015,0.47818542389687657,0.41596430342092217,0.47223599405057015,0.4558750619732276,0.47992067426871593,0.4846306395637085,0.4370352007932573,0.3631631135349529,0.3616757560733763,0.36861675756073375,0.3671294000991572,0.470252850768468,0.5054536440257809,0.451165096678235,0.3621715418939018,0.473475458601884,0.368368864650471,0.42117005453644024
PLAYGROUND_BANDIT,0.09667823500247893,0.11874070401586515,0.07882994546355974,0.10808130887456618,0.39687654933068917,0.3958849776896381,0.43455627169062966,0.44199305899851266,0.3743182944967774,0.3738225086762519,0.3782845810609817,0.4372830937035201,0.4444719881011403,1.0,0.3661378284581061,0.45736241943480416,0.3839861179970253,0.4933068914229053,0.46504709965294994,0.43133366385721367,0.43207734258800196,0.4328210213187903,0.4305899851264254,0.4417451660882499,0.43852255825483394,0.4429846306395637,0.37233515121467525,0.3775409023301934,0.3777887952404561,0.37258304412493803,0.44918195339613287,0.45389191869112544,0.4231531978185424,0.37233515121467525,0.436291522062469,0.368368864650471,0.39538919186911253
PLAYGROUND_GRAPH_DENSITY,0.06470004957858205,0.07040158651462568,0.7126921170054537,0.07387208725830441,0.35101636093207733,0.3485374318294497,0.38299454635597424,0.37233515121467525,0.3430837878036688,0.3438274665344571,0.34705007436787305,0.3765493306891423,0.37605354486861675,0.3661378284581061,1.0,0.3673772930094199,0.3520079325731284,0.3631631135349529,0.3728309370352008,0.3822508676251859,0.3661378284581061,0.3740704015865146,0.37183936539414975,0.38299454635597424,0.3862171541893902,0.3663857213683689,0.34506693108577097,0.3440753594447199,0.34977689638076354,0.3468021814576103,0.3745661874070402,0.37977193852255825,0.3579573624194348,0.34605850272682204,0.3777887952404561,0.34729796727813583,0.36117997025285076
PLAYGROUND_INFORMATIVE_DIVERSE,0.11279127416955875,0.1479920674268716,0.08006941001487357,0.10882498760535449,0.38696083292017847,0.38696083292017847,0.44620723847297966,0.4672781358453148,0.3735746157659891,0.3745661874070402,0.37630143777887953,0.45091720376797223,0.45364402578086266,0.45736241943480416,0.3673772930094199,1.0,0.4000991571641051,0.45389191869112544,0.4779375309866138,0.45810609816559245,0.43207734258800196,0.447942488844819,0.4340604858701041,0.4504214179474467,0.45066931085770945,0.4402578086266733,0.37530986613782846,0.3733267228557263,0.3770451165096678,0.3782845810609817,0.44918195339613287,0.495785820525533,0.4474467030242935,0.37307882994546354,0.46777392166584036,0.37258304412493803,0.3961328705999008
PLAYGROUND_KCENTER_GREEDY,0.7126921170054537,0.14600892414476946,0.06470004957858205,0.09370352007932573,0.3579573624194348,0.3564700049578582,0.35622211204759546,0.4697570649479425,0.35448686167575605,0.3512642538423401,0.3520079325731284,0.4142290530490828,0.4142290530490828,0.3839861179970253,0.3520079325731284,0.4000991571641051,1.0,0.3777887952404561,0.4040654437283094,0.4110064452156668,0.38745661874070403,0.4117501239464551,0.37902825979176996,0.3971244422409519,0.40951908775409024,0.4060485870104115,0.34705007436787305,0.3522558254833912,0.3505205751115518,0.34729796727813583,0.40877540902330195,0.4263758056519584,0.5319781854238969,0.34878532473971247,0.43108577094695094,0.34655428854734754,0.3810114030738721
PLAYGROUND_MARGIN,0.09048091224590976,0.12047595438770452,0.07585523054040655,0.09271194843827467,0.4417451660882499,0.4739712444224095,0.42761527020327217,0.4335647000495786,0.3735746157659891,0.3765493306891423,0.37630143777887953,0.4152206246901339,0.42017848289538917,0.4933068914229053,0.3631631135349529,0.45389191869112544,0.3777887952404561,1.0,0.45463559742191373,0.42761527020327217,0.4263758056519584,0.42340109072880516,0.42811105602379773,0.4191869112543381,0.4216658403569658,0.43529995042141795,0.37630143777887953,0.3772930094199306,0.3802677243430838,0.4447198810114031,0.43455627169062966,0.4526524541398116,0.40580069410014874,0.4154685176003966,0.428854734754586,0.4107585523054041,0.38001983143282103
PLAYGROUND_MIXTURE,0.11675756073376302,0.13857213683688646,0.08552305404065444,0.11849281110560238,0.3886960832920178,0.38943976202280617,0.45017352503718394,0.46108081308874566,0.36564204263758054,0.36787307882994547,0.3710956866633614,0.4595934556271691,0.46058502726822015,0.46504709965294994,0.3728309370352008,0.4779375309866138,0.4040654437283094,0.45463559742191373,1.0,0.46504709965294994,0.42711948438274666,0.4595934556271691,0.4548834903321765,0.46033713435795737,0.4665344571145265,0.44620723847297966,0.36861675756073375,0.36812097174020825,0.3743182944967774,0.3743182944967774,0.4571145265245414,0.4881011403073872,0.43604362915220624,0.37233515121467525,0.4521566683192861,0.3738225086762519,0.40580069410014874
PLAYGROUND_UNIFORM,0.12369856222112048,0.12592959841348536,0.09494298463063956,0.13262270699058007,0.3745661874070402,0.37679722359940504,0.4638076351016361,0.4526524541398116,0.3601883986117997,0.36117997025285076,0.3676251859196827,0.48289538919186914,0.47818542389687657,0.43133366385721367,0.3822508676251859,0.45810609816559245,0.4110064452156668,0.42761527020327217,0.46504709965294994,1.0,0.4154685176003966,0.47248388696083293,0.45066931085770945,0.4667823500247893,0.47967278135845315,0.43827466534457116,0.36043629152206247,0.3596926127912742,0.36192364898363905,0.3663857213683689,0.47297967278135844,0.5066931085770947,0.4496777392166584,0.36365889935547846,0.47000495785820523,0.3591968269707486,0.41993058998512645
SKACTIVEML_COST_EMBEDDING,0.10014873574615767,0.1294000991571641,0.07882994546355974,0.0999008428358949,0.37977193852255825,0.37977193852255825,0.41621219633118495,0.4370352007932573,0.36787307882994547,0.3668815071888944,0.3634110064452157,0.4189390183440754,0.41596430342092217,0.43207734258800196,0.3661378284581061,0.43207734258800196,0.38745661874070403,0.4263758056519584,0.42711948438274666,0.4154685176003966,1.0,0.4291026276648488,0.4253842340109073,0.4266236985622211,0.4216658403569658,0.43381259295984137,0.36192364898363905,0.36440257808626675,0.3671294000991572,0.3594447198810114,0.4377788795240456,0.4410014873574616,0.43108577094695094,0.36192364898363905,0.4305899851264254,0.36043629152206247,0.38720872583044125
SKACTIVEML_DAL,0.12444224095190877,0.1368368864650471,0.08676251859196826,0.13485374318294496,0.38001983143282103,0.37927615270203274,0.4439762022806148,0.47917699553792764,0.3639067922657412,0.360932077342588,0.3663857213683689,0.47545860188398614,0.47223599405057015,0.4328210213187903,0.3740704015865146,0.447942488844819,0.4117501239464551,0.42340109072880516,0.4595934556271691,0.47248388696083293,0.4291026276648488,1.0,0.4410014873574616,0.46876549330689143,0.47372335151214673,0.4370352007932573,0.36192364898363905,0.3639067922657412,0.3634110064452157,0.36489836390679226,0.4779375309866138,0.5245413981160139,0.4588497768963808,0.36415468517600397,0.48562221120475957,0.36142786316311354,0.4221616261774913
SKACTIVEML_DWUS,0.0917203767972236,0.13782845810609817,0.08453148239960337,0.11056023797719385,0.37927615270203274,0.3810114030738721,0.5247892910262767,0.4489340604858701,0.3661378284581061,0.37233515121467525,0.36514625681705504,0.45314823996033715,0.4558750619732276,0.4305899851264254,0.37183936539414975,0.4340604858701041,0.37902825979176996,0.42811105602379773,0.4548834903321765,0.45066931085770945,0.4253842340109073,0.4410014873574616,1.0,0.4526524541398116,0.44645513138324244,0.4367873078829945,0.3631631135349529,0.36514625681705504,0.36514625681705504,0.3639067922657412,0.46033713435795737,0.4885969261279127,0.4077838373822509,0.3666336142786316,0.4221616261774913,0.3634110064452157,0.39786812097174024
SKACTIVEML_QBC,0.10981655924640556,0.12989588497768964,0.09568666336142786,0.12692117005453643,0.37233515121467525,0.3733267228557263,0.4739712444224095,0.44942984630639565,0.3639067922657412,0.3616757560733763,0.36514625681705504,0.4727317798710957,0.47992067426871593,0.4417451660882499,0.38299454635597424,0.4504214179474467,0.3971244422409519,0.4191869112543381,0.46033713435795737,0.4667823500247893,0.4266236985622211,0.46876549330689143,0.4526524541398116,1.0,0.4935547843331681,0.44496777392166587,0.36117997025285076,0.36415468517600397,0.3676251859196827,0.36440257808626675,0.45736241943480416,0.49801685671789786,0.43951412989588495,0.36440257808626675,0.4593455627169063,0.36489836390679226,0.4142290530490828
SKACTIVEML_QBC_VOTE_ENTROPY,0.12221120475954388,0.12394645513138325,0.09890927119484383,0.1346058502726822,0.3750619732275657,0.3777887952404561,0.4652949925632127,0.4615765989092712,0.3631631135349529,0.36564204263758054,0.3653941497273178,0.4821517104610808,0.4846306395637085,0.43852255825483394,0.3862171541893902,0.45066931085770945,0.40951908775409024,0.4216658403569658,0.4665344571145265,0.47967278135845315,0.4216658403569658,0.47372335151214673,0.44645513138324244,0.4935547843331681,1.0,0.4392662369856222,0.3658899355478433,0.3639067922657412,0.36440257808626675,0.36043629152206247,0.4556271690629648,0.5076846802181457,0.44695091720376795,0.3589489340604859,0.4672781358453148,0.36117997025285076,0.42191373326722853
SKACTIVEML_QUIRE,0.11874070401586515,0.16906296479920674,0.07907783837382251,0.09519087754090233,0.3844819038175508,0.38299454635597424,0.4675260287555776,0.5228061477441746,0.37530986613782846,0.37307882994546354,0.36861675756073375,0.43827466534457116,0.4370352007932573,0.4429846306395637,0.3663857213683689,0.4402578086266733,0.4060485870104115,0.43529995042141795,0.44620723847297966,0.43827466534457116,0.43381259295984137,0.4370352007932573,0.4367873078829945,0.44496777392166587,0.4392662369856222,1.0,0.3780366881507189,0.3743182944967774,0.37258304412493803,0.36787307882994547,0.4814080317302925,0.5094199305899851,0.45066931085770945,0.37630143777887953,0.4600892414476946,0.3785324739712444,0.3824987605354487
SKACTIVEML_US_ENTROPY,0.059742191373326724,0.08849776896380764,0.05775904809122459,0.06048587010411502,0.3852255825483391,0.37580565195835397,0.3587010411502231,0.368368864650471,0.38745661874070403,0.3812592959841348,0.3676251859196827,0.36142786316311354,0.3631631135349529,0.37233515121467525,0.34506693108577097,0.37530986613782846,0.34705007436787305,0.37630143777887953,0.36861675756073375,0.36043629152206247,0.36192364898363905,0.36192364898363905,0.3631631135349529,0.36117997025285076,0.3658899355478433,0.3780366881507189,1.0,0.8232523549826475,0.8182944967773922,0.368368864650471,0.3701041150223104,0.3663857213683689,0.36043629152206247,0.3770451165096678,0.3616757560733763,0.39092711948438275,0.3477937530986614
SKACTIVEML_US_LC,0.06494794248884482,0.08626673277144274,0.05676747645017353,0.06346058502726822,0.39315815567674767,0.3787803668815072,0.3626673277144274,0.3663857213683689,0.3777887952404561,0.3839861179970253,0.3787803668815072,0.36415468517600397,0.3616757560733763,0.3775409023301934,0.3440753594447199,0.3733267228557263,0.3522558254833912,0.3772930094199306,0.36812097174020825,0.3596926127912742,0.36440257808626675,0.3639067922657412,0.36514625681705504,0.36415468517600397,0.3639067922657412,0.3743182944967774,0.8232523549826475,1.0,0.8170550322260783,0.3743182944967774,0.3661378284581061,0.36365889935547846,0.3668815071888944,0.38299454635597424,0.360932077342588,0.3775409023301934,0.35076846802181455
SKACTIVEML_US_MARGIN,0.06321269211700545,0.08155676747645017,0.06246901338621715,0.06445215666831929,0.3817550818046604,0.3919186911254338,0.3616757560733763,0.3696083292017848,0.3735746157659891,0.3710956866633614,0.3849776896380763,0.3696083292017848,0.36861675756073375,0.3777887952404561,0.34977689638076354,0.3770451165096678,0.3505205751115518,0.3802677243430838,0.3743182944967774,0.36192364898363905,0.3671294000991572,0.3634110064452157,0.36514625681705504,0.3676251859196827,0.36440257808626675,0.37258304412493803,0.8182944967773922,0.8170550322260783,1.0,0.3877045116509668,0.3673772930094199,0.3696083292017848,0.368368864650471,0.37530986613782846,0.36812097174020825,0.36936043629152204,0.3517600396628656
SMALLTEXT_BREAKINGTIES,0.05999008428358949,0.0835399107585523,0.059494298463063956,0.06147744174516609,0.42117005453644024,0.4600892414476946,0.36415468517600397,0.3646504709965295,0.3807635101636093,0.38373822508676253,0.3971244422409519,0.3616757560733763,0.3671294000991572,0.37258304412493803,0.3468021814576103,0.3782845810609817,0.34729796727813583,0.4447198810114031,0.3743182944967774,0.3663857213683689,0.3594447198810114,0.36489836390679226,0.3639067922657412,0.36440257808626675,0.36043629152206247,0.36787307882994547,0.368368864650471,0.3743182944967774,0.3877045116509668,1.0,0.3671294000991572,0.3673772930094199,0.3596926127912742,0.8180466038671294,0.36415468517600397,0.8135845314823996,0.34878532473971247
SMALLTEXT_CONTRASTIVEAL,0.12146752602875557,0.1576598909271195,0.0872583044124938,0.11279127416955875,0.38373822508676253,0.3877045116509668,0.49157164105106593,0.5136341100644521,0.37258304412493803,0.3701041150223104,0.3728309370352008,0.4623202776400595,0.470252850768468,0.44918195339613287,0.3745661874070402,0.44918195339613287,0.40877540902330195,0.43455627169062966,0.4571145265245414,0.47297967278135844,0.4377788795240456,0.4779375309866138,0.46033713435795737,0.45736241943480416,0.4556271690629648,0.4814080317302925,0.3701041150223104,0.3661378284581061,0.3673772930094199,0.3671294000991572,1.0,0.5473475458601884,0.4467030242935052,0.36564204263758054,0.4806643529995042,0.3646504709965295,0.4000991571641051
SMALLTEXT_EMBEDDINGKMEANS,0.139067922657412,0.1782350024789291,0.0924640555280119,0.12692117005453643,0.37258304412493803,0.3777887952404561,0.5302429350520576,0.5914724838869608,0.3701041150223104,0.3646504709965295,0.3708477937530987,0.5066931085770947,0.5054536440257809,0.45389191869112544,0.37977193852255825,0.495785820525533,0.4263758056519584,0.4526524541398116,0.4881011403073872,0.5066931085770947,0.4410014873574616,0.5245413981160139,0.4885969261279127,0.49801685671789786,0.5076846802181457,0.5094199305899851,0.3663857213683689,0.36365889935547846,0.3696083292017848,0.3673772930094199,0.5473475458601884,1.0,0.49752107089737235,0.3668815071888944,0.5686663361427863,0.36415468517600397,0.4142290530490828
SMALLTEXT_GREEDYCORESET,0.24467030242935053,0.1943480416460089,0.07064947942488845,0.11130391670798215,0.37258304412493803,0.3698562221120476,0.39464551313832424,0.5394149727317799,0.3591968269707486,0.3591968269707486,0.3624194348041646,0.45290034705007437,0.451165096678235,0.4231531978185424,0.3579573624194348,0.4474467030242935,0.5319781854238969,0.40580069410014874,0.43604362915220624,0.4496777392166584,0.43108577094695094,0.4588497768963808,0.4077838373822509,0.43951412989588495,0.44695091720376795,0.45066931085770945,0.36043629152206247,0.3668815071888944,0.368368864650471,0.3596926127912742,0.4467030242935052,0.49752107089737235,1.0,0.36142786316311354,0.48413485374318294,0.3601883986117997,0.3986117997025285
SMALLTEXT_LEASTCONFIDENCE,0.06147744174516609,0.08924144769459594,0.058750619732275654,0.05999008428358949,0.4638076351016361,0.4194348041646009,0.3624194348041646,0.3673772930094199,0.39092711948438275,0.3934060485870104,0.38572136836886467,0.36365889935547846,0.3621715418939018,0.37233515121467525,0.34605850272682204,0.37307882994546354,0.34878532473971247,0.4154685176003966,0.37233515121467525,0.36365889935547846,0.36192364898363905,0.36415468517600397,0.3666336142786316,0.36440257808626675,0.3589489340604859,0.37630143777887953,0.3770451165096678,0.38299454635597424,0.37530986613782846,0.8180466038671294,0.36564204263758054,0.3668815071888944,0.36142786316311354,1.0,0.3631631135349529,0.823748140803173,0.34729796727813583
SMALLTEXT_LIGHTWEIGHTCORESET,0.14377788795240456,0.15294992563212692,0.09048091224590976,0.12146752602875557,0.37902825979176996,0.3787803668815072,0.42117005453644024,0.5126425384234011,0.36861675756073375,0.36415468517600397,0.3668815071888944,0.46777392166584036,0.473475458601884,0.436291522062469,0.3777887952404561,0.46777392166584036,0.43108577094695094,0.428854734754586,0.4521566683192861,0.47000495785820523,0.4305899851264254,0.48562221120475957,0.4221616261774913,0.4593455627169063,0.4672781358453148,0.4600892414476946,0.3616757560733763,0.360932077342588,0.36812097174020825,0.36415468517600397,0.4806643529995042,0.5686663361427863,0.48413485374318294,0.3631631135349529,1.0,0.360932077342588,0.40877540902330195
SMALLTEXT_PREDICTIONENTROPY,0.05924640555280119,0.08527516113039167,0.05999008428358949,0.06246901338621715,0.424640555280119,0.4107585523054041,0.3626673277144274,0.36514625681705504,0.39538919186911253,0.39315815567674767,0.3785324739712444,0.3616757560733763,0.368368864650471,0.368368864650471,0.34729796727813583,0.37258304412493803,0.34655428854734754,0.4107585523054041,0.3738225086762519,0.3591968269707486,0.36043629152206247,0.36142786316311354,0.3634110064452157,0.36489836390679226,0.36117997025285076,0.3785324739712444,0.39092711948438275,0.3775409023301934,0.36936043629152204,0.8135845314823996,0.3646504709965295,0.36415468517600397,0.3601883986117997,0.823748140803173,0.360932077342588,1.0,0.34977689638076354
SMALLTEXT_RANDOM,0.09370352007932573,0.08824987605354487,0.07387208725830441,0.7126921170054537,0.35696579077838375,0.3601883986117997,0.3966286564204264,0.3926623698562221,0.3520079325731284,0.3520079325731284,0.3564700049578582,0.4268715914724839,0.42117005453644024,0.39538919186911253,0.36117997025285076,0.3961328705999008,0.3810114030738721,0.38001983143282103,0.40580069410014874,0.41993058998512645,0.38720872583044125,0.4221616261774913,0.39786812097174024,0.4142290530490828,0.42191373326722853,0.3824987605354487,0.3477937530986614,0.35076846802181455,0.3517600396628656,0.34878532473971247,0.4000991571641051,0.4142290530490828,0.3986117997025285,0.34729796727813583,0.40877540902330195,0.34977689638076354,1.0
