,ALIPY_CORESET_GREEDY,ALIPY_DENSITY_WEIGHTED,ALIPY_GRAPH_DENSITY,ALIPY_RANDOM,ALIPY_UNCERTAINTY_LC,ALIPY_UNCERTAINTY_MM,LIBACT_DWUS,LIBACT_QUIRE,LIBACT_UNCERTAINTY_ENT,LIBACT_UNCERTAINTY_LC,LIBACT_UNCERTAINTY_SM,OPTIMAL_GREEDY_10,OPTIMAL_GREEDY_20,PLAYGROUND_BANDIT,PLAYGROUND_GRAPH_DENSITY,PLAYGROUND_INFORMATIVE_DIVERSE,PLAYGROUND_KCENTER_GREEDY,PLAYGROUND_MARGIN,PLAYGROUND_MIXTURE,PLAYGROUND_UNIFORM,SKACTIVEML_COST_EMBEDDING,SKACTIVEML_DAL,SKACTIVEML_DWUS,SKACTIVEML_QBC,SKACTIVEML_QBC_VOTE_ENTROPY,SKACTIVEML_QUIRE,SKACTIVEML_US_ENTROPY,SKACTIVEML_US_LC,SKACTIVEML_US_MARGIN,SMALLTEXT_BREAKINGTIES,SMALLTEXT_CONTRASTIVEAL,SMALLTEXT_EMBEDDINGKMEANS,SMALLTEXT_GREEDYCORESET,SMALLTEXT_LEASTCONFIDENCE,SMALLTEXT_LIGHTWEIGHTCORESET,SMALLTEXT_PREDICTIONENTROPY,SMALLTEXT_RANDOM
ALIPY_CORESET_GREEDY,1.0,0.10956866633614279,0.0909766980664353,0.16906296479920674,0.06122954883490332,0.06073376301437779,0.12097174020823004,0.10684184432325236,0.056023797719385225,0.05081804660386713,0.05230540406544373,0.20624690133862172,0.18815071888943977,0.10386712940009915,0.0909766980664353,0.1338621715418939,1.0,0.07288051561725335,0.12667327714427368,0.1906296479920674,0.12766484878532475,0.1633614278631631,0.06321269211700545,0.0835399107585523,0.1943480416460089,0.08378780366881507,0.051313832424392664,0.050322260783341594,0.05156172533465543,0.047595438770451165,0.09295984134853744,0.14774417451660882,0.28358948934060485,0.05057015369360436,0.1338621715418939,0.0495785820525533,0.16906296479920674
ALIPY_DENSITY_WEIGHTED,0.10956866633614279,1.0,0.05552801189885969,0.048834903321764996,0.1789786812097174,0.18021814576103123,0.05156172533465543,0.07659890927119484,0.1633614278631631,0.16931085770946952,0.16980664352999505,0.06470004957858205,0.06891422905304909,0.12047595438770452,0.05552801189885969,0.11551809618244918,0.10956866633614279,0.14749628160634606,0.10436291522062469,0.06122954883490332,0.12270699058006941,0.07188894397620228,0.09519087754090233,0.0518096182449182,0.07064947942488845,0.11303916707982152,0.1650966782350025,0.16559246405552802,0.1633614278631631,0.16980664352999505,0.059494298463063956,0.05751115518096182,0.09395141298958849,0.17501239464551313,0.07213683688646505,0.17773921665840356,0.048834903321764996
ALIPY_GRAPH_DENSITY,0.0909766980664353,0.05552801189885969,1.0,0.10039662865642042,0.03941497273177987,0.040406544372830935,0.07238472979672782,0.029251363411006447,0.03346554288547347,0.035448686167575606,0.036936043629152204,0.12171541893901834,0.11502231036192365,0.06990580069410014,1.0,0.0850272682201289,0.0909766980664353,0.05280118988596926,0.0805651958353991,0.11601388200297472,0.06147744174516609,0.09221616261774913,0.08205255329697571,0.060981655924640554,0.10981655924640556,0.03371343579573624,0.034209221616261776,0.03222607833415964,0.03668815071888944,0.030490827962320277,0.03743182944967774,0.10783341596430342,0.07486365889935548,0.027764005949429845,0.11105602379771938,0.02825979176995538,0.10039662865642042
ALIPY_RANDOM,0.16906296479920674,0.048834903321764996,0.10039662865642042,1.0,0.04833911750123947,0.05800694100148736,0.06023797719385226,0.03346554288547347,0.053544868616757564,0.04462072384729797,0.05428854734754586,0.36861675756073375,0.349281110560238,0.12543381259295985,0.10039662865642042,0.1450173525037184,0.16906296479920674,0.07610312345066932,0.16212196331184928,0.40431333663857216,0.11452652454139811,0.2771442736737729,0.08230044620723848,0.10014873574615767,0.3971244422409519,0.06494794248884482,0.04610808130887457,0.045364402578086264,0.05775904809122459,0.056023797719385225,0.05850272682201289,0.19955379276152702,0.13882002974714924,0.044868616757560736,0.24144769459593457,0.04858701041150223,1.0
ALIPY_UNCERTAINTY_LC,0.06122954883490332,0.1789786812097174,0.03941497273177987,0.04833911750123947,1.0,0.7878036688150719,0.03470500743678731,0.02255825483391175,0.27640059494298463,0.32002974714923155,0.2560733763014378,0.07486365889935548,0.07734258800198314,0.17922657411998016,0.03941497273177987,0.1774913237481408,0.06122954883490332,0.31011403073872085,0.1663361427863163,0.06544372830937036,0.15840356965790778,0.06965790778383739,0.07486365889935548,0.06296479920674268,0.07015369360436291,0.10163609320773426,0.29077838373822507,0.32399603371343577,0.2521070897372335,0.34729796727813583,0.04164600892414477,0.07461576598909271,0.07486365889935548,0.4786812097174021,0.06767476450173525,0.3973723351512147,0.04833911750123947
ALIPY_UNCERTAINTY_MM,0.06073376301437779,0.18021814576103123,0.040406544372830935,0.05800694100148736,0.7878036688150719,1.0,0.033217649975210706,0.027764005949429845,0.22657411998016858,0.2580565195835399,0.3267228557263262,0.07932573128408528,0.08279623202776401,0.19856222112047595,0.040406544372830935,0.19558750619732276,0.06073376301437779,0.3646504709965295,0.18839861179970252,0.07164105106593951,0.1502231036192365,0.06866633614278632,0.07337630143777887,0.06693108577094695,0.07833415964303421,0.09890927119484383,0.2389687654933069,0.259048091224591,0.32498760535448684,0.47967278135845315,0.04115022310361924,0.06494794248884482,0.07436787307882994,0.3480416460089241,0.07312840852751612,0.3222607833415964,0.05800694100148736
LIBACT_DWUS,0.12097174020823004,0.05156172533465543,0.07238472979672782,0.06023797719385226,0.03470500743678731,0.033217649975210706,1.0,0.09295984134853744,0.035448686167575606,0.03668815071888944,0.03495290034705007,0.06891422905304909,0.06767476450173525,0.057263262270699056,0.07238472979672782,0.06122954883490332,0.12097174020823004,0.0495785820525533,0.062221120475954385,0.06544372830937036,0.07659890927119484,0.06693108577094695,0.15840356965790778,0.059494298463063956,0.06346058502726822,0.0813088745661874,0.03743182944967774,0.036440257808626676,0.03470500743678731,0.03247397124442241,0.062221120475954385,0.11303916707982152,0.14105106593951414,0.03346554288547347,0.08329201784828955,0.03520079325731284,0.06023797719385226
LIBACT_QUIRE,0.10684184432325236,0.07659890927119484,0.029251363411006447,0.03346554288547347,0.02255825483391175,0.027764005949429845,0.09295984134853744,1.0,0.023054040654437283,0.02107089737233515,0.02057511155180962,0.03718393653941497,0.03966286564204264,0.03966286564204264,0.029251363411006447,0.027764005949429845,0.10684184432325236,0.026772434308378782,0.039167079821517105,0.03891918691125434,0.023549826474962815,0.041398116013882005,0.028507684680218144,0.03272186415468518,0.04238968765493307,0.08899355478433317,0.02330193356470005,0.020823004462072386,0.022806147744174516,0.024293505205751114,0.09791769955379276,0.031234506693108576,0.08626673277144274,0.02057511155180962,0.0421417947446703,0.022062469013386217,0.03346554288547347
LIBACT_UNCERTAINTY_ENT,0.056023797719385225,0.1633614278631631,0.03346554288547347,0.053544868616757564,0.27640059494298463,0.22657411998016858,0.035448686167575606,0.023054040654437283,1.0,0.8244918195339613,0.7573128408527516,0.07610312345066932,0.07411998016856718,0.13187902825979178,0.03346554288547347,0.16236985622211206,0.056023797719385225,0.17848289538919188,0.12692117005453643,0.08552305404065444,0.14526524541398117,0.07238472979672782,0.07858205255329698,0.062221120475954385,0.07238472979672782,0.09766980664352999,0.3071393158155677,0.25334655428854735,0.2072384729796728,0.270699058006941,0.062221120475954385,0.07362419434804164,0.06965790778383739,0.32399603371343577,0.06073376301437779,0.3626673277144274,0.053544868616757564
LIBACT_UNCERTAINTY_LC,0.05081804660386713,0.16931085770946952,0.035448686167575606,0.04462072384729797,0.32002974714923155,0.2580565195835399,0.03668815071888944,0.02107089737233515,0.8244918195339613,1.0,0.7967278135845315,0.06693108577094695,0.06593951412989589,0.14352999504214178,0.035448686167575606,0.17947446703024295,0.05081804660386713,0.19856222112047595,0.13708477937530986,0.06494794248884482,0.14700049578582053,0.06246901338621715,0.06941001487357462,0.05503222607833416,0.05899851264253842,0.09717402082300446,0.2751611303916708,0.3106098165592464,0.23723351512146754,0.297223599405057,0.041398116013882005,0.07585523054040655,0.06841844323252355,0.3671294000991572,0.06172533465542886,0.3443232523549826,0.04462072384729797
LIBACT_UNCERTAINTY_SM,0.05230540406544373,0.16980664352999505,0.036936043629152204,0.05428854734754586,0.2560733763014378,0.3267228557263262,0.03495290034705007,0.02057511155180962,0.7573128408527516,0.7967278135845315,1.0,0.07610312345066932,0.07164105106593951,0.153941497273178,0.036936043629152204,0.1938522558254834,0.05230540406544373,0.2181457610312345,0.14551313832424392,0.07263262270699058,0.14600892414476946,0.06593951412989589,0.07436787307882994,0.06346058502726822,0.07238472979672782,0.09717402082300446,0.2196331184928111,0.24343083787803668,0.30565195835399106,0.3698562221120476,0.03668815071888944,0.06544372830937036,0.07288051561725335,0.2987109568666336,0.06544372830937036,0.2915220624690134,0.05428854734754586
OPTIMAL_GREEDY_10,0.20624690133862172,0.06470004957858205,0.12171541893901834,0.36861675756073375,0.07486365889935548,0.07932573128408528,0.06891422905304909,0.03718393653941497,0.07610312345066932,0.06693108577094695,0.07610312345066932,1.0,0.5347050074367873,0.16980664352999505,0.12171541893901834,0.20649479424888448,0.20624690133862172,0.10684184432325236,0.2057511155180962,0.40505701536936045,0.13708477937530986,0.3135845314823996,0.09643034209221617,0.1249380267724343,0.41001487357461575,0.08527516113039167,0.06693108577094695,0.06817055032226078,0.07808626673277144,0.07139315815567675,0.05775904809122459,0.24219137332672286,0.1588993554784333,0.06668319286068418,0.2778879524045612,0.06618740704015866,0.36861675756073375
OPTIMAL_GREEDY_20,0.18815071888943977,0.06891422905304909,0.11502231036192365,0.349281110560238,0.07734258800198314,0.08279623202776401,0.06767476450173525,0.03966286564204264,0.07411998016856718,0.06593951412989589,0.07164105106593951,0.5347050074367873,1.0,0.16807139315815567,0.11502231036192365,0.19955379276152702,0.18815071888943977,0.10510659395141299,0.2129400099157164,0.39167079821517103,0.1368368864650471,0.3076351016360932,0.08998512642538424,0.11824491819533961,0.39786812097174024,0.09048091224590976,0.06494794248884482,0.06544372830937036,0.07635101636093208,0.07659890927119484,0.059742191373326724,0.23202776400594943,0.15294992563212692,0.06643529995042141,0.26797223599405057,0.06866633614278632,0.349281110560238
PLAYGROUND_BANDIT,0.10386712940009915,0.12047595438770452,0.06990580069410014,0.12543381259295985,0.17922657411998016,0.19856222112047595,0.057263262270699056,0.03966286564204264,0.13187902825979178,0.14352999504214178,0.153941497273178,0.16980664352999505,0.16807139315815567,1.0,0.06990580069410014,0.39167079821517103,0.10386712940009915,0.563708477937531,0.5037183936539414,0.16980664352999505,0.26871591472483886,0.13039167079821518,0.08081308874566187,0.09147248388696083,0.15518096182449181,0.17798710956866634,0.13931581556767478,0.14675260287555775,0.15691621219633117,0.18443232523549827,0.06693108577094695,0.12146752602875557,0.12865642042637582,0.1628656420426376,0.13559742191373328,0.15121467526028756,0.12543381259295985
PLAYGROUND_GRAPH_DENSITY,0.0909766980664353,0.05552801189885969,1.0,0.10039662865642042,0.03941497273177987,0.040406544372830935,0.07238472979672782,0.029251363411006447,0.03346554288547347,0.035448686167575606,0.036936043629152204,0.12171541893901834,0.11502231036192365,0.06990580069410014,1.0,0.0850272682201289,0.0909766980664353,0.05280118988596926,0.0805651958353991,0.11601388200297472,0.06147744174516609,0.09221616261774913,0.08205255329697571,0.060981655924640554,0.10981655924640556,0.03371343579573624,0.034209221616261776,0.03222607833415964,0.03668815071888944,0.030490827962320277,0.03743182944967774,0.10783341596430342,0.07486365889935548,0.027764005949429845,0.11105602379771938,0.02825979176995538,0.10039662865642042
PLAYGROUND_INFORMATIVE_DIVERSE,0.1338621715418939,0.11551809618244918,0.0850272682201289,0.1450173525037184,0.1774913237481408,0.19558750619732276,0.06122954883490332,0.027764005949429845,0.16236985622211206,0.17947446703024295,0.1938522558254834,0.20649479424888448,0.19955379276152702,0.39167079821517103,0.0850272682201289,1.0,0.1338621715418939,0.4261279127416956,0.3859692612791274,0.1628656420426376,0.26202280614774415,0.1331184928111056,0.07411998016856718,0.10312345066931086,0.16683192860684184,0.17947446703024295,0.1663361427863163,0.1700545364402578,0.18740704015865145,0.18468021814576102,0.06271690629647993,0.15840356965790778,0.11626177491323748,0.16683192860684184,0.13187902825979178,0.16162617749132374,0.1450173525037184
PLAYGROUND_KCENTER_GREEDY,1.0,0.10956866633614279,0.0909766980664353,0.16906296479920674,0.06122954883490332,0.06073376301437779,0.12097174020823004,0.10684184432325236,0.056023797719385225,0.05081804660386713,0.05230540406544373,0.20624690133862172,0.18815071888943977,0.10386712940009915,0.0909766980664353,0.1338621715418939,1.0,0.07288051561725335,0.12667327714427368,0.1906296479920674,0.12766484878532475,0.1633614278631631,0.06321269211700545,0.0835399107585523,0.1943480416460089,0.08378780366881507,0.051313832424392664,0.050322260783341594,0.05156172533465543,0.047595438770451165,0.09295984134853744,0.14774417451660882,0.28358948934060485,0.05057015369360436,0.1338621715418939,0.0495785820525533,0.16906296479920674
PLAYGROUND_MARGIN,0.07288051561725335,0.14749628160634606,0.05280118988596926,0.07610312345066932,0.31011403073872085,0.3646504709965295,0.0495785820525533,0.026772434308378782,0.17848289538919188,0.19856222112047595,0.2181457610312345,0.10684184432325236,0.10510659395141299,0.563708477937531,0.05280118988596926,0.4261279127416956,0.07288051561725335,1.0,0.46826970748636587,0.09766980664352999,0.26450173525037185,0.07635101636093208,0.07040158651462568,0.07858205255329698,0.08651462568170551,0.17476450173525038,0.1901338621715419,0.20699058006941,0.22235994050570154,0.3415964303420922,0.06023797719385226,0.08998512642538424,0.09667823500247893,0.2773921665840357,0.10436291522062469,0.25731284085275163,0.07610312345066932
PLAYGROUND_MIXTURE,0.12667327714427368,0.10436291522062469,0.0805651958353991,0.16212196331184928,0.1663361427863163,0.18839861179970252,0.062221120475954385,0.039167079821517105,0.12692117005453643,0.13708477937530986,0.14551313832424392,0.2057511155180962,0.2129400099157164,0.5037183936539414,0.0805651958353991,0.3859692612791274,0.12667327714427368,0.46826970748636587,1.0,0.19633118492811105,0.2352503718393654,0.1405552801189886,0.08477937530986614,0.11254338125929599,0.18071393158155677,0.1591472483886961,0.124194348041646,0.1353495290034705,0.14625681705503224,0.1722855726326227,0.06494794248884482,0.16212196331184928,0.15642042637580567,0.14179474467030243,0.16757560733763013,0.1368368864650471,0.16212196331184928
PLAYGROUND_UNIFORM,0.1906296479920674,0.06122954883490332,0.11601388200297472,0.40431333663857216,0.06544372830937036,0.07164105106593951,0.06544372830937036,0.03891918691125434,0.08552305404065444,0.06494794248884482,0.07263262270699058,0.40505701536936045,0.39167079821517103,0.16980664352999505,0.11601388200297472,0.1628656420426376,0.1906296479920674,0.09766980664352999,0.19633118492811105,1.0,0.14700049578582053,0.27912741695587506,0.090233019335647,0.13063956370847793,0.4407535944471988,0.08477937530986614,0.058254833911750126,0.05850272682201289,0.07040158651462568,0.07511155180961825,0.07040158651462568,0.22459097669806644,0.16187407040158652,0.06693108577094695,0.26202280614774415,0.06916212196331185,0.40431333663857216
SKACTIVEML_COST_EMBEDDING,0.12766484878532475,0.12270699058006941,0.06147744174516609,0.11452652454139811,0.15840356965790778,0.1502231036192365,0.07659890927119484,0.023549826474962815,0.14526524541398117,0.14700049578582053,0.14600892414476946,0.13708477937530986,0.1368368864650471,0.26871591472483886,0.06147744174516609,0.26202280614774415,0.12766484878532475,0.26450173525037185,0.2352503718393654,0.14700049578582053,1.0,0.10758552305404065,0.10585027268220129,0.0999008428358949,0.1383242439266237,0.20426375805651958,0.15195835399107585,0.15270203272186417,0.1427863163113535,0.13956370847793753,0.07312840852751612,0.13212692117005453,0.13287059990084282,0.14972731779871096,0.13485374318294496,0.15319781854238967,0.11452652454139811
SKACTIVEML_DAL,0.1633614278631631,0.07188894397620228,0.09221616261774913,0.2771442736737729,0.06965790778383739,0.06866633614278632,0.06693108577094695,0.041398116013882005,0.07238472979672782,0.06246901338621715,0.06593951412989589,0.3135845314823996,0.3076351016360932,0.13039167079821518,0.09221616261774913,0.1331184928111056,0.1633614278631631,0.07635101636093208,0.1405552801189886,0.27912741695587506,0.10758552305404065,1.0,0.10114030738720872,0.1028755577590481,0.29400099157164106,0.06643529995042141,0.06271690629647993,0.06346058502726822,0.06643529995042141,0.06445215666831929,0.06370847793753098,0.16534457114526524,0.12221120475954388,0.06470004957858205,0.21764997521070897,0.06395637084779375,0.2771442736737729
SKACTIVEML_DWUS,0.06321269211700545,0.09519087754090233,0.08205255329697571,0.08230044620723848,0.07486365889935548,0.07337630143777887,0.15840356965790778,0.028507684680218144,0.07858205255329698,0.06941001487357462,0.07436787307882994,0.09643034209221617,0.08998512642538424,0.08081308874566187,0.08205255329697571,0.07411998016856718,0.06321269211700545,0.07040158651462568,0.08477937530986614,0.090233019335647,0.10585027268220129,0.10114030738720872,1.0,0.07064947942488845,0.10535448686167576,0.06792265741199802,0.07907783837382251,0.07238472979672782,0.07659890927119484,0.07263262270699058,0.048834903321764996,0.08998512642538424,0.07114526524541398,0.07015369360436291,0.08230044620723848,0.07858205255329698,0.08230044620723848
SKACTIVEML_QBC,0.0835399107585523,0.0518096182449182,0.060981655924640554,0.10014873574615767,0.06296479920674268,0.06693108577094695,0.059494298463063956,0.03272186415468518,0.062221120475954385,0.05503222607833416,0.06346058502726822,0.1249380267724343,0.11824491819533961,0.09147248388696083,0.060981655924640554,0.10312345066931086,0.0835399107585523,0.07858205255329698,0.11254338125929599,0.13063956370847793,0.0999008428358949,0.1028755577590481,0.07064947942488845,1.0,0.12022806147744175,0.058254833911750126,0.0518096182449182,0.0518096182449182,0.06172533465542886,0.06296479920674268,0.06618740704015866,0.10411502231036192,0.090233019335647,0.057263262270699056,0.10386712940009915,0.05800694100148736,0.10014873574615767
SKACTIVEML_QBC_VOTE_ENTROPY,0.1943480416460089,0.07064947942488845,0.10981655924640556,0.3971244422409519,0.07015369360436291,0.07833415964303421,0.06346058502726822,0.04238968765493307,0.07238472979672782,0.05899851264253842,0.07238472979672782,0.41001487357461575,0.39786812097174024,0.15518096182449181,0.10981655924640556,0.16683192860684184,0.1943480416460089,0.08651462568170551,0.18071393158155677,0.4407535944471988,0.1383242439266237,0.29400099157164106,0.10535448686167576,0.12022806147744175,1.0,0.0813088745661874,0.06321269211700545,0.062221120475954385,0.07610312345066932,0.07139315815567675,0.06817055032226078,0.22310361923648983,0.15939514129895885,0.05899851264253842,0.26822012890431335,0.05999008428358949,0.3971244422409519
SKACTIVEML_QUIRE,0.08378780366881507,0.11303916707982152,0.03371343579573624,0.06494794248884482,0.10163609320773426,0.09890927119484383,0.0813088745661874,0.08899355478433317,0.09766980664352999,0.09717402082300446,0.09717402082300446,0.08527516113039167,0.09048091224590976,0.17798710956866634,0.03371343579573624,0.17947446703024295,0.08378780366881507,0.17476450173525038,0.1591472483886961,0.08477937530986614,0.20426375805651958,0.06643529995042141,0.06792265741199802,0.058254833911750126,0.0813088745661874,1.0,0.08899355478433317,0.08750619732275657,0.08403569657907783,0.09048091224590976,0.06519583539910759,0.05453644025780863,0.11303916707982152,0.0932077342588002,0.07188894397620228,0.0932077342588002,0.06494794248884482
SKACTIVEML_US_ENTROPY,0.051313832424392664,0.1650966782350025,0.034209221616261776,0.04610808130887457,0.29077838373822507,0.2389687654933069,0.03743182944967774,0.02330193356470005,0.3071393158155677,0.2751611303916708,0.2196331184928111,0.06693108577094695,0.06494794248884482,0.13931581556767478,0.034209221616261776,0.1663361427863163,0.051313832424392664,0.1901338621715419,0.124194348041646,0.058254833911750126,0.15195835399107585,0.06271690629647993,0.07907783837382251,0.0518096182449182,0.06321269211700545,0.08899355478433317,1.0,0.8423401090728805,0.7709469509172038,0.21343579573624194,0.0451165096678235,0.06767476450173525,0.06321269211700545,0.266484878532474,0.06246901338621715,0.31631135349529005,0.04610808130887457
SKACTIVEML_US_LC,0.050322260783341594,0.16559246405552802,0.03222607833415964,0.045364402578086264,0.32399603371343577,0.259048091224591,0.036440257808626676,0.020823004462072386,0.25334655428854735,0.3106098165592464,0.24343083787803668,0.06817055032226078,0.06544372830937036,0.14675260287555775,0.03222607833415964,0.1700545364402578,0.050322260783341594,0.20699058006941,0.1353495290034705,0.05850272682201289,0.15270203272186417,0.06346058502726822,0.07238472979672782,0.0518096182449182,0.062221120475954385,0.08750619732275657,0.8423401090728805,1.0,0.8011898859692613,0.23401090728805157,0.044124938026772434,0.06990580069410014,0.060981655924640554,0.29548834903321763,0.06395637084779375,0.27193852255825485,0.045364402578086264
SKACTIVEML_US_MARGIN,0.05156172533465543,0.1633614278631631,0.03668815071888944,0.05775904809122459,0.2521070897372335,0.32498760535448684,0.03470500743678731,0.022806147744174516,0.2072384729796728,0.23723351512146754,0.30565195835399106,0.07808626673277144,0.07635101636093208,0.15691621219633117,0.03668815071888944,0.18740704015865145,0.05156172533465543,0.22235994050570154,0.14625681705503224,0.07040158651462568,0.1427863163113535,0.06643529995042141,0.07659890927119484,0.06172533465542886,0.07610312345066932,0.08403569657907783,0.7709469509172038,0.8011898859692613,1.0,0.2962320277640059,0.03817550818046604,0.05899851264253842,0.06147744174516609,0.22905304908279622,0.07040158651462568,0.21988101140307387,0.05775904809122459
SMALLTEXT_BREAKINGTIES,0.047595438770451165,0.16980664352999505,0.030490827962320277,0.056023797719385225,0.34729796727813583,0.47967278135845315,0.03247397124442241,0.024293505205751114,0.270699058006941,0.297223599405057,0.3698562221120476,0.07139315815567675,0.07659890927119484,0.18443232523549827,0.030490827962320277,0.18468021814576102,0.047595438770451165,0.3415964303420922,0.1722855726326227,0.07511155180961825,0.13956370847793753,0.06445215666831929,0.07263262270699058,0.06296479920674268,0.07139315815567675,0.09048091224590976,0.21343579573624194,0.23401090728805157,0.2962320277640059,1.0,0.039167079821517105,0.05999008428358949,0.06792265741199802,0.7900347050074368,0.07164105106593951,0.7640059494298463,0.056023797719385225
SMALLTEXT_CONTRASTIVEAL,0.09295984134853744,0.059494298463063956,0.03743182944967774,0.05850272682201289,0.04164600892414477,0.04115022310361924,0.062221120475954385,0.09791769955379276,0.062221120475954385,0.041398116013882005,0.03668815071888944,0.05775904809122459,0.059742191373326724,0.06693108577094695,0.03743182944967774,0.06271690629647993,0.09295984134853744,0.06023797719385226,0.06494794248884482,0.07040158651462568,0.07312840852751612,0.06370847793753098,0.048834903321764996,0.06618740704015866,0.06817055032226078,0.06519583539910759,0.0451165096678235,0.044124938026772434,0.03817550818046604,0.039167079821517105,1.0,0.07089737233515121,0.14303420922161625,0.04164600892414477,0.06618740704015866,0.0436291522062469,0.05850272682201289
SMALLTEXT_EMBEDDINGKMEANS,0.14774417451660882,0.05751115518096182,0.10783341596430342,0.19955379276152702,0.07461576598909271,0.06494794248884482,0.11303916707982152,0.031234506693108576,0.07362419434804164,0.07585523054040655,0.06544372830937036,0.24219137332672286,0.23202776400594943,0.12146752602875557,0.10783341596430342,0.15840356965790778,0.14774417451660882,0.08998512642538424,0.16212196331184928,0.22459097669806644,0.13212692117005453,0.16534457114526524,0.08998512642538424,0.10411502231036192,0.22310361923648983,0.05453644025780863,0.06767476450173525,0.06990580069410014,0.05899851264253842,0.05999008428358949,0.07089737233515121,1.0,0.17402082300446206,0.07312840852751612,0.22235994050570154,0.07188894397620228,0.19955379276152702
SMALLTEXT_GREEDYCORESET,0.28358948934060485,0.09395141298958849,0.07486365889935548,0.13882002974714924,0.07486365889935548,0.07436787307882994,0.14105106593951414,0.08626673277144274,0.06965790778383739,0.06841844323252355,0.07288051561725335,0.1588993554784333,0.15294992563212692,0.12865642042637582,0.07486365889935548,0.11626177491323748,0.28358948934060485,0.09667823500247893,0.15642042637580567,0.16187407040158652,0.13287059990084282,0.12221120475954388,0.07114526524541398,0.090233019335647,0.15939514129895885,0.11303916707982152,0.06321269211700545,0.060981655924640554,0.06147744174516609,0.06792265741199802,0.14303420922161625,0.17402082300446206,1.0,0.06941001487357462,0.16187407040158652,0.06618740704015866,0.13882002974714924
SMALLTEXT_LEASTCONFIDENCE,0.05057015369360436,0.17501239464551313,0.027764005949429845,0.044868616757560736,0.4786812097174021,0.3480416460089241,0.03346554288547347,0.02057511155180962,0.32399603371343577,0.3671294000991572,0.2987109568666336,0.06668319286068418,0.06643529995042141,0.1628656420426376,0.027764005949429845,0.16683192860684184,0.05057015369360436,0.2773921665840357,0.14179474467030243,0.06693108577094695,0.14972731779871096,0.06470004957858205,0.07015369360436291,0.057263262270699056,0.05899851264253842,0.0932077342588002,0.266484878532474,0.29548834903321763,0.22905304908279622,0.7900347050074368,0.04164600892414477,0.07312840852751612,0.06941001487357462,1.0,0.06593951412989589,0.8430837878036688,0.044868616757560736
SMALLTEXT_LIGHTWEIGHTCORESET,0.1338621715418939,0.07213683688646505,0.11105602379771938,0.24144769459593457,0.06767476450173525,0.07312840852751612,0.08329201784828955,0.0421417947446703,0.06073376301437779,0.06172533465542886,0.06544372830937036,0.2778879524045612,0.26797223599405057,0.13559742191373328,0.11105602379771938,0.13187902825979178,0.1338621715418939,0.10436291522062469,0.16757560733763013,0.26202280614774415,0.13485374318294496,0.21764997521070897,0.08230044620723848,0.10386712940009915,0.26822012890431335,0.07188894397620228,0.06246901338621715,0.06395637084779375,0.07040158651462568,0.07164105106593951,0.06618740704015866,0.22235994050570154,0.16187407040158652,0.06593951412989589,1.0,0.06742687159147248,0.24144769459593457
SMALLTEXT_PREDICTIONENTROPY,0.0495785820525533,0.17773921665840356,0.02825979176995538,0.04858701041150223,0.3973723351512147,0.3222607833415964,0.03520079325731284,0.022062469013386217,0.3626673277144274,0.3443232523549826,0.2915220624690134,0.06618740704015866,0.06866633614278632,0.15121467526028756,0.02825979176995538,0.16162617749132374,0.0495785820525533,0.25731284085275163,0.1368368864650471,0.06916212196331185,0.15319781854238967,0.06395637084779375,0.07858205255329698,0.05800694100148736,0.05999008428358949,0.0932077342588002,0.31631135349529005,0.27193852255825485,0.21988101140307387,0.7640059494298463,0.0436291522062469,0.07188894397620228,0.06618740704015866,0.8430837878036688,0.06742687159147248,1.0,0.04858701041150223
SMALLTEXT_RANDOM,0.16906296479920674,0.048834903321764996,0.10039662865642042,1.0,0.04833911750123947,0.05800694100148736,0.06023797719385226,0.03346554288547347,0.053544868616757564,0.04462072384729797,0.05428854734754586,0.36861675756073375,0.349281110560238,0.12543381259295985,0.10039662865642042,0.1450173525037184,0.16906296479920674,0.07610312345066932,0.16212196331184928,0.40431333663857216,0.11452652454139811,0.2771442736737729,0.08230044620723848,0.10014873574615767,0.3971244422409519,0.06494794248884482,0.04610808130887457,0.045364402578086264,0.05775904809122459,0.056023797719385225,0.05850272682201289,0.19955379276152702,0.13882002974714924,0.044868616757560736,0.24144769459593457,0.04858701041150223,1.0
