,ALIPY_CORESET_GREEDY,ALIPY_DENSITY_WEIGHTED,ALIPY_GRAPH_DENSITY,ALIPY_RANDOM,ALIPY_UNCERTAINTY_LC,ALIPY_UNCERTAINTY_MM,LIBACT_DWUS,LIBACT_QUIRE,LIBACT_UNCERTAINTY_ENT,LIBACT_UNCERTAINTY_LC,LIBACT_UNCERTAINTY_SM,OPTIMAL_GREEDY_10,OPTIMAL_GREEDY_20,PLAYGROUND_BANDIT,PLAYGROUND_GRAPH_DENSITY,PLAYGROUND_INFORMATIVE_DIVERSE,PLAYGROUND_KCENTER_GREEDY,PLAYGROUND_MARGIN,PLAYGROUND_MIXTURE,PLAYGROUND_UNIFORM,SKACTIVEML_COST_EMBEDDING,SKACTIVEML_DAL,SKACTIVEML_DWUS,SKACTIVEML_QBC,SKACTIVEML_QBC_VOTE_ENTROPY,SKACTIVEML_QUIRE,SKACTIVEML_US_ENTROPY,SKACTIVEML_US_LC,SKACTIVEML_US_MARGIN,SMALLTEXT_BREAKINGTIES,SMALLTEXT_CONTRASTIVEAL,SMALLTEXT_EMBEDDINGKMEANS,SMALLTEXT_GREEDYCORESET,SMALLTEXT_LEASTCONFIDENCE,SMALLTEXT_LIGHTWEIGHTCORESET,SMALLTEXT_PREDICTIONENTROPY,SMALLTEXT_RANDOM
ALIPY_CORESET_GREEDY,1.0,0.06990580069410014,0.05007436787307883,0.047595438770451165,0.04561229548834903,0.0466038671294001,0.061973227565691624,0.07585523054040655,0.03024293505205751,0.031234506693108576,0.03222607833415964,0.07511155180961825,0.06519583539910759,0.05304908279623203,0.05081804660386713,0.05850272682201289,0.9873574615765989,0.050322260783341594,0.05428854734754586,0.06668319286068418,0.06321269211700545,0.07114526524541398,0.07064947942488845,0.07288051561725335,0.06841844323252355,0.07238472979672782,0.030986613782845812,0.030738720872583045,0.02825979176995538,0.033217649975210706,0.06990580069410014,0.07263262270699058,0.09122459097669806,0.03619236489836391,0.06470004957858205,0.03445711452652454,0.04709965294992563
ALIPY_DENSITY_WEIGHTED,0.06990580069410014,1.0,0.059742191373326724,0.05899851264253842,0.14377788795240456,0.13658899355478432,0.16063460585027267,0.1650966782350025,0.08626673277144274,0.0857709469509172,0.0842835894893406,0.15567674764501735,0.16088249876053545,0.1856717897868121,0.06048587010411502,0.20029747149231533,0.07288051561725335,0.16162617749132374,0.15468517600396628,0.16955875061973227,0.1980664352999504,0.17203767972235995,0.20475954387704512,0.15964303420922163,0.17278135845314824,0.2166584035696579,0.0857709469509172,0.08824987605354487,0.0850272682201289,0.07833415964303421,0.18145761031234506,0.1663361427863163,0.18889439762022806,0.08006941001487357,0.15840356965790778,0.0850272682201289,0.05899851264253842
ALIPY_GRAPH_DENSITY,0.05007436787307883,0.059742191373326724,1.0,0.05156172533465543,0.048834903321764996,0.0495785820525533,0.0813088745661874,0.06346058502726822,0.031234506693108576,0.028011898859692613,0.030738720872583045,0.08254833911750124,0.07560733763014378,0.05924640555280119,0.9933068914229053,0.05676747645017353,0.05453644025780863,0.05205751115518096,0.057263262270699056,0.07585523054040655,0.06321269211700545,0.07387208725830441,0.07263262270699058,0.06941001487357462,0.07461576598909271,0.06395637084779375,0.03024293505205751,0.02949925632126921,0.031978185423896875,0.029251363411006447,0.06841844323252355,0.07759048091224591,0.07932573128408528,0.02875557759048091,0.07486365889935548,0.031978185423896875,0.05007436787307883
ALIPY_RANDOM,0.047595438770451165,0.05899851264253842,0.05156172533465543,1.0,0.0421417947446703,0.04238968765493307,0.07312840852751612,0.06073376301437779,0.031978185423896875,0.03346554288547347,0.035448686167575606,0.08081308874566187,0.08081308874566187,0.052553296975706494,0.05404065443728309,0.057263262270699056,0.053792761527020325,0.05007436787307883,0.049826474962816066,0.07585523054040655,0.07064947942488845,0.07560733763014378,0.06792265741199802,0.07337630143777887,0.08403569657907783,0.05057015369360436,0.032969757064947945,0.03148239960337134,0.036440257808626676,0.02751611303916708,0.06494794248884482,0.0850272682201289,0.07114526524541398,0.026772434308378782,0.07610312345066932,0.025780862667327716,0.9952900347050074
ALIPY_UNCERTAINTY_LC,0.04561229548834903,0.14377788795240456,0.048834903321764996,0.0421417947446703,1.0,0.7330193356470005,0.07932573128408528,0.08230044620723848,0.10337134357957363,0.12196331184928111,0.0954387704511651,0.08403569657907783,0.08329201784828955,0.12270699058006941,0.05230540406544373,0.12444224095190877,0.0532969757064948,0.1737729300941993,0.12692117005453643,0.0969261279127417,0.12964799206742686,0.09866137828458106,0.11750123946455131,0.0842835894893406,0.08626673277144274,0.10634605850272683,0.10882498760535449,0.11427863163113534,0.0932077342588002,0.1502231036192365,0.0813088745661874,0.09122459097669806,0.09147248388696083,0.23698562221120476,0.08775409023301933,0.16385721368368864,0.040406544372830935
ALIPY_UNCERTAINTY_MM,0.0466038671294001,0.13658899355478432,0.0495785820525533,0.04238968765493307,0.7330193356470005,1.0,0.08527516113039167,0.08304412493802678,0.08899355478433317,0.0954387704511651,0.11303916707982152,0.0857709469509172,0.08279623202776401,0.12320277640059495,0.05280118988596926,0.12146752602875557,0.053792761527020325,0.2131879028259792,0.14005949429846307,0.09494298463063956,0.12394645513138325,0.09345562716906297,0.11056023797719385,0.08230044620723848,0.08552305404065444,0.10857709469509172,0.09345562716906297,0.0961824491819534,0.10956866633614279,0.22731779871095686,0.0813088745661874,0.0924640555280119,0.09122459097669806,0.14700049578582053,0.0805651958353991,0.14005949429846307,0.040406544372830935
LIBACT_DWUS,0.061973227565691624,0.16063460585027267,0.0813088745661874,0.07312840852751612,0.07932573128408528,0.08527516113039167,1.0,0.19162121963311848,0.05230540406544373,0.04709965294992563,0.05230540406544373,0.18914229053049084,0.1908775409023302,0.14625681705503224,0.08304412493802678,0.14600892414476946,0.06717897868120971,0.10932077342588002,0.12047595438770452,0.19781854238968766,0.17203767972235995,0.20302429350520576,0.1960832920178483,0.1998016856717898,0.1923648983639068,0.161378284581061,0.054784333168071395,0.0532969757064948,0.05899851264253842,0.04933068914229053,0.1983143282102132,0.21219633118492812,0.20252850768468023,0.04313336638572137,0.18963807635101637,0.05081804660386713,0.07188894397620228
LIBACT_QUIRE,0.07585523054040655,0.1650966782350025,0.06346058502726822,0.06073376301437779,0.08230044620723848,0.08304412493802678,0.19162121963311848,1.0,0.05007436787307883,0.0473475458601884,0.04833911750123947,0.1812097174020823,0.17426871591472484,0.13882002974714924,0.06445215666831929,0.12692117005453643,0.07759048091224591,0.11155180961824492,0.10832920178482895,0.1834407535944472,0.153941497273178,0.18021814576103123,0.18542389687654934,0.18368864650470995,0.18839861179970252,0.18443232523549827,0.04561229548834903,0.04833911750123947,0.0458601883986118,0.04462072384729797,0.1960832920178483,0.18145761031234506,0.2035200793257313,0.0458601883986118,0.18244918195339613,0.04709965294992563,0.060981655924640554
LIBACT_UNCERTAINTY_ENT,0.03024293505205751,0.08626673277144274,0.031234506693108576,0.031978185423896875,0.10337134357957363,0.08899355478433317,0.05230540406544373,0.05007436787307883,1.0,0.7635101636093208,0.7411998016856718,0.06792265741199802,0.06544372830937036,0.08824987605354487,0.03495290034705007,0.08775409023301933,0.03941497273177987,0.07659890927119484,0.07635101636093208,0.06470004957858205,0.0932077342588002,0.07139315815567675,0.08279623202776401,0.057263262270699056,0.06569162121963312,0.07139315815567675,0.12097174020823004,0.10585027268220129,0.09221616261774913,0.08453148239960337,0.06147744174516609,0.06569162121963312,0.07312840852751612,0.09345562716906297,0.06246901338621715,0.11328705999008429,0.029747149231531978
LIBACT_UNCERTAINTY_LC,0.031234506693108576,0.0857709469509172,0.028011898859692613,0.03346554288547347,0.12196331184928111,0.0954387704511651,0.04709965294992563,0.0473475458601884,0.7635101636093208,1.0,0.7553296975706495,0.06693108577094695,0.06618740704015866,0.08998512642538424,0.03148239960337134,0.0999008428358949,0.039167079821517105,0.07659890927119484,0.08329201784828955,0.06271690629647993,0.09122459097669806,0.07164105106593951,0.08230044620723848,0.0518096182449182,0.059494298463063956,0.07040158651462568,0.10708973723351513,0.11799702528507684,0.10411502231036192,0.09196826970748637,0.06643529995042141,0.06693108577094695,0.06866633614278632,0.11031234506693109,0.07064947942488845,0.10609816559246406,0.031234506693108576
LIBACT_UNCERTAINTY_SM,0.03222607833415964,0.0842835894893406,0.030738720872583045,0.035448686167575606,0.0954387704511651,0.11303916707982152,0.05230540406544373,0.04833911750123947,0.7411998016856718,0.7553296975706495,1.0,0.07064947942488845,0.06717897868120971,0.09816559246405553,0.03495290034705007,0.09196826970748637,0.040406544372830935,0.08552305404065444,0.08106098165592464,0.06519583539910759,0.08849776896380764,0.06891422905304909,0.08254833911750124,0.058254833911750126,0.06618740704015866,0.06941001487357462,0.0924640555280119,0.09816559246405553,0.11874070401586515,0.10436291522062469,0.06321269211700545,0.06717897868120971,0.06668319286068418,0.0932077342588002,0.06296479920674268,0.09271194843827467,0.033217649975210706
OPTIMAL_GREEDY_10,0.07511155180961825,0.15567674764501735,0.08254833911750124,0.08081308874566187,0.08403569657907783,0.0857709469509172,0.18914229053049084,0.1812097174020823,0.06792265741199802,0.06693108577094695,0.07064947942488845,1.0,0.23549826474962815,0.16385721368368864,0.08676251859196826,0.14625681705503224,0.08453148239960337,0.10857709469509172,0.12345066931085771,0.20153693604362916,0.1864154685176004,0.1938522558254834,0.18963807635101637,0.19633118492811105,0.21170054536440258,0.16534457114526524,0.07015369360436291,0.07263262270699058,0.07114526524541398,0.06073376301437779,0.16782350024789291,0.20277640059494298,0.19757064947942488,0.05751115518096182,0.20054536440257809,0.06048587010411502,0.07932573128408528
OPTIMAL_GREEDY_20,0.06519583539910759,0.16088249876053545,0.07560733763014378,0.08081308874566187,0.08329201784828955,0.08279623202776401,0.1908775409023302,0.17426871591472484,0.06544372830937036,0.06618740704015866,0.06717897868120971,0.23549826474962815,1.0,0.15443728309370353,0.08031730292513634,0.16063460585027267,0.07436787307882994,0.10832920178482895,0.11601388200297472,0.21021318790282598,0.18294496777392166,0.20153693604362916,0.18691125433812594,0.1960832920178483,0.20376797223599405,0.17302925136341102,0.06593951412989589,0.07610312345066932,0.06593951412989589,0.05428854734754586,0.1700545364402578,0.2020327218641547,0.1968269707486366,0.057263262270699056,0.1998016856717898,0.05775904809122459,0.07882994546355974
PLAYGROUND_BANDIT,0.05304908279623203,0.1856717897868121,0.05924640555280119,0.052553296975706494,0.12270699058006941,0.12320277640059495,0.14625681705503224,0.13882002974714924,0.08824987605354487,0.08998512642538424,0.09816559246405553,0.16385721368368864,0.15443728309370353,1.0,0.06445215666831929,0.3639067922657412,0.06296479920674268,0.3738225086762519,0.33118492811105604,0.15294992563212692,0.1998016856717898,0.15691621219633117,0.17129400099157163,0.14923153197818542,0.15815567674764502,0.17178978681209717,0.0909766980664353,0.0969261279127417,0.09072880515617253,0.08329201784828955,0.14179474467030243,0.1502231036192365,0.1576598909271195,0.08205255329697571,0.15071888943976203,0.08230044620723848,0.050322260783341594
PLAYGROUND_GRAPH_DENSITY,0.05081804660386713,0.06048587010411502,0.9933068914229053,0.05404065443728309,0.05230540406544373,0.05280118988596926,0.08304412493802678,0.06445215666831929,0.03495290034705007,0.03148239960337134,0.03495290034705007,0.08676251859196826,0.08031730292513634,0.06445215666831929,1.0,0.06122954883490332,0.059742191373326724,0.05676747645017353,0.06246901338621715,0.08106098165592464,0.06717897868120971,0.07783837382250867,0.07560733763014378,0.07337630143777887,0.07982151710461081,0.06693108577094695,0.03346554288547347,0.03371343579573624,0.03594447198810114,0.03272186415468518,0.06916212196331185,0.08155676747645017,0.08453148239960337,0.030738720872583045,0.07659890927119484,0.034209221616261776,0.05230540406544373
PLAYGROUND_INFORMATIVE_DIVERSE,0.05850272682201289,0.20029747149231533,0.05676747645017353,0.057263262270699056,0.12444224095190877,0.12146752602875557,0.14600892414476946,0.12692117005453643,0.08775409023301933,0.0999008428358949,0.09196826970748637,0.14625681705503224,0.16063460585027267,0.3639067922657412,0.06122954883490332,1.0,0.06742687159147248,0.33391175012394647,0.3232523549826475,0.15964303420922163,0.20376797223599405,0.15939514129895885,0.1864154685176004,0.14774417451660882,0.15071888943976203,0.17129400099157163,0.0917203767972236,0.10089241447694595,0.09519087754090233,0.0872583044124938,0.14377788795240456,0.1442736737729301,0.1450173525037184,0.08279623202776401,0.15518096182449181,0.08651462568170551,0.05528011898859692
PLAYGROUND_KCENTER_GREEDY,0.9873574615765989,0.07288051561725335,0.05453644025780863,0.053792761527020325,0.0532969757064948,0.053792761527020325,0.06717897868120971,0.07759048091224591,0.03941497273177987,0.039167079821517105,0.040406544372830935,0.08453148239960337,0.07436787307882994,0.06296479920674268,0.059742191373326724,0.06742687159147248,1.0,0.05924640555280119,0.06321269211700545,0.07560733763014378,0.07089737233515121,0.07907783837382251,0.07808626673277144,0.07808626673277144,0.0768468021814576,0.07759048091224591,0.03867129400099157,0.03941497273177987,0.03594447198810114,0.04090233019335647,0.07288051561725335,0.0813088745661874,0.0999008428358949,0.04115022310361924,0.06866633614278632,0.03941497273177987,0.05205751115518096
PLAYGROUND_MARGIN,0.050322260783341594,0.16162617749132374,0.05205751115518096,0.05007436787307883,0.1737729300941993,0.2131879028259792,0.10932077342588002,0.11155180961824492,0.07659890927119484,0.07659890927119484,0.08552305404065444,0.10857709469509172,0.10832920178482895,0.3738225086762519,0.05676747645017353,0.33391175012394647,0.05924640555280119,1.0,0.48388696083292015,0.11601388200297472,0.1633614278631631,0.11973227565691621,0.13039167079821518,0.11006445215666832,0.12295488349033218,0.14848785324739713,0.08403569657907783,0.0894893406048587,0.08824987605354487,0.16360932077342588,0.11130391670798215,0.0999008428358949,0.11229548834903322,0.1264253842340109,0.10312345066931086,0.12245909766980664,0.04833911750123947
PLAYGROUND_MIXTURE,0.05428854734754586,0.15468517600396628,0.057263262270699056,0.049826474962816066,0.12692117005453643,0.14005949429846307,0.12047595438770452,0.10832920178482895,0.07635101636093208,0.08329201784828955,0.08106098165592464,0.12345066931085771,0.11601388200297472,0.33118492811105604,0.06246901338621715,0.3232523549826475,0.06321269211700545,0.48388696083292015,1.0,0.13039167079821518,0.16088249876053545,0.12692117005453643,0.14179474467030243,0.12196331184928111,0.12196331184928111,0.1536936043629152,0.07585523054040655,0.08279623202776401,0.07783837382250867,0.10733763014377788,0.12394645513138325,0.11229548834903322,0.12865642042637582,0.0909766980664353,0.12221120475954388,0.0857709469509172,0.04833911750123947
PLAYGROUND_UNIFORM,0.06668319286068418,0.16955875061973227,0.07585523054040655,0.07585523054040655,0.0969261279127417,0.09494298463063956,0.19781854238968766,0.1834407535944472,0.06470004957858205,0.06271690629647993,0.06519583539910759,0.20153693604362916,0.21021318790282598,0.15294992563212692,0.08106098165592464,0.15964303420922163,0.07560733763014378,0.11601388200297472,0.13039167079821518,1.0,0.18145761031234506,0.2035200793257313,0.18691125433812594,0.2077342588001983,0.20847793753098662,0.18170550322260784,0.07312840852751612,0.06891422905304909,0.07535944471988101,0.06296479920674268,0.20302429350520576,0.2057511155180962,0.20500743678730787,0.05999008428358949,0.19410014873574616,0.06668319286068418,0.07411998016856718
SKACTIVEML_COST_EMBEDDING,0.06321269211700545,0.1980664352999504,0.06321269211700545,0.07064947942488845,0.12964799206742686,0.12394645513138325,0.17203767972235995,0.153941497273178,0.0932077342588002,0.09122459097669806,0.08849776896380764,0.1864154685176004,0.18294496777392166,0.1998016856717898,0.06717897868120971,0.20376797223599405,0.07089737233515121,0.1633614278631631,0.16088249876053545,0.18145761031234506,1.0,0.19261279127416955,0.20302429350520576,0.1782350024789291,0.18616757560733763,0.19360436291522062,0.09147248388696083,0.09643034209221617,0.09196826970748637,0.07833415964303421,0.1774913237481408,0.17873078829945463,0.18616757560733763,0.07461576598909271,0.18021814576103123,0.08304412493802678,0.06817055032226078
SKACTIVEML_DAL,0.07114526524541398,0.17203767972235995,0.07387208725830441,0.07560733763014378,0.09866137828458106,0.09345562716906297,0.20302429350520576,0.18021814576103123,0.07139315815567675,0.07164105106593951,0.06891422905304909,0.1938522558254834,0.20153693604362916,0.15691621219633117,0.07783837382250867,0.15939514129895885,0.07907783837382251,0.11973227565691621,0.12692117005453643,0.2035200793257313,0.19261279127416955,1.0,0.20252850768468023,0.19955379276152702,0.21764997521070897,0.18591968269707487,0.06990580069410014,0.07461576598909271,0.07263262270699058,0.06023797719385226,0.18616757560733763,0.2107089737233515,0.19558750619732276,0.05924640555280119,0.20451165096678234,0.06544372830937036,0.07337630143777887
SKACTIVEML_DWUS,0.07064947942488845,0.20475954387704512,0.07263262270699058,0.06792265741199802,0.11750123946455131,0.11056023797719385,0.1960832920178483,0.18542389687654934,0.08279623202776401,0.08230044620723848,0.08254833911750124,0.18963807635101637,0.18691125433812594,0.17129400099157163,0.07560733763014378,0.1864154685176004,0.07808626673277144,0.13039167079821518,0.14179474467030243,0.18691125433812594,0.20302429350520576,0.20252850768468023,1.0,0.1908775409023302,0.2020327218641547,0.19335647000495787,0.0857709469509172,0.0887456618740704,0.08279623202776401,0.07213683688646505,0.17352503718393653,0.1983143282102132,0.18839861179970252,0.06841844323252355,0.1906296479920674,0.07486365889935548,0.06494794248884482
SKACTIVEML_QBC,0.07288051561725335,0.15964303420922163,0.06941001487357462,0.07337630143777887,0.0842835894893406,0.08230044620723848,0.1998016856717898,0.18368864650470995,0.057263262270699056,0.0518096182449182,0.058254833911750126,0.19633118492811105,0.1960832920178483,0.14923153197818542,0.07337630143777887,0.14774417451660882,0.07808626673277144,0.11006445215666832,0.12196331184928111,0.2077342588001983,0.1782350024789291,0.19955379276152702,0.1908775409023302,1.0,0.21764997521070897,0.180466038671294,0.05850272682201289,0.06519583539910759,0.06147744174516609,0.04908279623202776,0.1812097174020823,0.2055032226078334,0.18988596926127913,0.041398116013882005,0.20599900842835894,0.05304908279623203,0.07213683688646505
SKACTIVEML_QBC_VOTE_ENTROPY,0.06841844323252355,0.17278135845314824,0.07461576598909271,0.08403569657907783,0.08626673277144274,0.08552305404065444,0.1923648983639068,0.18839861179970252,0.06569162121963312,0.059494298463063956,0.06618740704015866,0.21170054536440258,0.20376797223599405,0.15815567674764502,0.07982151710461081,0.15071888943976203,0.0768468021814576,0.12295488349033218,0.12196331184928111,0.20847793753098662,0.18616757560733763,0.21764997521070897,0.2020327218641547,0.21764997521070897,1.0,0.18294496777392166,0.07114526524541398,0.06817055032226078,0.06544372830937036,0.052553296975706494,0.18170550322260784,0.20748636588993555,0.19781854238968766,0.05280118988596926,0.221864154685176,0.06519583539910759,0.08254833911750124
SKACTIVEML_QUIRE,0.07238472979672782,0.2166584035696579,0.06395637084779375,0.05057015369360436,0.10634605850272683,0.10857709469509172,0.161378284581061,0.18443232523549827,0.07139315815567675,0.07040158651462568,0.06941001487357462,0.16534457114526524,0.17302925136341102,0.17178978681209717,0.06693108577094695,0.17129400099157163,0.07759048091224591,0.14848785324739713,0.1536936043629152,0.18170550322260784,0.19360436291522062,0.18591968269707487,0.19335647000495787,0.180466038671294,0.18294496777392166,1.0,0.06916212196331185,0.07511155180961825,0.06792265741199802,0.06792265741199802,0.18740704015865145,0.15964303420922163,0.1841844323252355,0.06246901338621715,0.16534457114526524,0.07238472979672782,0.0495785820525533
SKACTIVEML_US_ENTROPY,0.030986613782845812,0.0857709469509172,0.03024293505205751,0.032969757064947945,0.10882498760535449,0.09345562716906297,0.054784333168071395,0.04561229548834903,0.12097174020823004,0.10708973723351513,0.0924640555280119,0.07015369360436291,0.06593951412989589,0.0909766980664353,0.03346554288547347,0.0917203767972236,0.03867129400099157,0.08403569657907783,0.07585523054040655,0.07312840852751612,0.09147248388696083,0.06990580069410014,0.0857709469509172,0.05850272682201289,0.07114526524541398,0.06916212196331185,1.0,0.7635101636093208,0.7397124442240952,0.07709469509172037,0.06445215666831929,0.06470004957858205,0.07139315815567675,0.090233019335647,0.05751115518096182,0.11427863163113534,0.031234506693108576
SKACTIVEML_US_LC,0.030738720872583045,0.08824987605354487,0.02949925632126921,0.03148239960337134,0.11427863163113534,0.0961824491819534,0.0532969757064948,0.04833911750123947,0.10585027268220129,0.11799702528507684,0.09816559246405553,0.07263262270699058,0.07610312345066932,0.0969261279127417,0.03371343579573624,0.10089241447694595,0.03941497273177987,0.0894893406048587,0.08279623202776401,0.06891422905304909,0.09643034209221617,0.07461576598909271,0.0887456618740704,0.06519583539910759,0.06817055032226078,0.07511155180961825,0.7635101636093208,1.0,0.7488844819038175,0.08180466038671294,0.07164105106593951,0.06668319286068418,0.07238472979672782,0.10064452156668319,0.06643529995042141,0.10213187902825979,0.029747149231531978
SKACTIVEML_US_MARGIN,0.02825979176995538,0.0850272682201289,0.031978185423896875,0.036440257808626676,0.0932077342588002,0.10956866633614279,0.05899851264253842,0.0458601883986118,0.09221616261774913,0.10411502231036192,0.11874070401586515,0.07114526524541398,0.06593951412989589,0.09072880515617253,0.03594447198810114,0.09519087754090233,0.03594447198810114,0.08824987605354487,0.07783837382250867,0.07535944471988101,0.09196826970748637,0.07263262270699058,0.08279623202776401,0.06147744174516609,0.06544372830937036,0.06792265741199802,0.7397124442240952,0.7488844819038175,1.0,0.10436291522062469,0.07164105106593951,0.06370847793753098,0.06916212196331185,0.08477937530986614,0.06445215666831929,0.08824987605354487,0.03396132870599901
SMALLTEXT_BREAKINGTIES,0.033217649975210706,0.07833415964303421,0.029251363411006447,0.02751611303916708,0.1502231036192365,0.22731779871095686,0.04933068914229053,0.04462072384729797,0.08453148239960337,0.09196826970748637,0.10436291522062469,0.06073376301437779,0.05428854734754586,0.08329201784828955,0.03272186415468518,0.0872583044124938,0.04090233019335647,0.16360932077342588,0.10733763014377788,0.06296479920674268,0.07833415964303421,0.06023797719385226,0.07213683688646505,0.04908279623202776,0.052553296975706494,0.06792265741199802,0.07709469509172037,0.08180466038671294,0.10436291522062469,1.0,0.057263262270699056,0.05552801189885969,0.05999008428358949,0.7330193356470005,0.04858701041150223,0.7332672285572632,0.025532969757064948
SMALLTEXT_CONTRASTIVEAL,0.06990580069410014,0.18145761031234506,0.06841844323252355,0.06494794248884482,0.0813088745661874,0.0813088745661874,0.1983143282102132,0.1960832920178483,0.06147744174516609,0.06643529995042141,0.06321269211700545,0.16782350024789291,0.1700545364402578,0.14179474467030243,0.06916212196331185,0.14377788795240456,0.07288051561725335,0.11130391670798215,0.12394645513138325,0.20302429350520576,0.1774913237481408,0.18616757560733763,0.17352503718393653,0.1812097174020823,0.18170550322260784,0.18740704015865145,0.06445215666831929,0.07164105106593951,0.07164105106593951,0.057263262270699056,1.0,0.17575607337630145,0.18988596926127913,0.05800694100148736,0.18071393158155677,0.058254833911750126,0.06346058502726822
SMALLTEXT_EMBEDDINGKMEANS,0.07263262270699058,0.1663361427863163,0.07759048091224591,0.0850272682201289,0.09122459097669806,0.0924640555280119,0.21219633118492812,0.18145761031234506,0.06569162121963312,0.06693108577094695,0.06717897868120971,0.20277640059494298,0.2020327218641547,0.1502231036192365,0.08155676747645017,0.1442736737729301,0.0813088745661874,0.0999008428358949,0.11229548834903322,0.2057511155180962,0.17873078829945463,0.2107089737233515,0.1983143282102132,0.2055032226078334,0.20748636588993555,0.15964303420922163,0.06470004957858205,0.06668319286068418,0.06370847793753098,0.05552801189885969,0.17575607337630145,1.0,0.19881011403073873,0.05057015369360436,0.18740704015865145,0.05577590480912246,0.08279623202776401
SMALLTEXT_GREEDYCORESET,0.09122459097669806,0.18889439762022806,0.07932573128408528,0.07114526524541398,0.09147248388696083,0.09122459097669806,0.20252850768468023,0.2035200793257313,0.07312840852751612,0.06866633614278632,0.06668319286068418,0.19757064947942488,0.1968269707486366,0.1576598909271195,0.08453148239960337,0.1450173525037184,0.0999008428358949,0.11229548834903322,0.12865642042637582,0.20500743678730787,0.18616757560733763,0.19558750619732276,0.18839861179970252,0.18988596926127913,0.19781854238968766,0.1841844323252355,0.07139315815567675,0.07238472979672782,0.06916212196331185,0.05999008428358949,0.18988596926127913,0.19881011403073873,1.0,0.06370847793753098,0.19707486365889937,0.07040158651462568,0.06990580069410014
SMALLTEXT_LEASTCONFIDENCE,0.03619236489836391,0.08006941001487357,0.02875557759048091,0.026772434308378782,0.23698562221120476,0.14700049578582053,0.04313336638572137,0.0458601883986118,0.09345562716906297,0.11031234506693109,0.0932077342588002,0.05751115518096182,0.057263262270699056,0.08205255329697571,0.030738720872583045,0.08279623202776401,0.04115022310361924,0.1264253842340109,0.0909766980664353,0.05999008428358949,0.07461576598909271,0.05924640555280119,0.06841844323252355,0.041398116013882005,0.05280118988596926,0.06246901338621715,0.090233019335647,0.10064452156668319,0.08477937530986614,0.7330193356470005,0.05800694100148736,0.05057015369360436,0.06370847793753098,1.0,0.05552801189885969,0.7483886960832921,0.029747149231531978
SMALLTEXT_LIGHTWEIGHTCORESET,0.06470004957858205,0.15840356965790778,0.07486365889935548,0.07610312345066932,0.08775409023301933,0.0805651958353991,0.18963807635101637,0.18244918195339613,0.06246901338621715,0.07064947942488845,0.06296479920674268,0.20054536440257809,0.1998016856717898,0.15071888943976203,0.07659890927119484,0.15518096182449181,0.06866633614278632,0.10312345066931086,0.12221120475954388,0.19410014873574616,0.18021814576103123,0.20451165096678234,0.1906296479920674,0.20599900842835894,0.221864154685176,0.16534457114526524,0.05751115518096182,0.06643529995042141,0.06445215666831929,0.04858701041150223,0.18071393158155677,0.18740704015865145,0.19707486365889937,0.05552801189885969,1.0,0.05627169062964799,0.07907783837382251
SMALLTEXT_PREDICTIONENTROPY,0.03445711452652454,0.0850272682201289,0.031978185423896875,0.025780862667327716,0.16385721368368864,0.14005949429846307,0.05081804660386713,0.04709965294992563,0.11328705999008429,0.10609816559246406,0.09271194843827467,0.06048587010411502,0.05775904809122459,0.08230044620723848,0.034209221616261776,0.08651462568170551,0.03941497273177987,0.12245909766980664,0.0857709469509172,0.06668319286068418,0.08304412493802678,0.06544372830937036,0.07486365889935548,0.05304908279623203,0.06519583539910759,0.07238472979672782,0.11427863163113534,0.10213187902825979,0.08824987605354487,0.7332672285572632,0.058254833911750126,0.05577590480912246,0.07040158651462568,0.7483886960832921,0.05627169062964799,1.0,0.02900347050074368
SMALLTEXT_RANDOM,0.04709965294992563,0.05899851264253842,0.05007436787307883,0.9952900347050074,0.040406544372830935,0.040406544372830935,0.07188894397620228,0.060981655924640554,0.029747149231531978,0.031234506693108576,0.033217649975210706,0.07932573128408528,0.07882994546355974,0.050322260783341594,0.05230540406544373,0.05528011898859692,0.05205751115518096,0.04833911750123947,0.04833911750123947,0.07411998016856718,0.06817055032226078,0.07337630143777887,0.06494794248884482,0.07213683688646505,0.08254833911750124,0.0495785820525533,0.031234506693108576,0.029747149231531978,0.03396132870599901,0.025532969757064948,0.06346058502726822,0.08279623202776401,0.06990580069410014,0.029747149231531978,0.07907783837382251,0.02900347050074368,1.0
