,ALIPY_CORESET_GREEDY,ALIPY_DENSITY_WEIGHTED,ALIPY_GRAPH_DENSITY,ALIPY_RANDOM,ALIPY_UNCERTAINTY_LC,ALIPY_UNCERTAINTY_MM,LIBACT_DWUS,LIBACT_QUIRE,LIBACT_UNCERTAINTY_ENT,LIBACT_UNCERTAINTY_LC,LIBACT_UNCERTAINTY_SM,OPTIMAL_GREEDY_10,OPTIMAL_GREEDY_20,PLAYGROUND_BANDIT,PLAYGROUND_GRAPH_DENSITY,PLAYGROUND_INFORMATIVE_DIVERSE,PLAYGROUND_KCENTER_GREEDY,PLAYGROUND_MARGIN,PLAYGROUND_MIXTURE,PLAYGROUND_UNIFORM,SKACTIVEML_COST_EMBEDDING,SKACTIVEML_DAL,SKACTIVEML_DWUS,SKACTIVEML_QBC,SKACTIVEML_QBC_VOTE_ENTROPY,SKACTIVEML_QUIRE,SKACTIVEML_US_ENTROPY,SKACTIVEML_US_LC,SKACTIVEML_US_MARGIN,SMALLTEXT_BREAKINGTIES,SMALLTEXT_CONTRASTIVEAL,SMALLTEXT_EMBEDDINGKMEANS,SMALLTEXT_GREEDYCORESET,SMALLTEXT_LEASTCONFIDENCE,SMALLTEXT_LIGHTWEIGHTCORESET,SMALLTEXT_PREDICTIONENTROPY,SMALLTEXT_RANDOM
ALIPY_CORESET_GREEDY,4034,730,471,499,563,517,400,664,495,498,466,513,481,578,473,601,3967,527,575,526,614,566,459,451,570,634,544,522,470,477,447,570,766,531,530,532,499
ALIPY_DENSITY_WEIGHTED,730,4034,444,491,605,567,452,799,558,580,544,455,414,550,445,597,765,546,569,495,544,506,505,442,509,720,591,583,548,566,478,492,633,592,560,588,491
ALIPY_GRAPH_DENSITY,471,444,4034,568,396,416,638,407,444,389,437,629,611,538,4027,525,510,532,546,671,443,583,639,549,650,423,428,429,446,449,406,681,551,427,624,435,565
ALIPY_RANDOM,499,491,568,4034,488,503,451,455,452,466,487,751,690,555,572,565,544,518,603,738,499,633,487,549,702,456,463,482,489,473,444,701,575,479,681,462,4020
ALIPY_UNCERTAINTY_LC,563,605,396,488,4034,2988,404,471,801,988,661,491,471,804,400,653,611,917,710,530,629,501,537,446,520,575,882,1071,757,953,433,509,546,1492,509,1107,484
ALIPY_UNCERTAINTY_MM,517,567,416,503,2988,4034,398,442,673,687,986,496,478,869,420,676,558,1148,830,546,598,530,544,475,512,552,754,769,1064,1491,434,536,539,960,523,893,497
LIBACT_DWUS,400,452,638,451,404,398,4034,457,381,369,385,312,300,471,643,436,431,460,412,430,513,439,573,488,460,448,455,439,441,395,493,537,487,368,472,400,446
LIBACT_QUIRE,664,799,407,455,471,442,457,4034,446,468,432,386,349,474,411,450,697,470,477,450,470,434,458,464,455,666,481,488,458,466,463,453,548,495,463,496,452
LIBACT_UNCERTAINTY_ENT,495,558,444,452,801,673,381,446,4034,3181,2972,458,456,652,448,653,544,632,580,527,608,497,512,449,514,553,957,765,648,996,407,501,545,1145,483,1335,448
LIBACT_UNCERTAINTY_LC,498,580,389,466,988,687,369,468,3181,4034,3024,472,459,664,393,639,549,654,573,531,617,479,502,441,484,556,766,964,653,1025,404,506,548,1335,499,1116,462
LIBACT_UNCERTAINTY_SM,466,544,437,487,661,986,385,432,2972,3024,4034,491,492,654,441,651,511,660,606,564,594,527,520,446,522,519,656,675,944,1331,391,543,524,1024,519,1000,481
OPTIMAL_GREEDY_10,513,455,629,751,491,496,312,386,458,472,491,4034,1529,563,633,618,550,508,653,812,480,710,475,551,781,424,485,504,497,499,414,864,561,489,764,487,745
OPTIMAL_GREEDY_20,481,414,611,690,471,478,300,349,456,459,492,1529,4034,539,615,633,511,507,675,811,443,658,450,534,724,396,450,479,457,494,359,840,491,487,725,476,683
PLAYGROUND_BANDIT,578,550,538,555,804,869,471,474,652,664,654,563,539,4034,543,1294,619,2256,1384,641,966,617,531,548,567,651,660,666,650,838,429,610,602,774,600,759,550
PLAYGROUND_GRAPH_DENSITY,473,445,4027,572,400,420,643,411,448,393,441,633,615,543,4034,530,515,537,550,673,447,588,644,553,654,427,431,432,449,453,410,684,556,427,624,435,565
PLAYGROUND_INFORMATIVE_DIVERSE,601,597,525,565,653,676,436,450,653,639,651,618,633,1294,530,4034,644,1279,1248,607,750,582,524,512,580,587,626,630,625,636,427,654,555,629,568,626,560
PLAYGROUND_KCENTER_GREEDY,3967,765,510,544,611,558,431,697,544,549,511,550,511,619,515,644,4034,571,615,565,647,599,500,486,611,674,587,566,509,521,470,610,811,576,559,575,540
PLAYGROUND_MARGIN,527,546,532,518,917,1148,460,470,632,654,660,508,507,2256,537,1279,571,4034,1860,582,948,562,529,507,549,653,695,669,687,1130,422,584,557,895,561,865,513
PLAYGROUND_MIXTURE,575,569,546,603,710,830,412,477,580,573,606,653,675,1384,550,1248,615,1860,4034,751,722,643,515,520,664,592,602,608,627,823,433,678,550,707,624,688,599
PLAYGROUND_UNIFORM,526,495,671,738,530,546,430,450,527,531,564,812,811,641,673,607,565,582,751,4034,525,684,537,589,747,490,506,499,525,535,467,771,608,505,733,486,733
SKACTIVEML_COST_EMBEDDING,614,544,443,499,629,598,513,470,608,617,594,480,443,966,447,750,647,948,722,525,4034,542,517,499,523,702,632,628,597,608,433,552,589,604,532,634,495
SKACTIVEML_DAL,566,506,583,633,501,530,439,434,497,479,527,710,658,617,588,582,599,562,643,684,542,4034,578,514,639,459,527,547,544,503,454,651,598,488,653,481,630
SKACTIVEML_DWUS,459,505,639,487,537,544,573,458,512,502,520,475,450,531,644,524,500,529,515,537,517,578,4034,515,536,513,529,550,550,520,457,549,557,505,512,510,484
SKACTIVEML_QBC,451,442,549,549,446,475,488,464,449,441,446,551,534,548,553,512,486,507,520,589,499,514,515,4034,638,508,461,485,472,468,455,598,481,435,572,442,545
SKACTIVEML_QBC_VOTE_ENTROPY,570,509,650,702,520,512,460,455,514,484,522,781,724,567,654,580,611,549,664,747,523,639,536,638,4034,494,560,543,573,528,465,767,672,507,705,525,698
SKACTIVEML_QUIRE,634,720,423,456,575,552,448,666,553,556,519,424,396,651,427,587,674,653,592,490,702,459,513,508,494,4034,585,582,541,544,474,477,617,565,536,582,453
SKACTIVEML_US_ENTROPY,544,591,428,463,882,754,455,481,957,766,656,485,450,660,431,626,587,695,602,506,632,527,529,461,560,585,4034,3170,2979,688,432,510,588,801,494,993,461
SKACTIVEML_US_LC,522,583,429,482,1071,769,439,488,765,964,675,504,479,666,432,630,566,669,608,499,628,547,550,485,543,582,3170,4034,3053,711,446,527,578,1012,506,835,480
SKACTIVEML_US_MARGIN,470,548,446,489,757,1064,441,458,648,653,944,497,457,650,449,625,509,687,627,525,597,544,550,472,573,541,2979,3053,4034,1005,421,539,555,682,525,662,485
SMALLTEXT_BREAKINGTIES,477,566,449,473,953,1491,395,466,996,1025,1331,499,494,838,453,636,521,1130,823,535,608,503,520,468,528,544,688,711,1005,4034,435,530,518,2991,558,2946,468
SMALLTEXT_CONTRASTIVEAL,447,478,406,444,433,434,493,463,407,404,391,414,359,429,410,427,470,422,433,467,433,454,457,455,465,474,432,446,421,435,4034,472,532,451,482,437,441
SMALLTEXT_EMBEDDINGKMEANS,570,492,681,701,509,536,537,453,501,506,543,864,840,610,684,654,610,584,678,771,552,651,549,598,767,477,510,527,539,530,472,4034,638,522,783,500,696
SMALLTEXT_GREEDYCORESET,766,633,551,575,546,539,487,548,545,548,524,561,491,602,556,555,811,557,550,608,589,598,557,481,672,617,588,578,555,518,532,638,4034,533,604,529,573
SMALLTEXT_LEASTCONFIDENCE,531,592,427,479,1492,960,368,495,1145,1335,1024,489,487,774,427,629,576,895,707,505,604,488,505,435,507,565,801,1012,682,2991,451,522,533,4034,534,3155,480
SMALLTEXT_LIGHTWEIGHTCORESET,530,560,624,681,509,523,472,463,483,499,519,764,725,600,624,568,559,561,624,733,532,653,512,572,705,536,494,506,525,558,482,783,604,534,4034,536,685
SMALLTEXT_PREDICTIONENTROPY,532,588,435,462,1107,893,400,496,1335,1116,1000,487,476,759,435,626,575,865,688,486,634,481,510,442,525,582,993,835,662,2946,437,500,529,3155,536,4034,467
SMALLTEXT_RANDOM,499,491,565,4020,484,497,446,452,448,462,481,745,683,550,565,560,540,513,599,733,495,630,484,545,698,453,461,480,485,468,441,696,573,480,685,467,4034
