,ALIPY_CORESET_GREEDY,ALIPY_DENSITY_WEIGHTED,ALIPY_GRAPH_DENSITY,ALIPY_RANDOM,ALIPY_UNCERTAINTY_LC,ALIPY_UNCERTAINTY_MM,LIBACT_DWUS,LIBACT_QUIRE,LIBACT_UNCERTAINTY_ENT,LIBACT_UNCERTAINTY_LC,LIBACT_UNCERTAINTY_SM,OPTIMAL_GREEDY_10,OPTIMAL_GREEDY_20,PLAYGROUND_BANDIT,PLAYGROUND_GRAPH_DENSITY,PLAYGROUND_INFORMATIVE_DIVERSE,PLAYGROUND_KCENTER_GREEDY,PLAYGROUND_MARGIN,PLAYGROUND_MIXTURE,PLAYGROUND_UNIFORM,SKACTIVEML_COST_EMBEDDING,SKACTIVEML_DAL,SKACTIVEML_DWUS,SKACTIVEML_QBC,SKACTIVEML_QBC_VOTE_ENTROPY,SKACTIVEML_QUIRE,SKACTIVEML_US_ENTROPY,SKACTIVEML_US_LC,SKACTIVEML_US_MARGIN,SMALLTEXT_BREAKINGTIES,SMALLTEXT_CONTRASTIVEAL,SMALLTEXT_EMBEDDINGKMEANS,SMALLTEXT_GREEDYCORESET,SMALLTEXT_LEASTCONFIDENCE,SMALLTEXT_LIGHTWEIGHTCORESET,SMALLTEXT_PREDICTIONENTROPY,SMALLTEXT_RANDOM
ALIPY_CORESET_GREEDY,1.0,0.19905800694100148,0.03867129400099157,0.07560733763014378,0.046355974219137334,0.041398116013882005,0.0946950917203768,0.2330193356470005,0.037927615270203274,0.035448686167575606,0.035696579077838374,0.11700545364402579,0.11774913237481408,0.09271194843827467,0.03867129400099157,0.10857709469509172,1.0,0.07263262270699058,0.0932077342588002,0.11601388200297472,0.12022806147744175,0.1264253842340109,0.10089241447694595,0.10510659395141299,0.11080813088745661,0.16360932077342588,0.03024293505205751,0.03148239960337134,0.030490827962320277,0.021566683192860685,0.0999008428358949,0.14452156668319285,0.3852255825483391,0.03173029251363411,0.14749628160634606,0.02949925632126921,0.07560733763014378
ALIPY_DENSITY_WEIGHTED,0.19905800694100148,1.0,0.058254833911750126,0.06519583539910759,0.07436787307882994,0.06593951412989589,0.12865642042637582,0.2729300941993059,0.06395637084779375,0.06519583539910759,0.05577590480912246,0.12865642042637582,0.13411006445215667,0.10783341596430342,0.058254833911750126,0.11353495290034706,0.19905800694100148,0.07957362419434805,0.08254833911750124,0.11824491819533961,0.14352999504214178,0.11626177491323748,0.15592464055528013,0.12840852751611304,0.12097174020823004,0.18368864650470995,0.061973227565691624,0.059742191373326724,0.05552801189885969,0.0480912245909767,0.13708477937530986,0.1591472483886961,0.28730788299454635,0.05156172533465543,0.14229053049082796,0.05701536936043629,0.06519583539910759
ALIPY_GRAPH_DENSITY,0.03867129400099157,0.058254833911750126,1.0,0.05428854734754586,0.03743182944967774,0.03817550818046604,0.11998016856717898,0.08651462568170551,0.026524541398116015,0.02404561229548835,0.03173029251363411,0.10436291522062469,0.1036192364898364,0.05627169062964799,1.0,0.058254833911750126,0.03867129400099157,0.032969757064947945,0.04115022310361924,0.1036192364898364,0.07040158651462568,0.09717402082300446,0.10609816559246406,0.10237977193852256,0.11179970252850768,0.05304908279623203,0.029251363411006447,0.02751611303916708,0.023797719385225583,0.019583539910758552,0.0961824491819534,0.11403073872087258,0.07610312345066932,0.018096182449181954,0.10609816559246406,0.02181457610312345,0.05428854734754586
ALIPY_RANDOM,0.07560733763014378,0.06519583539910759,0.05428854734754586,1.0,0.045364402578086264,0.04338125929598413,0.1353495290034705,0.09122459097669806,0.029995042141794746,0.029251363411006447,0.031234506693108576,0.17848289538919188,0.17873078829945463,0.10560237977193852,0.05428854734754586,0.12840852751611304,0.07560733763014378,0.07560733763014378,0.11824491819533961,0.16807139315815567,0.08750619732275657,0.16683192860684184,0.11527020327218641,0.15294992563212692,0.18393653941497273,0.0473475458601884,0.027268220128904314,0.026276648487853247,0.031234506693108576,0.02825979176995538,0.12816063460585028,0.18691125433812594,0.11328705999008429,0.024293505205751114,0.16236985622211206,0.02751611303916708,1.0
ALIPY_UNCERTAINTY_LC,0.046355974219137334,0.07436787307882994,0.03743182944967774,0.045364402578086264,1.0,0.7203767972235994,0.07312840852751612,0.062221120475954385,0.08155676747645017,0.09568666336142786,0.07164105106593951,0.07560733763014378,0.08205255329697571,0.08031730292513634,0.03743182944967774,0.07759048091224591,0.046355974219137334,0.1279127416955875,0.08279623202776401,0.07858205255329698,0.08403569657907783,0.07337630143777887,0.08155676747645017,0.07387208725830441,0.07982151710461081,0.06866633614278632,0.0813088745661874,0.08899355478433317,0.06990580069410014,0.1308874566187407,0.07486365889935548,0.08155676747645017,0.06693108577094695,0.23921665840356965,0.07114526524541398,0.14625681705503224,0.045364402578086264
ALIPY_UNCERTAINTY_MM,0.041398116013882005,0.06593951412989589,0.03817550818046604,0.04338125929598413,0.7203767972235994,1.0,0.07659890927119484,0.05999008428358949,0.07238472979672782,0.07337630143777887,0.09048091224590976,0.08106098165592464,0.08254833911750124,0.08676251859196826,0.03817550818046604,0.08378780366881507,0.041398116013882005,0.17873078829945463,0.10138820029747149,0.07833415964303421,0.07858205255329698,0.07659890927119484,0.07659890927119484,0.07387208725830441,0.07882994546355974,0.06420426375805652,0.06668319286068418,0.06742687159147248,0.09395141298958849,0.23574615765989093,0.07858205255329698,0.08254833911750124,0.06519583539910759,0.13212692117005453,0.07560733763014378,0.12518591968269707,0.04338125929598413
LIBACT_DWUS,0.0946950917203768,0.12865642042637582,0.11998016856717898,0.1353495290034705,0.07312840852751612,0.07659890927119484,1.0,0.236737729300942,0.062221120475954385,0.0532969757064948,0.056023797719385225,0.2783837382250868,0.2803668815071889,0.16831928606841845,0.11998016856717898,0.2035200793257313,0.0946950917203768,0.11155180961824492,0.1576598909271195,0.26846802181457613,0.16063460585027267,0.23475458601883986,0.349281110560238,0.2565691621219633,0.26797223599405057,0.15716410510659395,0.05552801189885969,0.05676747645017353,0.05651958353991076,0.0443728309370352,0.32126921170054534,0.47297967278135844,0.21988101140307387,0.03941497273177987,0.23177987109568665,0.0532969757064948,0.1353495290034705
LIBACT_QUIRE,0.2330193356470005,0.2729300941993059,0.08651462568170551,0.09122459097669806,0.062221120475954385,0.05999008428358949,0.236737729300942,1.0,0.06470004957858205,0.05899851264253842,0.06321269211700545,0.19410014873574616,0.19286068418443233,0.1450173525037184,0.08651462568170551,0.16881507188894398,0.2330193356470005,0.0984134853743183,0.11576598909271195,0.17997025285076848,0.19112543381259295,0.18839861179970252,0.20525532969757065,0.19211700545364402,0.19038175508180466,0.21789786812097173,0.06395637084779375,0.06395637084779375,0.06172533465542886,0.0428854734754586,0.2196331184928111,0.2840852751611304,0.35324739712444225,0.04784333168071393,0.22657411998016858,0.0532969757064948,0.09122459097669806
LIBACT_UNCERTAINTY_ENT,0.037927615270203274,0.06395637084779375,0.026524541398116015,0.029995042141794746,0.08155676747645017,0.07238472979672782,0.062221120475954385,0.06470004957858205,1.0,0.7486365889935548,0.7221120475954388,0.06370847793753098,0.058750619732275654,0.05751115518096182,0.026524541398116015,0.05899851264253842,0.037927615270203274,0.04685176003966286,0.0436291522062469,0.06321269211700545,0.06792265741199802,0.057263262270699056,0.05924640555280119,0.056023797719385225,0.05800694100148736,0.056023797719385225,0.08924144769459594,0.07734258800198314,0.06569162121963312,0.07387208725830441,0.06618740704015866,0.06717897868120971,0.06321269211700545,0.08750619732275657,0.06643529995042141,0.10907288051561725,0.029995042141794746
LIBACT_UNCERTAINTY_LC,0.035448686167575606,0.06519583539910759,0.02404561229548835,0.029251363411006447,0.09568666336142786,0.07337630143777887,0.0532969757064948,0.05899851264253842,0.7486365889935548,1.0,0.7327714427367378,0.05205751115518096,0.05057015369360436,0.053544868616757564,0.02404561229548835,0.05899851264253842,0.035448686167575606,0.0466038671294001,0.044868616757560736,0.0518096182449182,0.061973227565691624,0.04858701041150223,0.05428854734754586,0.05057015369360436,0.05775904809122459,0.05503222607833416,0.08279623202776401,0.09568666336142786,0.07213683688646505,0.07882994546355974,0.0518096182449182,0.05428854734754586,0.0532969757064948,0.09866137828458106,0.0532969757064948,0.10535448686167576,0.029251363411006447
LIBACT_UNCERTAINTY_SM,0.035696579077838374,0.05577590480912246,0.03173029251363411,0.031234506693108576,0.07164105106593951,0.09048091224590976,0.056023797719385225,0.06321269211700545,0.7221120475954388,0.7327714427367378,1.0,0.061973227565691624,0.06122954883490332,0.05999008428358949,0.03173029251363411,0.06296479920674268,0.035696579077838374,0.05627169062964799,0.0458601883986118,0.06023797719385226,0.06296479920674268,0.05924640555280119,0.058750619732275654,0.06172533465542886,0.06073376301437779,0.043877045116509666,0.06742687159147248,0.06792265741199802,0.0857709469509172,0.0999008428358949,0.059742191373326724,0.05850272682201289,0.05899851264253842,0.08279623202776401,0.06246901338621715,0.08601883986117997,0.031234506693108576
OPTIMAL_GREEDY_10,0.11700545364402579,0.12865642042637582,0.10436291522062469,0.17848289538919188,0.07560733763014378,0.08106098165592464,0.2783837382250868,0.19410014873574616,0.06370847793753098,0.05205751115518096,0.061973227565691624,1.0,0.3222607833415964,0.1715418939018344,0.10436291522062469,0.20897372335151215,0.11700545364402579,0.11650966782350025,0.1752602875557759,0.29102627664848785,0.1536936043629152,0.2709469509172038,0.22384729796727815,0.24442240951908775,0.2989588497768964,0.11279127416955875,0.052553296975706494,0.053544868616757564,0.058254833911750126,0.054784333168071395,0.2528507684680218,0.37530986613782846,0.19930589985126426,0.054784333168071395,0.29796727813584534,0.05676747645017353,0.17848289538919188
OPTIMAL_GREEDY_20,0.11774913237481408,0.13411006445215667,0.1036192364898364,0.17873078829945463,0.08205255329697571,0.08254833911750124,0.2803668815071889,0.19286068418443233,0.058750619732275654,0.05057015369360436,0.06122954883490332,0.3222607833415964,1.0,0.17997025285076848,0.1036192364898364,0.21417947446703026,0.11774913237481408,0.11551809618244918,0.1812097174020823,0.282350024789291,0.16410510659395142,0.2751611303916708,0.22756569162121965,0.26078334159643035,0.2925136341100645,0.11502231036192365,0.05627169062964799,0.051065939514129896,0.06792265741199802,0.058750619732275654,0.24566187407040158,0.3733267228557263,0.20079325731284084,0.05081804660386713,0.2915220624690134,0.05899851264253842,0.17873078829945463
PLAYGROUND_BANDIT,0.09271194843827467,0.10783341596430342,0.05627169062964799,0.10560237977193852,0.08031730292513634,0.08676251859196826,0.16831928606841845,0.1450173525037184,0.05751115518096182,0.053544868616757564,0.05999008428358949,0.1715418939018344,0.17997025285076848,1.0,0.05627169062964799,0.38274665344571146,0.09271194843827467,0.4000991571641051,0.3415964303420922,0.17575607337630145,0.1626177491323748,0.16236985622211206,0.15443728309370353,0.17773921665840356,0.17178978681209717,0.10560237977193852,0.050322260783341594,0.058750619732275654,0.06346058502726822,0.06023797719385226,0.15468517600396628,0.21120475954387705,0.13956370847793753,0.056023797719385225,0.1707982151710461,0.05577590480912246,0.10560237977193852
PLAYGROUND_GRAPH_DENSITY,0.03867129400099157,0.058254833911750126,1.0,0.05428854734754586,0.03743182944967774,0.03817550818046604,0.11998016856717898,0.08651462568170551,0.026524541398116015,0.02404561229548835,0.03173029251363411,0.10436291522062469,0.1036192364898364,0.05627169062964799,1.0,0.058254833911750126,0.03867129400099157,0.032969757064947945,0.04115022310361924,0.1036192364898364,0.07040158651462568,0.09717402082300446,0.10609816559246406,0.10237977193852256,0.11179970252850768,0.05304908279623203,0.029251363411006447,0.02751611303916708,0.023797719385225583,0.019583539910758552,0.0961824491819534,0.11403073872087258,0.07610312345066932,0.018096182449181954,0.10609816559246406,0.02181457610312345,0.05428854734754586
PLAYGROUND_INFORMATIVE_DIVERSE,0.10857709469509172,0.11353495290034706,0.058254833911750126,0.12840852751611304,0.07759048091224591,0.08378780366881507,0.2035200793257313,0.16881507188894398,0.05899851264253842,0.05899851264253842,0.06296479920674268,0.20897372335151215,0.21417947446703026,0.38274665344571146,0.058254833911750126,1.0,0.10857709469509172,0.3257312840852752,0.3750619732275657,0.2094695091720377,0.16162617749132374,0.1998016856717898,0.17352503718393653,0.19707486365889937,0.20599900842835894,0.10114030738720872,0.05924640555280119,0.058750619732275654,0.06470004957858205,0.06122954883490332,0.18616757560733763,0.27615270203272185,0.18294496777392166,0.052553296975706494,0.22087258304412494,0.052553296975706494,0.12840852751611304
PLAYGROUND_KCENTER_GREEDY,1.0,0.19905800694100148,0.03867129400099157,0.07560733763014378,0.046355974219137334,0.041398116013882005,0.0946950917203768,0.2330193356470005,0.037927615270203274,0.035448686167575606,0.035696579077838374,0.11700545364402579,0.11774913237481408,0.09271194843827467,0.03867129400099157,0.10857709469509172,1.0,0.07263262270699058,0.0932077342588002,0.11601388200297472,0.12022806147744175,0.1264253842340109,0.10089241447694595,0.10510659395141299,0.11080813088745661,0.16360932077342588,0.03024293505205751,0.03148239960337134,0.030490827962320277,0.021566683192860685,0.0999008428358949,0.14452156668319285,0.3852255825483391,0.03173029251363411,0.14749628160634606,0.02949925632126921,0.07560733763014378
PLAYGROUND_MARGIN,0.07263262270699058,0.07957362419434805,0.032969757064947945,0.07560733763014378,0.1279127416955875,0.17873078829945463,0.11155180961824492,0.0984134853743183,0.04685176003966286,0.0466038671294001,0.05627169062964799,0.11650966782350025,0.11551809618244918,0.4000991571641051,0.032969757064947945,0.3257312840852752,0.07263262270699058,1.0,0.4774417451660882,0.11898859692612791,0.1383242439266237,0.11179970252850768,0.1036192364898364,0.11576598909271195,0.10857709469509172,0.07808626673277144,0.042637580565195836,0.048834903321764996,0.05428854734754586,0.15344571145265246,0.10758552305404065,0.13634110064452157,0.0961824491819534,0.10262766484878533,0.11328705999008429,0.0961824491819534,0.07560733763014378
PLAYGROUND_MIXTURE,0.0932077342588002,0.08254833911750124,0.04115022310361924,0.11824491819533961,0.08279623202776401,0.10138820029747149,0.1576598909271195,0.11576598909271195,0.0436291522062469,0.044868616757560736,0.0458601883986118,0.1752602875557759,0.1812097174020823,0.3415964303420922,0.04115022310361924,0.3750619732275657,0.0932077342588002,0.4774417451660882,1.0,0.18517600396628656,0.13584531482399603,0.16931085770946952,0.12964799206742686,0.1588993554784333,0.17848289538919188,0.07387208725830441,0.04238968765493307,0.04115022310361924,0.048834903321764996,0.07858205255329698,0.15468517600396628,0.21690629647992068,0.14154685176003967,0.05775904809122459,0.18542389687654934,0.05428854734754586,0.11824491819533961
PLAYGROUND_UNIFORM,0.11601388200297472,0.11824491819533961,0.1036192364898364,0.16807139315815567,0.07858205255329698,0.07833415964303421,0.26846802181457613,0.17997025285076848,0.06321269211700545,0.0518096182449182,0.06023797719385226,0.29102627664848785,0.282350024789291,0.17575607337630145,0.1036192364898364,0.2094695091720377,0.11601388200297472,0.11898859692612791,0.18517600396628656,1.0,0.15617253346554288,0.266484878532474,0.2114526524541398,0.2588001983143282,0.2860684184432325,0.1036192364898364,0.05304908279623203,0.049826474962816066,0.05775904809122459,0.04908279623202776,0.2513634110064452,0.34977689638076354,0.18839861179970252,0.0458601883986118,0.28284581060981656,0.05057015369360436,0.16807139315815567
SKACTIVEML_COST_EMBEDDING,0.12022806147744175,0.14352999504214178,0.07040158651462568,0.08750619732275657,0.08403569657907783,0.07858205255329698,0.16063460585027267,0.19112543381259295,0.06792265741199802,0.061973227565691624,0.06296479920674268,0.1536936043629152,0.16410510659395142,0.1626177491323748,0.07040158651462568,0.16162617749132374,0.12022806147744175,0.1383242439266237,0.13584531482399603,0.15617253346554288,1.0,0.1457610312345067,0.16881507188894398,0.1576598909271195,0.14700049578582053,0.15493306891422906,0.059742191373326724,0.05627169062964799,0.05899851264253842,0.05453644025780863,0.16435299950421417,0.1943480416460089,0.1819533961328706,0.057263262270699056,0.1611303916707982,0.06395637084779375,0.08750619732275657
SKACTIVEML_DAL,0.1264253842340109,0.11626177491323748,0.09717402082300446,0.16683192860684184,0.07337630143777887,0.07659890927119484,0.23475458601883986,0.18839861179970252,0.057263262270699056,0.04858701041150223,0.05924640555280119,0.2709469509172038,0.2751611303916708,0.16236985622211206,0.09717402082300446,0.1998016856717898,0.1264253842340109,0.11179970252850768,0.16931085770946952,0.266484878532474,0.1457610312345067,1.0,0.19261279127416955,0.24888448190381754,0.2588001983143282,0.10312345066931086,0.05280118988596926,0.05230540406544373,0.059494298463063956,0.04685176003966286,0.23822508676251858,0.33242439266236984,0.2188894397620228,0.0451165096678235,0.2878036688150719,0.050322260783341594,0.16683192860684184
SKACTIVEML_DWUS,0.10089241447694595,0.15592464055528013,0.10609816559246406,0.11527020327218641,0.08155676747645017,0.07659890927119484,0.349281110560238,0.20525532969757065,0.05924640555280119,0.05428854734754586,0.058750619732275654,0.22384729796727815,0.22756569162121965,0.15443728309370353,0.10609816559246406,0.17352503718393653,0.10089241447694595,0.1036192364898364,0.12964799206742686,0.2114526524541398,0.16881507188894398,0.19261279127416955,1.0,0.21913733267228558,0.22508676251859197,0.14749628160634606,0.059494298463063956,0.058750619732275654,0.06147744174516609,0.05775904809122459,0.2337630143777888,0.3225086762518592,0.21095686663361427,0.05428854734754586,0.1938522558254834,0.05627169062964799,0.11527020327218641
SKACTIVEML_QBC,0.10510659395141299,0.12840852751611304,0.10237977193852256,0.15294992563212692,0.07387208725830441,0.07387208725830441,0.2565691621219633,0.19211700545364402,0.056023797719385225,0.05057015369360436,0.06172533465542886,0.24442240951908775,0.26078334159643035,0.17773921665840356,0.10237977193852256,0.19707486365889937,0.10510659395141299,0.11576598909271195,0.1588993554784333,0.2588001983143282,0.1576598909271195,0.24888448190381754,0.21913733267228558,1.0,0.27863163113534956,0.11923648983639068,0.05999008428358949,0.06172533465542886,0.06395637084779375,0.05428854734754586,0.23425880019831433,0.3331680713931582,0.19558750619732276,0.05453644025780863,0.2424392662369856,0.05676747645017353,0.15294992563212692
SKACTIVEML_QBC_VOTE_ENTROPY,0.11080813088745661,0.12097174020823004,0.11179970252850768,0.18393653941497273,0.07982151710461081,0.07882994546355974,0.26797223599405057,0.19038175508180466,0.05800694100148736,0.05775904809122459,0.06073376301437779,0.2989588497768964,0.2925136341100645,0.17178978681209717,0.11179970252850768,0.20599900842835894,0.11080813088745661,0.10857709469509172,0.17848289538919188,0.2860684184432325,0.14700049578582053,0.2588001983143282,0.22508676251859197,0.27863163113534956,1.0,0.10585027268220129,0.05676747645017353,0.06296479920674268,0.06445215666831929,0.0518096182449182,0.24194348041646008,0.35448686167575605,0.19905800694100148,0.05205751115518096,0.2816063460585027,0.050322260783341594,0.18393653941497273
SKACTIVEML_QUIRE,0.16360932077342588,0.18368864650470995,0.05304908279623203,0.0473475458601884,0.06866633614278632,0.06420426375805652,0.15716410510659395,0.21789786812097173,0.056023797719385225,0.05503222607833416,0.043877045116509666,0.11279127416955875,0.11502231036192365,0.10560237977193852,0.05304908279623203,0.10114030738720872,0.16360932077342588,0.07808626673277144,0.07387208725830441,0.1036192364898364,0.15493306891422906,0.10312345066931086,0.14749628160634606,0.11923648983639068,0.10585027268220129,1.0,0.053792761527020325,0.052553296975706494,0.047595438770451165,0.03941497273177987,0.13485374318294496,0.16013882002974714,0.24467030242935053,0.0466038671294001,0.11254338125929599,0.05800694100148736,0.0473475458601884
SKACTIVEML_US_ENTROPY,0.03024293505205751,0.061973227565691624,0.029251363411006447,0.027268220128904314,0.0813088745661874,0.06668319286068418,0.05552801189885969,0.06395637084779375,0.08924144769459594,0.08279623202776401,0.06742687159147248,0.052553296975706494,0.05627169062964799,0.050322260783341594,0.029251363411006447,0.05924640555280119,0.03024293505205751,0.042637580565195836,0.04238968765493307,0.05304908279623203,0.059742191373326724,0.05280118988596926,0.059494298463063956,0.05999008428358949,0.05676747645017353,0.053792761527020325,1.0,0.7516113039167079,0.7268220128904314,0.056023797719385225,0.057263262270699056,0.06321269211700545,0.05924640555280119,0.06767476450173525,0.05751115518096182,0.09345562716906297,0.027268220128904314
SKACTIVEML_US_LC,0.03148239960337134,0.059742191373326724,0.02751611303916708,0.026276648487853247,0.08899355478433317,0.06742687159147248,0.05676747645017353,0.06395637084779375,0.07734258800198314,0.09568666336142786,0.06792265741199802,0.053544868616757564,0.051065939514129896,0.058750619732275654,0.02751611303916708,0.058750619732275654,0.03148239960337134,0.048834903321764996,0.04115022310361924,0.049826474962816066,0.05627169062964799,0.05230540406544373,0.058750619732275654,0.06172533465542886,0.06296479920674268,0.052553296975706494,0.7516113039167079,1.0,0.7270699058006941,0.05404065443728309,0.054784333168071395,0.061973227565691624,0.05850272682201289,0.07907783837382251,0.059742191373326724,0.07659890927119484,0.026276648487853247
SKACTIVEML_US_MARGIN,0.030490827962320277,0.05552801189885969,0.023797719385225583,0.031234506693108576,0.06990580069410014,0.09395141298958849,0.05651958353991076,0.06172533465542886,0.06569162121963312,0.07213683688646505,0.0857709469509172,0.058254833911750126,0.06792265741199802,0.06346058502726822,0.023797719385225583,0.06470004957858205,0.030490827962320277,0.05428854734754586,0.048834903321764996,0.05775904809122459,0.05899851264253842,0.059494298463063956,0.06147744174516609,0.06395637084779375,0.06445215666831929,0.047595438770451165,0.7268220128904314,0.7270699058006941,1.0,0.07560733763014378,0.059494298463063956,0.06470004957858205,0.05552801189885969,0.05676747645017353,0.06122954883490332,0.06593951412989589,0.031234506693108576
SMALLTEXT_BREAKINGTIES,0.021566683192860685,0.0480912245909767,0.019583539910758552,0.02825979176995538,0.1308874566187407,0.23574615765989093,0.0443728309370352,0.0428854734754586,0.07387208725830441,0.07882994546355974,0.0999008428358949,0.054784333168071395,0.058750619732275654,0.06023797719385226,0.019583539910758552,0.06122954883490332,0.021566683192860685,0.15344571145265246,0.07858205255329698,0.04908279623202776,0.05453644025780863,0.04685176003966286,0.05775904809122459,0.05428854734754586,0.0518096182449182,0.03941497273177987,0.056023797719385225,0.05404065443728309,0.07560733763014378,1.0,0.049826474962816066,0.05676747645017353,0.04238968765493307,0.717649975210709,0.05156172533465543,0.7097174020823005,0.02825979176995538
SMALLTEXT_CONTRASTIVEAL,0.0999008428358949,0.13708477937530986,0.0961824491819534,0.12816063460585028,0.07486365889935548,0.07858205255329698,0.32126921170054534,0.2196331184928111,0.06618740704015866,0.0518096182449182,0.059742191373326724,0.2528507684680218,0.24566187407040158,0.15468517600396628,0.0961824491819534,0.18616757560733763,0.0999008428358949,0.10758552305404065,0.15468517600396628,0.2513634110064452,0.16435299950421417,0.23822508676251858,0.2337630143777888,0.23425880019831433,0.24194348041646008,0.13485374318294496,0.057263262270699056,0.054784333168071395,0.059494298463063956,0.049826474962816066,1.0,0.34705007436787305,0.17352503718393653,0.04313336638572137,0.22905304908279622,0.05528011898859692,0.12816063460585028
SMALLTEXT_EMBEDDINGKMEANS,0.14452156668319285,0.1591472483886961,0.11403073872087258,0.18691125433812594,0.08155676747645017,0.08254833911750124,0.47297967278135844,0.2840852751611304,0.06717897868120971,0.05428854734754586,0.05850272682201289,0.37530986613782846,0.3733267228557263,0.21120475954387705,0.11403073872087258,0.27615270203272185,0.14452156668319285,0.13634110064452157,0.21690629647992068,0.34977689638076354,0.1943480416460089,0.33242439266236984,0.3225086762518592,0.3331680713931582,0.35448686167575605,0.16013882002974714,0.06321269211700545,0.061973227565691624,0.06470004957858205,0.05676747645017353,0.34705007436787305,1.0,0.2959841348537432,0.05230540406544373,0.4000991571641051,0.056023797719385225,0.18691125433812594
SMALLTEXT_GREEDYCORESET,0.3852255825483391,0.28730788299454635,0.07610312345066932,0.11328705999008429,0.06693108577094695,0.06519583539910759,0.21988101140307387,0.35324739712444225,0.06321269211700545,0.0532969757064948,0.05899851264253842,0.19930589985126426,0.20079325731284084,0.13956370847793753,0.07610312345066932,0.18294496777392166,0.3852255825483391,0.0961824491819534,0.14154685176003967,0.18839861179970252,0.1819533961328706,0.2188894397620228,0.21095686663361427,0.19558750619732276,0.19905800694100148,0.24467030242935053,0.05924640555280119,0.05850272682201289,0.05552801189885969,0.04238968765493307,0.17352503718393653,0.2959841348537432,1.0,0.04462072384729797,0.2592959841348537,0.05453644025780863,0.11328705999008429
SMALLTEXT_LEASTCONFIDENCE,0.03173029251363411,0.05156172533465543,0.018096182449181954,0.024293505205751114,0.23921665840356965,0.13212692117005453,0.03941497273177987,0.04784333168071393,0.08750619732275657,0.09866137828458106,0.08279623202776401,0.054784333168071395,0.05081804660386713,0.056023797719385225,0.018096182449181954,0.052553296975706494,0.03173029251363411,0.10262766484878533,0.05775904809122459,0.0458601883986118,0.057263262270699056,0.0451165096678235,0.05428854734754586,0.05453644025780863,0.05205751115518096,0.0466038671294001,0.06767476450173525,0.07907783837382251,0.05676747645017353,0.717649975210709,0.04313336638572137,0.05230540406544373,0.04462072384729797,1.0,0.04933068914229053,0.7374814080317303,0.024293505205751114
SMALLTEXT_LIGHTWEIGHTCORESET,0.14749628160634606,0.14229053049082796,0.10609816559246406,0.16236985622211206,0.07114526524541398,0.07560733763014378,0.23177987109568665,0.22657411998016858,0.06643529995042141,0.0532969757064948,0.06246901338621715,0.29796727813584534,0.2915220624690134,0.1707982151710461,0.10609816559246406,0.22087258304412494,0.14749628160634606,0.11328705999008429,0.18542389687654934,0.28284581060981656,0.1611303916707982,0.2878036688150719,0.1938522558254834,0.2424392662369856,0.2816063460585027,0.11254338125929599,0.05751115518096182,0.059742191373326724,0.06122954883490332,0.05156172533465543,0.22905304908279622,0.4000991571641051,0.2592959841348537,0.04933068914229053,1.0,0.05627169062964799,0.16236985622211206
SMALLTEXT_PREDICTIONENTROPY,0.02949925632126921,0.05701536936043629,0.02181457610312345,0.02751611303916708,0.14625681705503224,0.12518591968269707,0.0532969757064948,0.0532969757064948,0.10907288051561725,0.10535448686167576,0.08601883986117997,0.05676747645017353,0.05899851264253842,0.05577590480912246,0.02181457610312345,0.052553296975706494,0.02949925632126921,0.0961824491819534,0.05428854734754586,0.05057015369360436,0.06395637084779375,0.050322260783341594,0.05627169062964799,0.05676747645017353,0.050322260783341594,0.05800694100148736,0.09345562716906297,0.07659890927119484,0.06593951412989589,0.7097174020823005,0.05528011898859692,0.056023797719385225,0.05453644025780863,0.7374814080317303,0.05627169062964799,1.0,0.02751611303916708
SMALLTEXT_RANDOM,0.07560733763014378,0.06519583539910759,0.05428854734754586,1.0,0.045364402578086264,0.04338125929598413,0.1353495290034705,0.09122459097669806,0.029995042141794746,0.029251363411006447,0.031234506693108576,0.17848289538919188,0.17873078829945463,0.10560237977193852,0.05428854734754586,0.12840852751611304,0.07560733763014378,0.07560733763014378,0.11824491819533961,0.16807139315815567,0.08750619732275657,0.16683192860684184,0.11527020327218641,0.15294992563212692,0.18393653941497273,0.0473475458601884,0.027268220128904314,0.026276648487853247,0.031234506693108576,0.02825979176995538,0.12816063460585028,0.18691125433812594,0.11328705999008429,0.024293505205751114,0.16236985622211206,0.02751611303916708,1.0
