,ALIPY_CORESET_GREEDY,ALIPY_DENSITY_WEIGHTED,ALIPY_GRAPH_DENSITY,ALIPY_RANDOM,ALIPY_UNCERTAINTY_LC,ALIPY_UNCERTAINTY_MM,LIBACT_DWUS,LIBACT_QUIRE,LIBACT_UNCERTAINTY_ENT,LIBACT_UNCERTAINTY_LC,LIBACT_UNCERTAINTY_SM,OPTIMAL_GREEDY_10,OPTIMAL_GREEDY_20,PLAYGROUND_BANDIT,PLAYGROUND_GRAPH_DENSITY,PLAYGROUND_INFORMATIVE_DIVERSE,PLAYGROUND_KCENTER_GREEDY,PLAYGROUND_MARGIN,PLAYGROUND_MIXTURE,PLAYGROUND_UNIFORM,SKACTIVEML_COST_EMBEDDING,SKACTIVEML_DAL,SKACTIVEML_DWUS,SKACTIVEML_QBC,SKACTIVEML_QBC_VOTE_ENTROPY,SKACTIVEML_QUIRE,SKACTIVEML_US_ENTROPY,SKACTIVEML_US_LC,SKACTIVEML_US_MARGIN,SMALLTEXT_BREAKINGTIES,SMALLTEXT_CONTRASTIVEAL,SMALLTEXT_EMBEDDINGKMEANS,SMALLTEXT_GREEDYCORESET,SMALLTEXT_LEASTCONFIDENCE,SMALLTEXT_LIGHTWEIGHTCORESET,SMALLTEXT_PREDICTIONENTROPY,SMALLTEXT_RANDOM
ALIPY_CORESET_GREEDY,1.0,0.30887456618740705,0.2702032721864155,0.2498760535448686,0.27615270203272185,0.26797223599405057,0.3009419930589985,0.27987109568666335,0.2654933068914229,0.2667327714427367,0.2635101636093208,0.22905304908279622,0.22583044124938026,0.30490827962320277,0.27193852255825485,0.2766484878532474,0.914972731779871,0.3031730292513634,0.2744174516608825,0.25756073376301436,0.3024293505205751,0.26003966286564206,0.2825979176995538,0.2518591968269707,0.2625185919682697,0.3083787803668815,0.27689638076351014,0.2704511650966782,0.26945959345562714,0.26822012890431335,0.27268220128904314,0.2513634110064452,0.30937035200793256,0.2751611303916708,0.25855230540406543,0.28011898859692613,0.2478929102627665
ALIPY_DENSITY_WEIGHTED,0.30887456618740705,1.0,0.3098661378284581,0.28011898859692613,0.3267228557263262,0.32052553296975705,0.3512642538423401,0.33837382250867626,0.31631135349529005,0.3158155676747645,0.30937035200793256,0.259048091224591,0.2424392662369856,0.3579573624194348,0.3108577094695092,0.3252354982647496,0.32498760535448684,0.349281110560238,0.31978185423896877,0.29771938522558256,0.334407535944472,0.28805156172533464,0.3363906792265741,0.2900347050074368,0.28953891918691127,0.35696579077838375,0.3220128904313337,0.3177987109568666,0.31705503222607834,0.31606346058502727,0.31631135349529005,0.2927615270203272,0.33911750123946455,0.32399603371343577,0.2892910262766485,0.32796232027764005,0.27937530986613784
ALIPY_GRAPH_DENSITY,0.2702032721864155,0.3098661378284581,1.0,0.2878036688150719,0.31308874566187406,0.307882994546356,0.36936043629152204,0.2808626673277144,0.30589985126425384,0.2999504214179474,0.30813088745661876,0.27640059494298463,0.26450173525037185,0.35622211204759546,0.9662865642042637,0.322756569162122,0.30589985126425384,0.3453148239960337,0.3190381755081805,0.30912245909766983,0.3368864650470996,0.3011898859692613,0.34258800198314326,0.3098661378284581,0.2999504214179474,0.3225086762518592,0.3098661378284581,0.30069410014873577,0.3036688150718889,0.3068914229053049,0.31036192364898363,0.3026772434308379,0.3440753594447199,0.29697570649479427,0.30143777887952405,0.3026772434308379,0.27962320277640057
ALIPY_RANDOM,0.2498760535448686,0.28011898859692613,0.2878036688150719,1.0,0.29920674268715913,0.2994546355974219,0.3363906792265741,0.2821021318790283,0.297223599405057,0.2949925632126921,0.29449677739216656,0.27937530986613784,0.26945959345562714,0.3411006445215667,0.3001983143282102,0.31011403073872085,0.29920674268715913,0.3296975706494794,0.31631135349529005,0.30168567178978684,0.3187902825979177,0.2959841348537432,0.31705503222607834,0.29548834903321763,0.3061477441745166,0.31383242439266235,0.29474467030242935,0.2922657411998017,0.29325731284085277,0.29102627664848785,0.2816063460585027,0.30664352999504213,0.30862667327714427,0.2845810609816559,0.29077838373822507,0.288795240456123,0.9652949925632127
ALIPY_UNCERTAINTY_LC,0.27615270203272185,0.3267228557263262,0.31308874566187406,0.29920674268715913,1.0,0.8210213187902826,0.38001983143282103,0.33862171541893904,0.39464551313832424,0.41224590976698067,0.38671294000991574,0.29300941993059,0.2900347050074368,0.43579573624194345,0.3336638572136837,0.37258304412493803,0.3406048587010411,0.4556271690629648,0.38943976202280617,0.34234010907288054,0.4033217649975211,0.33490332176499754,0.38051561725334654,0.32870599900842834,0.3254833911750124,0.3810114030738721,0.41323748140803174,0.42711948438274666,0.3926623698562221,0.43827466534457116,0.33837382250867626,0.32126921170054534,0.35671789786812097,0.5101636093207734,0.30515617253346555,0.4439762022806148,0.2882994546355974
ALIPY_UNCERTAINTY_MM,0.26797223599405057,0.32052553296975705,0.307882994546356,0.2994546355974219,0.8210213187902826,1.0,0.38001983143282103,0.33391175012394647,0.38001983143282103,0.3780366881507189,0.40183440753594446,0.2962320277640059,0.2850768468021815,0.440505701536936,0.3336638572136837,0.3691125433812593,0.3336638572136837,0.4935547843331681,0.4072880515617253,0.341844323252355,0.39910758552305403,0.33614278631631134,0.3733267228557263,0.3289538919186911,0.32300446207238476,0.3815071888943976,0.39811601388200296,0.39167079821517103,0.4154685176003966,0.5168567178978681,0.33936539414972733,0.3254833911750124,0.35324739712444225,0.42191373326722853,0.30912245909766983,0.4149727317798711,0.29127416955875063
LIBACT_DWUS,0.3009419930589985,0.3512642538423401,0.36936043629152204,0.3363906792265741,0.38001983143282103,0.38001983143282103,1.0,0.35845314823996033,0.3713435795736242,0.368368864650471,0.36787307882994547,0.32721864154685176,0.31036192364898363,0.4328210213187903,0.3958849776896381,0.3862171541893902,0.3673772930094199,0.41968269707486366,0.38572136836886467,0.3653941497273178,0.40852751611303917,0.3445711452652454,0.4060485870104115,0.37159147248388696,0.3629152206246901,0.40555280118988596,0.38795240456122954,0.3785324739712444,0.37530986613782846,0.3691125433812593,0.3958849776896381,0.36564204263758054,0.39836390679226574,0.3579573624194348,0.3401090728805156,0.360932077342588,0.3289538919186911
LIBACT_QUIRE,0.27987109568666335,0.33837382250867626,0.2808626673277144,0.2821021318790283,0.33862171541893904,0.33391175012394647,0.35845314823996033,1.0,0.3222607833415964,0.3173029251363411,0.315319781854239,0.2625185919682697,0.2464055528011899,0.3601883986117997,0.30515617253346555,0.3252354982647496,0.3396132870599901,0.35696579077838375,0.3267228557263262,0.30862667327714427,0.3433316807139316,0.30168567178978684,0.3440753594447199,0.2967278135845315,0.3026772434308379,0.35770946950917204,0.33242439266236984,0.32721864154685176,0.31978185423896877,0.3222607833415964,0.3334159643034209,0.300446207238473,0.3371343579573624,0.3135845314823996,0.2845810609816559,0.3135845314823996,0.2751611303916708
LIBACT_UNCERTAINTY_ENT,0.2654933068914229,0.31631135349529005,0.30589985126425384,0.297223599405057,0.39464551313832424,0.38001983143282103,0.3713435795736242,0.3222607833415964,1.0,0.8663857213683689,0.8401090728805156,0.28284581060981656,0.27640059494298463,0.40480912245909767,0.33192860684184433,0.3728309370352008,0.3321764997521071,0.3963807635101636,0.36068418443232525,0.33143282102131877,0.38646504709965296,0.31631135349529005,0.3740704015865146,0.32821021318790283,0.319533961328706,0.3738225086762519,0.4179474467030243,0.394893406048587,0.38373822508676253,0.43976202280614773,0.3284581060981656,0.3148239960337134,0.3542389687654933,0.436291522062469,0.29796727813584534,0.4583539910758552,0.28755577590480913
LIBACT_UNCERTAINTY_LC,0.2667327714427367,0.3158155676747645,0.2999504214179474,0.2949925632126921,0.41224590976698067,0.3780366881507189,0.368368864650471,0.3173029251363411,0.8663857213683689,1.0,0.8458106098165592,0.28135845314824,0.273921665840357,0.3993554784333168,0.3254833911750124,0.3691125433812593,0.33192860684184433,0.3934060485870104,0.3572136836886465,0.3262270699058007,0.3849776896380763,0.31631135349529005,0.3743182944967774,0.32746653445711454,0.31978185423896877,0.3728309370352008,0.4000991571641051,0.4072880515617253,0.3780366881507189,0.4377788795240456,0.32721864154685176,0.30937035200793256,0.35250371839365396,0.45761031234506694,0.30168567178978684,0.43852255825483394,0.2863163113534953
LIBACT_UNCERTAINTY_SM,0.2635101636093208,0.30937035200793256,0.30813088745661876,0.29449677739216656,0.38671294000991574,0.40183440753594446,0.36787307882994547,0.315319781854239,0.8401090728805156,0.8458106098165592,1.0,0.28358948934060485,0.2788795240456123,0.39836390679226574,0.3341596430342092,0.3708477937530987,0.3292017848289539,0.3934060485870104,0.35770946950917204,0.3329201784828954,0.37902825979176996,0.3187902825979177,0.3745661874070402,0.3262270699058007,0.32350024789291026,0.3661378284581061,0.38274665344571146,0.38349033217649975,0.40431333663857216,0.46405552801189887,0.3294496777392167,0.30862667327714427,0.3527516113039167,0.4293505205751115,0.2999504214179474,0.42761527020327217,0.2853247397124442
OPTIMAL_GREEDY_10,0.22905304908279622,0.259048091224591,0.27640059494298463,0.27937530986613784,0.29300941993059,0.2962320277640059,0.32721864154685176,0.2625185919682697,0.28284581060981656,0.28135845314824,0.28358948934060485,1.0,0.341844323252355,0.33192860684184433,0.2922657411998017,0.3187902825979177,0.278135845314824,0.32399603371343577,0.3180466038671294,0.3158155676747645,0.3135845314823996,0.289786812097174,0.3083787803668815,0.2915220624690134,0.30143777887952405,0.3034209221616262,0.2882994546355974,0.28805156172533464,0.289786812097174,0.27912741695587506,0.27863163113534956,0.31978185423896877,0.2927615270203272,0.2702032721864155,0.285572632622707,0.2734258800198314,0.2714427367377293
OPTIMAL_GREEDY_20,0.22583044124938026,0.2424392662369856,0.26450173525037185,0.26945959345562714,0.2900347050074368,0.2850768468021815,0.31036192364898363,0.2464055528011899,0.27640059494298463,0.273921665840357,0.2788795240456123,0.341844323252355,1.0,0.32350024789291026,0.27937530986613784,0.30466038671294,0.2704511650966782,0.31556767476450176,0.3108577094695092,0.30168567178978684,0.30664352999504213,0.28358948934060485,0.3011898859692613,0.28582052553296977,0.2949925632126921,0.2885473475458602,0.28309370352007934,0.28656420426375806,0.289786812097174,0.273921665840357,0.2778879524045612,0.30441249380267726,0.2882994546355974,0.2677243430837878,0.28135845314824,0.26450173525037185,0.26152702032721864
PLAYGROUND_BANDIT,0.30490827962320277,0.3579573624194348,0.35622211204759546,0.3411006445215667,0.43579573624194345,0.440505701536936,0.4328210213187903,0.3601883986117997,0.40480912245909767,0.3993554784333168,0.39836390679226574,0.33192860684184433,0.32350024789291026,1.0,0.3810114030738721,0.4955379276152702,0.3738225086762519,0.6908775409023302,0.532969757064948,0.3772930094199306,0.46405552801189887,0.3668815071888944,0.40555280118988596,0.37258304412493803,0.3661378284581061,0.4253842340109073,0.4186911254338126,0.4149727317798711,0.4070401586514626,0.4293505205751115,0.38349033217649975,0.3735746157659891,0.3926623698562221,0.4082796232027764,0.3477937530986614,0.40877540902330195,0.3341596430342092
PLAYGROUND_GRAPH_DENSITY,0.27193852255825485,0.3108577094695092,0.9662865642042637,0.3001983143282102,0.3336638572136837,0.3336638572136837,0.3958849776896381,0.30515617253346555,0.33192860684184433,0.3254833911750124,0.3341596430342092,0.2922657411998017,0.27937530986613784,0.3810114030738721,1.0,0.34581060981655926,0.33242439266236984,0.3703520079325731,0.3433316807139316,0.33391175012394647,0.360932077342588,0.322756569162122,0.36861675756073375,0.3336638572136837,0.32399603371343577,0.3490332176499752,0.3366385721368369,0.32721864154685176,0.3304412493802677,0.33192860684184433,0.33242439266236984,0.322756569162122,0.3663857213683689,0.3150718889439762,0.31383242439266235,0.3173029251363411,0.2915220624690134
PLAYGROUND_INFORMATIVE_DIVERSE,0.2766484878532474,0.3252354982647496,0.322756569162122,0.31011403073872085,0.37258304412493803,0.3691125433812593,0.3862171541893902,0.3252354982647496,0.3728309370352008,0.3691125433812593,0.3708477937530987,0.3187902825979177,0.30466038671294,0.4955379276152702,0.34581060981655926,1.0,0.34283589489340605,0.4895884977689638,0.4439762022806148,0.3445711452652454,0.4053049082796232,0.34234010907288054,0.37902825979176996,0.3378780366881507,0.33490332176499754,0.3772930094199306,0.3748140803173029,0.3713435795736242,0.3708477937530987,0.36489836390679226,0.3438274665344571,0.35473475458601883,0.3549826474962816,0.3557263262270699,0.319533961328706,0.3549826474962816,0.30466038671294
PLAYGROUND_KCENTER_GREEDY,0.914972731779871,0.32498760535448684,0.30589985126425384,0.29920674268715913,0.3406048587010411,0.3336638572136837,0.3673772930094199,0.3396132870599901,0.3321764997521071,0.33192860684184433,0.3292017848289539,0.278135845314824,0.2704511650966782,0.3738225086762519,0.33242439266236984,0.34283589489340605,1.0,0.3733267228557263,0.3411006445215667,0.3182944967773922,0.3673772930094199,0.31631135349529005,0.34506693108577097,0.31184928111056026,0.32449181953396133,0.37630143777887953,0.3445711452652454,0.33936539414972733,0.3366385721368369,0.3341596430342092,0.33143282102131877,0.3111056023797719,0.3728309370352008,0.3252354982647496,0.3001983143282102,0.3267228557263262,0.2915220624690134
PLAYGROUND_MARGIN,0.3031730292513634,0.349281110560238,0.3453148239960337,0.3296975706494794,0.4556271690629648,0.4935547843331681,0.41968269707486366,0.35696579077838375,0.3963807635101636,0.3934060485870104,0.3934060485870104,0.32399603371343577,0.31556767476450176,0.6908775409023302,0.3703520079325731,0.4895884977689638,0.3733267228557263,1.0,0.5996529499256321,0.36812097174020825,0.4556271690629648,0.35671789786812097,0.394893406048587,0.3631631135349529,0.35473475458601883,0.4075359444719881,0.40852751611303917,0.4045612295488349,0.4000991571641051,0.48934060485870107,0.3777887952404561,0.36514625681705504,0.3859692612791274,0.4380267724343084,0.33886960832920177,0.4340604858701041,0.322756569162122
PLAYGROUND_MIXTURE,0.2744174516608825,0.31978185423896877,0.3190381755081805,0.31631135349529005,0.38943976202280617,0.4072880515617253,0.38572136836886467,0.3267228557263262,0.36068418443232525,0.3572136836886465,0.35770946950917204,0.3180466038671294,0.3108577094695092,0.532969757064948,0.3433316807139316,0.4439762022806148,0.3411006445215667,0.5996529499256321,1.0,0.36440257808626675,0.40133862171541895,0.3373822508676252,0.36861675756073375,0.341844323252355,0.3445711452652454,0.37630143777887953,0.36043629152206247,0.36117997025285076,0.3624194348041646,0.39885969261279125,0.3468021814576103,0.349281110560238,0.3522558254833912,0.3713435795736242,0.3185423896876549,0.368368864650471,0.31011403073872085
PLAYGROUND_UNIFORM,0.25756073376301436,0.29771938522558256,0.30912245909766983,0.30168567178978684,0.34234010907288054,0.341844323252355,0.3653941497273178,0.30862667327714427,0.33143282102131877,0.3262270699058007,0.3329201784828954,0.3158155676747645,0.30168567178978684,0.3772930094199306,0.33391175012394647,0.3445711452652454,0.3182944967773922,0.36812097174020825,0.36440257808626675,1.0,0.35994050570153696,0.3177987109568666,0.3403569657907784,0.32350024789291026,0.3304412493802677,0.34605850272682204,0.32870599900842834,0.3264749628160635,0.3247397124442241,0.3294496777392167,0.3289538919186911,0.33391175012394647,0.3396132870599901,0.315319781854239,0.30639563708477935,0.31383242439266235,0.2922657411998017
SKACTIVEML_COST_EMBEDDING,0.3024293505205751,0.334407535944472,0.3368864650470996,0.3187902825979177,0.4033217649975211,0.39910758552305403,0.40852751611303917,0.3433316807139316,0.38646504709965296,0.3849776896380763,0.37902825979176996,0.3135845314823996,0.30664352999504213,0.46405552801189887,0.360932077342588,0.4053049082796232,0.3673772930094199,0.4556271690629648,0.40133862171541895,0.35994050570153696,1.0,0.3443232523549826,0.3844819038175508,0.3542389687654933,0.35002478929102626,0.41695587506197324,0.39439762022806146,0.3882002974714923,0.3849776896380763,0.3844819038175508,0.35746157659890926,0.33911750123946455,0.3713435795736242,0.37605354486861675,0.33391175012394647,0.38200297471492317,0.312097174020823
SKACTIVEML_DAL,0.26003966286564206,0.28805156172533464,0.3011898859692613,0.2959841348537432,0.33490332176499754,0.33614278631631134,0.3445711452652454,0.30168567178978684,0.31631135349529005,0.31631135349529005,0.3187902825979177,0.289786812097174,0.28358948934060485,0.3668815071888944,0.322756569162122,0.34234010907288054,0.31631135349529005,0.35671789786812097,0.3373822508676252,0.3177987109568666,0.3443232523549826,1.0,0.3482895389191869,0.3106098165592464,0.3254833911750124,0.3403569657907784,0.33763014377788797,0.33118492811105604,0.3294496777392167,0.3259791769955379,0.312097174020823,0.3158155676747645,0.3254833911750124,0.31755081804660384,0.3011898859692613,0.31631135349529005,0.2892910262766485
SKACTIVEML_DWUS,0.2825979176995538,0.3363906792265741,0.34258800198314326,0.31705503222607834,0.38051561725334654,0.3733267228557263,0.4060485870104115,0.3440753594447199,0.3740704015865146,0.3743182944967774,0.3745661874070402,0.3083787803668815,0.3011898859692613,0.40555280118988596,0.36861675756073375,0.37902825979176996,0.34506693108577097,0.394893406048587,0.36861675756073375,0.3403569657907784,0.3844819038175508,0.3482895389191869,1.0,0.35622211204759546,0.3445711452652454,0.38720872583044125,0.37927615270203274,0.37630143777887953,0.3750619732275657,0.36142786316311354,0.3624194348041646,0.33936539414972733,0.38572136836886467,0.35374318294496776,0.3210213187902826,0.3559742191373327,0.3106098165592464
SKACTIVEML_QBC,0.2518591968269707,0.2900347050074368,0.3098661378284581,0.29548834903321763,0.32870599900842834,0.3289538919186911,0.37159147248388696,0.2967278135845315,0.32821021318790283,0.32746653445711454,0.3262270699058007,0.2915220624690134,0.28582052553296977,0.37258304412493803,0.3336638572136837,0.3378780366881507,0.31184928111056026,0.3631631135349529,0.341844323252355,0.32350024789291026,0.3542389687654933,0.3106098165592464,0.35622211204759546,1.0,0.33168071393158155,0.3520079325731284,0.33242439266236984,0.3358948934060486,0.33391175012394647,0.3225086762518592,0.33490332176499754,0.31556767476450176,0.3292017848289539,0.3140803173029251,0.30292513634110063,0.31011403073872085,0.2890431333663857
SKACTIVEML_QBC_VOTE_ENTROPY,0.2625185919682697,0.28953891918691127,0.2999504214179474,0.3061477441745166,0.3254833911750124,0.32300446207238476,0.3629152206246901,0.3026772434308379,0.319533961328706,0.31978185423896877,0.32350024789291026,0.30143777887952405,0.2949925632126921,0.3661378284581061,0.32399603371343577,0.33490332176499754,0.32449181953396133,0.35473475458601883,0.3445711452652454,0.3304412493802677,0.35002478929102626,0.3254833911750124,0.3445711452652454,0.33168071393158155,1.0,0.3455627169062965,0.3329201784828954,0.33242439266236984,0.33490332176499754,0.31556767476450176,0.33242439266236984,0.32721864154685176,0.33911750123946455,0.3041646008924145,0.31680713931581556,0.30540406544372833,0.2987109568666336
SKACTIVEML_QUIRE,0.3083787803668815,0.35696579077838375,0.3225086762518592,0.31383242439266235,0.3810114030738721,0.3815071888943976,0.40555280118988596,0.35770946950917204,0.3738225086762519,0.3728309370352008,0.3661378284581061,0.3034209221616262,0.2885473475458602,0.4253842340109073,0.3490332176499752,0.3772930094199306,0.37630143777887953,0.4075359444719881,0.37630143777887953,0.34605850272682204,0.41695587506197324,0.3403569657907784,0.38720872583044125,0.3520079325731284,0.3455627169062965,1.0,0.3780366881507189,0.37605354486861675,0.37208725830441247,0.37258304412493803,0.35845314823996033,0.330193356470005,0.3824987605354487,0.3616757560733763,0.3165592464055528,0.36142786316311354,0.3061477441745166
SKACTIVEML_US_ENTROPY,0.27689638076351014,0.3220128904313337,0.3098661378284581,0.29474467030242935,0.41323748140803174,0.39811601388200296,0.38795240456122954,0.33242439266236984,0.4179474467030243,0.4000991571641051,0.38274665344571146,0.2882994546355974,0.28309370352007934,0.4186911254338126,0.3366385721368369,0.3748140803173029,0.3445711452652454,0.40852751611303917,0.36043629152206247,0.32870599900842834,0.39439762022806146,0.33763014377788797,0.37927615270203274,0.33242439266236984,0.3329201784828954,0.3780366881507189,1.0,0.8616757560733763,0.8306891422905305,0.38349033217649975,0.3448190381755082,0.3247397124442241,0.3616757560733763,0.38373822508676253,0.30589985126425384,0.4015865146256817,0.285572632622707
SKACTIVEML_US_LC,0.2704511650966782,0.3177987109568666,0.30069410014873577,0.2922657411998017,0.42711948438274666,0.39167079821517103,0.3785324739712444,0.32721864154685176,0.394893406048587,0.4072880515617253,0.38349033217649975,0.28805156172533464,0.28656420426375806,0.4149727317798711,0.32721864154685176,0.3713435795736242,0.33936539414972733,0.4045612295488349,0.36117997025285076,0.3264749628160635,0.3882002974714923,0.33118492811105604,0.37630143777887953,0.3358948934060486,0.33242439266236984,0.37605354486861675,0.8616757560733763,1.0,0.834407535944472,0.3787803668815072,0.3406048587010411,0.3254833911750124,0.3587010411502231,0.39464551313832424,0.30565195835399106,0.3775409023301934,0.28383738225086763
SKACTIVEML_US_MARGIN,0.26945959345562714,0.31705503222607834,0.3036688150718889,0.29325731284085277,0.3926623698562221,0.4154685176003966,0.37530986613782846,0.31978185423896877,0.38373822508676253,0.3780366881507189,0.40431333663857216,0.289786812097174,0.289786812097174,0.4070401586514626,0.3304412493802677,0.3708477937530987,0.3366385721368369,0.4000991571641051,0.3624194348041646,0.3247397124442241,0.3849776896380763,0.3294496777392167,0.3750619732275657,0.33391175012394647,0.33490332176499754,0.37208725830441247,0.8306891422905305,0.834407535944472,1.0,0.40059494298463066,0.33886960832920177,0.32300446207238476,0.35374318294496776,0.3676251859196827,0.30664352999504213,0.36489836390679226,0.2840852751611304
SMALLTEXT_BREAKINGTIES,0.26822012890431335,0.31606346058502727,0.3068914229053049,0.29102627664848785,0.43827466534457116,0.5168567178978681,0.3691125433812593,0.3222607833415964,0.43976202280614773,0.4377788795240456,0.46405552801189887,0.27912741695587506,0.273921665840357,0.4293505205751115,0.33192860684184433,0.36489836390679226,0.3341596430342092,0.48934060485870107,0.39885969261279125,0.3294496777392167,0.3844819038175508,0.3259791769955379,0.36142786316311354,0.3225086762518592,0.31556767476450176,0.37258304412493803,0.38349033217649975,0.3787803668815072,0.40059494298463066,1.0,0.32449181953396133,0.31308874566187406,0.34357957362419433,0.8066435299950422,0.30664352999504213,0.8004462072384729,0.2840852751611304
SMALLTEXT_CONTRASTIVEAL,0.27268220128904314,0.31631135349529005,0.31036192364898363,0.2816063460585027,0.33837382250867626,0.33936539414972733,0.3958849776896381,0.3334159643034209,0.3284581060981656,0.32721864154685176,0.3294496777392167,0.27863163113534956,0.2778879524045612,0.38349033217649975,0.33242439266236984,0.3438274665344571,0.33143282102131877,0.3777887952404561,0.3468021814576103,0.3289538919186911,0.35746157659890926,0.312097174020823,0.3624194348041646,0.33490332176499754,0.33242439266236984,0.35845314823996033,0.3448190381755082,0.3406048587010411,0.33886960832920177,0.32449181953396133,1.0,0.31680713931581556,0.3554784333168071,0.31606346058502727,0.30218145761031234,0.3182944967773922,0.27540902330193356
SMALLTEXT_EMBEDDINGKMEANS,0.2513634110064452,0.2927615270203272,0.3026772434308379,0.30664352999504213,0.32126921170054534,0.3254833911750124,0.36564204263758054,0.300446207238473,0.3148239960337134,0.30937035200793256,0.30862667327714427,0.31978185423896877,0.30441249380267726,0.3735746157659891,0.322756569162122,0.35473475458601883,0.3111056023797719,0.36514625681705504,0.349281110560238,0.33391175012394647,0.33911750123946455,0.3158155676747645,0.33936539414972733,0.31556767476450176,0.32721864154685176,0.330193356470005,0.3247397124442241,0.3254833911750124,0.32300446207238476,0.31308874566187406,0.31680713931581556,1.0,0.3210213187902826,0.2999504214179474,0.3135845314823996,0.30193356470004956,0.2994546355974219
SMALLTEXT_GREEDYCORESET,0.30937035200793256,0.33911750123946455,0.3440753594447199,0.30862667327714427,0.35671789786812097,0.35324739712444225,0.39836390679226574,0.3371343579573624,0.3542389687654933,0.35250371839365396,0.3527516113039167,0.2927615270203272,0.2882994546355974,0.3926623698562221,0.3663857213683689,0.3549826474962816,0.3728309370352008,0.3859692612791274,0.3522558254833912,0.3396132870599901,0.3713435795736242,0.3254833911750124,0.38572136836886467,0.3292017848289539,0.33911750123946455,0.3824987605354487,0.3616757560733763,0.3587010411502231,0.35374318294496776,0.34357957362419433,0.3554784333168071,0.3210213187902826,1.0,0.3381259295984135,0.31036192364898363,0.3366385721368369,0.30168567178978684
SMALLTEXT_LEASTCONFIDENCE,0.2751611303916708,0.32399603371343577,0.29697570649479427,0.2845810609816559,0.5101636093207734,0.42191373326722853,0.3579573624194348,0.3135845314823996,0.436291522062469,0.45761031234506694,0.4293505205751115,0.2702032721864155,0.2677243430837878,0.4082796232027764,0.3150718889439762,0.3557263262270699,0.3252354982647496,0.4380267724343084,0.3713435795736242,0.315319781854239,0.37605354486861675,0.31755081804660384,0.35374318294496776,0.3140803173029251,0.3041646008924145,0.3616757560733763,0.38373822508676253,0.39464551313832424,0.3676251859196827,0.8066435299950422,0.31606346058502727,0.2999504214179474,0.3381259295984135,1.0,0.32374814080317305,0.8472979672781359,0.3041646008924145
SMALLTEXT_LIGHTWEIGHTCORESET,0.25855230540406543,0.2892910262766485,0.30143777887952405,0.29077838373822507,0.30515617253346555,0.30912245909766983,0.3401090728805156,0.2845810609816559,0.29796727813584534,0.30168567178978684,0.2999504214179474,0.285572632622707,0.28135845314824,0.3477937530986614,0.31383242439266235,0.319533961328706,0.3001983143282102,0.33886960832920177,0.3185423896876549,0.30639563708477935,0.33391175012394647,0.3011898859692613,0.3210213187902826,0.30292513634110063,0.31680713931581556,0.3165592464055528,0.30589985126425384,0.30565195835399106,0.30664352999504213,0.30664352999504213,0.30218145761031234,0.3135845314823996,0.31036192364898363,0.32374814080317305,1.0,0.32721864154685176,0.3098661378284581
SMALLTEXT_PREDICTIONENTROPY,0.28011898859692613,0.32796232027764005,0.3026772434308379,0.288795240456123,0.4439762022806148,0.4149727317798711,0.360932077342588,0.3135845314823996,0.4583539910758552,0.43852255825483394,0.42761527020327217,0.2734258800198314,0.26450173525037185,0.40877540902330195,0.3173029251363411,0.3549826474962816,0.3267228557263262,0.4340604858701041,0.368368864650471,0.31383242439266235,0.38200297471492317,0.31631135349529005,0.3559742191373327,0.31011403073872085,0.30540406544372833,0.36142786316311354,0.4015865146256817,0.3775409023301934,0.36489836390679226,0.8004462072384729,0.3182944967773922,0.30193356470004956,0.3366385721368369,0.8472979672781359,0.32721864154685176,1.0,0.3140803173029251
SMALLTEXT_RANDOM,0.2478929102627665,0.27937530986613784,0.27962320277640057,0.9652949925632127,0.2882994546355974,0.29127416955875063,0.3289538919186911,0.2751611303916708,0.28755577590480913,0.2863163113534953,0.2853247397124442,0.2714427367377293,0.26152702032721864,0.3341596430342092,0.2915220624690134,0.30466038671294,0.2915220624690134,0.322756569162122,0.31011403073872085,0.2922657411998017,0.312097174020823,0.2892910262766485,0.3106098165592464,0.2890431333663857,0.2987109568666336,0.3061477441745166,0.285572632622707,0.28383738225086763,0.2840852751611304,0.2840852751611304,0.27540902330193356,0.2994546355974219,0.30168567178978684,0.3041646008924145,0.3098661378284581,0.3140803173029251,1.0
