,ALIPY_CORESET_GREEDY,ALIPY_DENSITY_WEIGHTED,ALIPY_GRAPH_DENSITY,ALIPY_RANDOM,ALIPY_UNCERTAINTY_LC,ALIPY_UNCERTAINTY_MM,LIBACT_DWUS,LIBACT_QUIRE,LIBACT_UNCERTAINTY_ENT,LIBACT_UNCERTAINTY_LC,LIBACT_UNCERTAINTY_SM,OPTIMAL_GREEDY_10,OPTIMAL_GREEDY_20,PLAYGROUND_BANDIT,PLAYGROUND_GRAPH_DENSITY,PLAYGROUND_INFORMATIVE_DIVERSE,PLAYGROUND_KCENTER_GREEDY,PLAYGROUND_MARGIN,PLAYGROUND_MIXTURE,PLAYGROUND_UNIFORM,SKACTIVEML_COST_EMBEDDING,SKACTIVEML_DAL,SKACTIVEML_DWUS,SKACTIVEML_QBC,SKACTIVEML_QBC_VOTE_ENTROPY,SKACTIVEML_QUIRE,SKACTIVEML_US_ENTROPY,SKACTIVEML_US_LC,SKACTIVEML_US_MARGIN,SMALLTEXT_BREAKINGTIES,SMALLTEXT_CONTRASTIVEAL,SMALLTEXT_EMBEDDINGKMEANS,SMALLTEXT_GREEDYCORESET,SMALLTEXT_LEASTCONFIDENCE,SMALLTEXT_LIGHTWEIGHTCORESET,SMALLTEXT_PREDICTIONENTROPY,SMALLTEXT_RANDOM
ALIPY_CORESET_GREEDY,1.0,0.17550818046603867,0.029747149231531978,0.1338621715418939,0.03594447198810114,0.03520079325731284,0.021318790282597918,0.16782350024789291,0.035696579077838374,0.03173029251363411,0.028507684680218144,0.15518096182449181,0.1554288547347546,0.06717897868120971,0.029747149231531978,0.05528011898859692,1.0,0.04090233019335647,0.07139315815567675,0.14848785324739713,0.09345562716906297,0.16063460585027267,0.09791769955379276,0.11626177491323748,0.14774417451660882,0.12692117005453643,0.02478929102627665,0.03371343579573624,0.02404561229548835,0.025037183936539417,0.0909766980664353,0.11750123946455131,0.4447198810114031,0.032969757064947945,0.13782845810609817,0.03148239960337134,0.1338621715418939
ALIPY_DENSITY_WEIGHTED,0.17550818046603867,1.0,0.012890431333663858,0.03148239960337134,0.07411998016856718,0.07139315815567675,0.012890431333663858,0.3073872087258304,0.07263262270699058,0.07064947942488845,0.07139315815567675,0.05775904809122459,0.06048587010411502,0.05800694100148736,0.012890431333663858,0.05651958353991076,0.17550818046603867,0.05999008428358949,0.03743182944967774,0.05057015369360436,0.06073376301437779,0.07882994546355974,0.09890927119484383,0.06048587010411502,0.05230540406544373,0.17724343083787802,0.07387208725830441,0.07461576598909271,0.06792265741199802,0.05627169062964799,0.11130391670798215,0.06841844323252355,0.22979672781358454,0.06569162121963312,0.11998016856717898,0.06866633614278632,0.03148239960337134
ALIPY_GRAPH_DENSITY,0.029747149231531978,0.012890431333663858,1.0,0.05676747645017353,0.03495290034705007,0.030490827962320277,0.030986613782845812,0.018096182449181954,0.016608824987605353,0.01636093207734259,0.017848289538919187,0.06643529995042141,0.06494794248884482,0.04338125929598413,1.0,0.037927615270203274,0.029747149231531978,0.02825979176995538,0.031234506693108576,0.07337630143777887,0.07089737233515121,0.06767476450173525,0.06817055032226078,0.06593951412989589,0.07089737233515121,0.02949925632126921,0.01834407535944472,0.01685671789786812,0.02032721864154685,0.01685671789786812,0.053792761527020325,0.05304908279623203,0.025037183936539417,0.017104610808130888,0.05651958353991076,0.017848289538919187,0.05676747645017353
ALIPY_RANDOM,0.1338621715418939,0.03148239960337134,0.05676747645017353,1.0,0.06172533465542886,0.06246901338621715,0.05453644025780863,0.02107089737233515,0.0406544372830937,0.03222607833415964,0.04189390183440753,0.37902825979176996,0.3710956866633614,0.16757560733763013,0.05676747645017353,0.11998016856717898,0.1338621715418939,0.07213683688646505,0.17674764501735252,0.4038175508180466,0.1591472483886961,0.29176995537927614,0.12196331184928111,0.2974714923153198,0.40431333663857216,0.07238472979672782,0.030490827962320277,0.029251363411006447,0.03173029251363411,0.030986613782845812,0.09395141298958849,0.13733267228557264,0.08899355478433317,0.03173029251363411,0.07312840852751612,0.03247397124442241,1.0
ALIPY_UNCERTAINTY_LC,0.03594447198810114,0.07411998016856718,0.03495290034705007,0.06172533465542886,1.0,0.7724343083787804,0.058254833911750126,0.023054040654437283,0.2337630143777888,0.26846802181457613,0.22533465542885472,0.08006941001487357,0.07436787307882994,0.153941497273178,0.03495290034705007,0.20624690133862172,0.03594447198810114,0.2783837382250868,0.1517104610808131,0.08254833911750124,0.15319781854238967,0.09147248388696083,0.11303916707982152,0.08304412493802678,0.09568666336142786,0.06618740704015866,0.24169558750619732,0.2627664848785325,0.2233515121467526,0.28383738225086763,0.09271194843827467,0.06668319286068418,0.027268220128904314,0.3958849776896381,0.06296479920674268,0.31556767476450176,0.06172533465542886
ALIPY_UNCERTAINTY_MM,0.03520079325731284,0.07139315815567675,0.030490827962320277,0.06246901338621715,0.7724343083787804,1.0,0.05577590480912246,0.020079325731284084,0.19533961328705998,0.2226078334159643,0.26797223599405057,0.0842835894893406,0.07734258800198314,0.16088249876053545,0.030490827962320277,0.2092216162617749,0.03520079325731284,0.3225086762518592,0.16683192860684184,0.08824987605354487,0.15344571145265246,0.0969261279127417,0.11204759543877045,0.08453148239960337,0.0932077342588002,0.06519583539910759,0.1983143282102132,0.21715418939018344,0.2597917699553793,0.39018344075359446,0.0894893406048587,0.06618740704015866,0.022310361923648984,0.27987109568666335,0.06048587010411502,0.270699058006941,0.06246901338621715
LIBACT_DWUS,0.021318790282597918,0.012890431333663858,0.030986613782845812,0.05453644025780863,0.058254833911750126,0.05577590480912246,1.0,0.02478929102627665,0.03520079325731284,0.03718393653941497,0.03817550818046604,0.06941001487357462,0.06593951412989589,0.07535944471988101,0.030986613782845812,0.0857709469509172,0.021318790282597918,0.058750619732275654,0.06544372830937036,0.0835399107585523,0.08006941001487357,0.07288051561725335,0.21764997521070897,0.08899355478433317,0.07709469509172037,0.051065939514129896,0.03594447198810114,0.03991075855230541,0.03619236489836391,0.0421417947446703,0.09196826970748637,0.3443232523549826,0.035448686167575606,0.03966286564204264,0.009667823500247892,0.0436291522062469,0.05453644025780863
LIBACT_QUIRE,0.16782350024789291,0.3073872087258304,0.018096182449181954,0.02107089737233515,0.023054040654437283,0.020079325731284084,0.02478929102627665,1.0,0.01636093207734259,0.01685671789786812,0.01611303916707982,0.05404065443728309,0.059494298463063956,0.030986613782845812,0.018096182449181954,0.02875557759048091,0.16782350024789291,0.017352503718393655,0.01834407535944472,0.0532969757064948,0.04090233019335647,0.05924640555280119,0.06494794248884482,0.048834903321764996,0.04933068914229053,0.14105106593951414,0.017104610808130888,0.01685671789786812,0.014625681705503223,0.010907288051561725,0.11105602379771938,0.07312840852751612,0.25681705503222607,0.011155180961824492,0.17873078829945463,0.01611303916707982,0.02107089737233515
LIBACT_UNCERTAINTY_ENT,0.035696579077838374,0.07263262270699058,0.016608824987605353,0.0406544372830937,0.2337630143777888,0.19533961328705998,0.03520079325731284,0.01636093207734259,1.0,0.7994546355974219,0.7620228061477442,0.05081804660386713,0.05404065443728309,0.09519087754090233,0.016608824987605353,0.1279127416955875,0.035696579077838374,0.1294000991571641,0.08279623202776401,0.06717897868120971,0.0946950917203768,0.05850272682201289,0.07288051561725335,0.05007436787307883,0.051313832424392664,0.05999008428358949,0.24467030242935053,0.21764997521070897,0.1856717897868121,0.2020327218641547,0.07783837382250867,0.05057015369360436,0.025037183936539417,0.23723351512146754,0.040406544372830935,0.26574119980168565,0.0406544372830937
LIBACT_UNCERTAINTY_LC,0.03173029251363411,0.07064947942488845,0.01636093207734259,0.03222607833415964,0.26846802181457613,0.2226078334159643,0.03718393653941497,0.01685671789786812,0.7994546355974219,1.0,0.7949925632126921,0.04833911750123947,0.05057015369360436,0.09643034209221617,0.01636093207734259,0.13931581556767478,0.03173029251363411,0.14600892414476946,0.08453148239960337,0.05230540406544373,0.10188398611799702,0.053792761527020325,0.07907783837382251,0.050322260783341594,0.053544868616757564,0.05627169062964799,0.23847297967278136,0.25012394645513136,0.21170054536440258,0.22657411998016858,0.05627169062964799,0.04164600892414477,0.013882002974714923,0.2709469509172038,0.033217649975210706,0.2583044124938027,0.03222607833415964
LIBACT_UNCERTAINTY_SM,0.028507684680218144,0.07139315815567675,0.017848289538919187,0.04189390183440753,0.22533465542885472,0.26797223599405057,0.03817550818046604,0.01611303916707982,0.7620228061477442,0.7949925632126921,1.0,0.05899851264253842,0.05899851264253842,0.11130391670798215,0.017848289538919187,0.1502231036192365,0.028507684680218144,0.15790778383738224,0.0961824491819534,0.06321269211700545,0.10535448686167576,0.06321269211700545,0.07535944471988101,0.054784333168071395,0.05627169062964799,0.05304908279623203,0.20029747149231533,0.20823004462072384,0.25706494794248885,0.26896380763510164,0.05651958353991076,0.0428854734754586,0.011155180961824492,0.22607833415964304,0.03520079325731284,0.229300941993059,0.04189390183440753
OPTIMAL_GREEDY_10,0.15518096182449181,0.05775904809122459,0.06643529995042141,0.37902825979176996,0.08006941001487357,0.0842835894893406,0.06941001487357462,0.05404065443728309,0.05081804660386713,0.04833911750123947,0.05899851264253842,1.0,0.5210708973723351,0.21021318790282598,0.06643529995042141,0.1633614278631631,0.15518096182449181,0.09643034209221617,0.2035200793257313,0.48314328210213187,0.22136836886465047,0.37183936539414975,0.1494794248884482,0.3527516113039167,0.4920674268715915,0.1028755577590481,0.058750619732275654,0.05156172533465543,0.05999008428358949,0.0473475458601884,0.1457610312345067,0.15195835399107585,0.11254338125929599,0.042637580565195836,0.14675260287555775,0.051065939514129896,0.37902825979176996
OPTIMAL_GREEDY_20,0.1554288547347546,0.06048587010411502,0.06494794248884482,0.3710956866633614,0.07436787307882994,0.07734258800198314,0.06593951412989589,0.059494298463063956,0.05404065443728309,0.05057015369360436,0.05899851264253842,0.5210708973723351,1.0,0.22583044124938026,0.06494794248884482,0.16955875061973227,0.1554288547347546,0.0894893406048587,0.2072384729796728,0.49008428358948936,0.20624690133862172,0.37530986613782846,0.15468517600396628,0.34605850272682204,0.47967278135845315,0.10188398611799702,0.06147744174516609,0.054784333168071395,0.057263262270699056,0.04858701041150223,0.14848785324739713,0.15840356965790778,0.11824491819533961,0.03743182944967774,0.14229053049082796,0.04933068914229053,0.3710956866633614
PLAYGROUND_BANDIT,0.06717897868120971,0.05800694100148736,0.04338125929598413,0.16757560733763013,0.153941497273178,0.16088249876053545,0.07535944471988101,0.030986613782845812,0.09519087754090233,0.09643034209221617,0.11130391670798215,0.21021318790282598,0.22583044124938026,1.0,0.04338125929598413,0.4873574615765989,0.06717897868120971,0.4633118492811106,0.56271690629648,0.22459097669806644,0.26896380763510164,0.2166584035696579,0.12245909766980664,0.16608824987605356,0.21864154685176004,0.09890927119484383,0.09494298463063956,0.10337134357957363,0.11427863163113534,0.09890927119484383,0.11998016856717898,0.10758552305404065,0.05428854734754586,0.09295984134853744,0.10808130887456618,0.09444719881011403,0.16757560733763013
PLAYGROUND_GRAPH_DENSITY,0.029747149231531978,0.012890431333663858,1.0,0.05676747645017353,0.03495290034705007,0.030490827962320277,0.030986613782845812,0.018096182449181954,0.016608824987605353,0.01636093207734259,0.017848289538919187,0.06643529995042141,0.06494794248884482,0.04338125929598413,1.0,0.037927615270203274,0.029747149231531978,0.02825979176995538,0.031234506693108576,0.07337630143777887,0.07089737233515121,0.06767476450173525,0.06817055032226078,0.06593951412989589,0.07089737233515121,0.02949925632126921,0.01834407535944472,0.01685671789786812,0.02032721864154685,0.01685671789786812,0.053792761527020325,0.05304908279623203,0.025037183936539417,0.017104610808130888,0.05651958353991076,0.017848289538919187,0.05676747645017353
PLAYGROUND_INFORMATIVE_DIVERSE,0.05528011898859692,0.05651958353991076,0.037927615270203274,0.11998016856717898,0.20624690133862172,0.2092216162617749,0.0857709469509172,0.02875557759048091,0.1279127416955875,0.13931581556767478,0.1502231036192365,0.1633614278631631,0.16955875061973227,0.4873574615765989,0.037927615270203274,1.0,0.05528011898859692,0.4811601388200297,0.43158155676747645,0.1650966782350025,0.236737729300942,0.1789786812097174,0.12097174020823004,0.1405552801189886,0.17352503718393653,0.09271194843827467,0.14526524541398117,0.15468517600396628,0.1576598909271195,0.14848785324739713,0.11452652454139811,0.10114030738720872,0.04238968765493307,0.14005949429846307,0.10932077342588002,0.1360932077342588,0.11998016856717898
PLAYGROUND_KCENTER_GREEDY,1.0,0.17550818046603867,0.029747149231531978,0.1338621715418939,0.03594447198810114,0.03520079325731284,0.021318790282597918,0.16782350024789291,0.035696579077838374,0.03173029251363411,0.028507684680218144,0.15518096182449181,0.1554288547347546,0.06717897868120971,0.029747149231531978,0.05528011898859692,1.0,0.04090233019335647,0.07139315815567675,0.14848785324739713,0.09345562716906297,0.16063460585027267,0.09791769955379276,0.11626177491323748,0.14774417451660882,0.12692117005453643,0.02478929102627665,0.03371343579573624,0.02404561229548835,0.025037183936539417,0.0909766980664353,0.11750123946455131,0.4447198810114031,0.032969757064947945,0.13782845810609817,0.03148239960337134,0.1338621715418939
PLAYGROUND_MARGIN,0.04090233019335647,0.05999008428358949,0.02825979176995538,0.07213683688646505,0.2783837382250868,0.3225086762518592,0.058750619732275654,0.017352503718393655,0.1294000991571641,0.14600892414476946,0.15790778383738224,0.09643034209221617,0.0894893406048587,0.4633118492811106,0.02825979176995538,0.4811601388200297,0.04090233019335647,1.0,0.530738720872583,0.09444719881011403,0.18765493306891423,0.0991571641051066,0.08329201784828955,0.08676251859196826,0.09494298463063956,0.07759048091224591,0.1412989588497769,0.1536936043629152,0.16460089241447695,0.251611303916708,0.08626673277144274,0.06693108577094695,0.033217649975210706,0.20327218641546851,0.07362419434804164,0.19186911254338126,0.07213683688646505
PLAYGROUND_MIXTURE,0.07139315815567675,0.03743182944967774,0.031234506693108576,0.17674764501735252,0.1517104610808131,0.16683192860684184,0.06544372830937036,0.01834407535944472,0.08279623202776401,0.08453148239960337,0.0961824491819534,0.2035200793257313,0.2072384729796728,0.56271690629648,0.031234506693108576,0.43158155676747645,0.07139315815567675,0.530738720872583,1.0,0.2092216162617749,0.24442240951908775,0.1906296479920674,0.10684184432325236,0.14972731779871096,0.21170054536440258,0.06965790778383739,0.08254833911750124,0.0872583044124938,0.09295984134853744,0.12146752602875557,0.10089241447694595,0.11229548834903322,0.05528011898859692,0.10014873574615767,0.09072880515617253,0.09965294992563213,0.17674764501735252
PLAYGROUND_UNIFORM,0.14848785324739713,0.05057015369360436,0.07337630143777887,0.4038175508180466,0.08254833911750124,0.08824987605354487,0.0835399107585523,0.0532969757064948,0.06717897868120971,0.05230540406544373,0.06321269211700545,0.48314328210213187,0.49008428358948936,0.22459097669806644,0.07337630143777887,0.1650966782350025,0.14848785324739713,0.09444719881011403,0.2092216162617749,1.0,0.22806147744174515,0.3748140803173029,0.17699553792761527,0.3671294000991572,0.5233019335647,0.0954387704511651,0.05577590480912246,0.053544868616757564,0.06023797719385226,0.05577590480912246,0.15840356965790778,0.15691621219633117,0.11700545364402579,0.04561229548834903,0.12989588497768964,0.050322260783341594,0.4038175508180466
SKACTIVEML_COST_EMBEDDING,0.09345562716906297,0.06073376301437779,0.07089737233515121,0.1591472483886961,0.15319781854238967,0.15344571145265246,0.08006941001487357,0.04090233019335647,0.0946950917203768,0.10188398611799702,0.10535448686167576,0.22136836886465047,0.20624690133862172,0.26896380763510164,0.07089737233515121,0.236737729300942,0.09345562716906297,0.18765493306891423,0.24442240951908775,0.22806147744174515,1.0,0.21095686663361427,0.15294992563212692,0.18542389687654934,0.23921665840356965,0.1650966782350025,0.0924640555280119,0.0924640555280119,0.09766980664352999,0.09494298463063956,0.14229053049082796,0.12369856222112048,0.08775409023301933,0.09766980664352999,0.16236985622211206,0.09444719881011403,0.1591472483886961
SKACTIVEML_DAL,0.16063460585027267,0.07882994546355974,0.06767476450173525,0.29176995537927614,0.09147248388696083,0.0969261279127417,0.07288051561725335,0.05924640555280119,0.05850272682201289,0.053792761527020325,0.06321269211700545,0.37183936539414975,0.37530986613782846,0.2166584035696579,0.06767476450173525,0.1789786812097174,0.16063460585027267,0.0991571641051066,0.1906296479920674,0.3748140803173029,0.21095686663361427,1.0,0.12469013386217154,0.3135845314823996,0.3705999008428359,0.12022806147744175,0.06073376301437779,0.059742191373326724,0.06395637084779375,0.05304908279623203,0.14923153197818542,0.18071393158155677,0.1279127416955875,0.046355974219137334,0.19335647000495787,0.05007436787307883,0.29176995537927614
SKACTIVEML_DWUS,0.09791769955379276,0.09890927119484383,0.06817055032226078,0.12196331184928111,0.11303916707982152,0.11204759543877045,0.21764997521070897,0.06494794248884482,0.07288051561725335,0.07907783837382251,0.07535944471988101,0.1494794248884482,0.15468517600396628,0.12245909766980664,0.06817055032226078,0.12097174020823004,0.09791769955379276,0.08329201784828955,0.10684184432325236,0.17699553792761527,0.15294992563212692,0.12469013386217154,1.0,0.16212196331184928,0.17649975210708974,0.10138820029747149,0.0842835894893406,0.08180466038671294,0.07982151710461081,0.07957362419434805,0.1264253842340109,0.20426375805651958,0.07882994546355974,0.08031730292513634,0.04189390183440753,0.08106098165592464,0.12196331184928111
SKACTIVEML_QBC,0.11626177491323748,0.06048587010411502,0.06593951412989589,0.2974714923153198,0.08304412493802678,0.08453148239960337,0.08899355478433317,0.048834903321764996,0.05007436787307883,0.050322260783341594,0.054784333168071395,0.3527516113039167,0.34605850272682204,0.16608824987605356,0.06593951412989589,0.1405552801189886,0.11626177491323748,0.08676251859196826,0.14972731779871096,0.3671294000991572,0.18542389687654934,0.3135845314823996,0.16212196331184928,1.0,0.3812592959841348,0.10237977193852256,0.05552801189885969,0.05304908279623203,0.057263262270699056,0.050322260783341594,0.14229053049082796,0.17253346554288548,0.11502231036192365,0.046355974219137334,0.1353495290034705,0.050322260783341594,0.2974714923153198
SKACTIVEML_QBC_VOTE_ENTROPY,0.14774417451660882,0.05230540406544373,0.07089737233515121,0.40431333663857216,0.09568666336142786,0.0932077342588002,0.07709469509172037,0.04933068914229053,0.051313832424392664,0.053544868616757564,0.05627169062964799,0.4920674268715915,0.47967278135845315,0.21864154685176004,0.07089737233515121,0.17352503718393653,0.14774417451660882,0.09494298463063956,0.21170054536440258,0.5233019335647,0.23921665840356965,0.3705999008428359,0.17649975210708974,0.3812592959841348,1.0,0.10337134357957363,0.05924640555280119,0.05304908279623203,0.05850272682201289,0.04908279623202776,0.13634110064452157,0.16360932077342588,0.10708973723351513,0.04933068914229053,0.12097174020823004,0.04908279623202776,0.40431333663857216
SKACTIVEML_QUIRE,0.12692117005453643,0.17724343083787802,0.02949925632126921,0.07238472979672782,0.06618740704015866,0.06519583539910759,0.051065939514129896,0.14105106593951414,0.05999008428358949,0.05627169062964799,0.05304908279623203,0.1028755577590481,0.10188398611799702,0.09890927119484383,0.02949925632126921,0.09271194843827467,0.12692117005453643,0.07759048091224591,0.06965790778383739,0.0954387704511651,0.1650966782350025,0.12022806147744175,0.10138820029747149,0.10237977193852256,0.10337134357957363,1.0,0.05230540406544373,0.05081804660386713,0.04933068914229053,0.044868616757560736,0.15047099652949925,0.06544372830937036,0.11031234506693109,0.0466038671294001,0.15865146256817056,0.053544868616757564,0.07238472979672782
SKACTIVEML_US_ENTROPY,0.02478929102627665,0.07387208725830441,0.01834407535944472,0.030490827962320277,0.24169558750619732,0.1983143282102132,0.03594447198810114,0.017104610808130888,0.24467030242935053,0.23847297967278136,0.20029747149231533,0.058750619732275654,0.06147744174516609,0.09494298463063956,0.01834407535944472,0.14526524541398117,0.02478929102627665,0.1412989588497769,0.08254833911750124,0.05577590480912246,0.0924640555280119,0.06073376301437779,0.0842835894893406,0.05552801189885969,0.05924640555280119,0.05230540406544373,1.0,0.8215171046108082,0.7768963807635102,0.16807139315815567,0.05924640555280119,0.043877045116509666,0.017104610808130888,0.2020327218641547,0.04015865146256817,0.2464055528011899,0.030490827962320277
SKACTIVEML_US_LC,0.03371343579573624,0.07461576598909271,0.01685671789786812,0.029251363411006447,0.2627664848785325,0.21715418939018344,0.03991075855230541,0.01685671789786812,0.21764997521070897,0.25012394645513136,0.20823004462072384,0.05156172533465543,0.054784333168071395,0.10337134357957363,0.01685671789786812,0.15468517600396628,0.03371343579573624,0.1536936043629152,0.0872583044124938,0.053544868616757564,0.0924640555280119,0.059742191373326724,0.08180466038671294,0.05304908279623203,0.05304908279623203,0.05081804660386713,0.8215171046108082,1.0,0.7925136341100645,0.18294496777392166,0.06246901338621715,0.0443728309370352,0.015617253346554288,0.22012890431333665,0.03891918691125434,0.2211204759543877,0.029251363411006447
SKACTIVEML_US_MARGIN,0.02404561229548835,0.06792265741199802,0.02032721864154685,0.03173029251363411,0.2233515121467526,0.2597917699553793,0.03619236489836391,0.014625681705503223,0.1856717897868121,0.21170054536440258,0.25706494794248885,0.05999008428358949,0.057263262270699056,0.11427863163113534,0.02032721864154685,0.1576598909271195,0.02404561229548835,0.16460089241447695,0.09295984134853744,0.06023797719385226,0.09766980664352999,0.06395637084779375,0.07982151710461081,0.057263262270699056,0.05850272682201289,0.04933068914229053,0.7768963807635102,0.7925136341100645,1.0,0.22235994050570154,0.06296479920674268,0.04090233019335647,0.012394645513138325,0.1849281110560238,0.04313336638572137,0.18393653941497273,0.03173029251363411
SMALLTEXT_BREAKINGTIES,0.025037183936539417,0.05627169062964799,0.01685671789786812,0.030986613782845812,0.28383738225086763,0.39018344075359446,0.0421417947446703,0.010907288051561725,0.2020327218641547,0.22657411998016858,0.26896380763510164,0.0473475458601884,0.04858701041150223,0.09890927119484383,0.01685671789786812,0.14848785324739713,0.025037183936539417,0.251611303916708,0.12146752602875557,0.05577590480912246,0.09494298463063956,0.05304908279623203,0.07957362419434805,0.050322260783341594,0.04908279623202776,0.044868616757560736,0.16807139315815567,0.18294496777392166,0.22235994050570154,1.0,0.051065939514129896,0.04189390183440753,0.008676251859196828,0.7731779871095686,0.028507684680218144,0.7642538423401091,0.030986613782845812
SMALLTEXT_CONTRASTIVEAL,0.0909766980664353,0.11130391670798215,0.053792761527020325,0.09395141298958849,0.09271194843827467,0.0894893406048587,0.09196826970748637,0.11105602379771938,0.07783837382250867,0.05627169062964799,0.05651958353991076,0.1457610312345067,0.14848785324739713,0.11998016856717898,0.053792761527020325,0.11452652454139811,0.0909766980664353,0.08626673277144274,0.10089241447694595,0.15840356965790778,0.14229053049082796,0.14923153197818542,0.1264253842340109,0.14229053049082796,0.13634110064452157,0.15047099652949925,0.05924640555280119,0.06246901338621715,0.06296479920674268,0.051065939514129896,1.0,0.12543381259295985,0.11229548834903322,0.056023797719385225,0.1487357461576599,0.05899851264253842,0.09395141298958849
SMALLTEXT_EMBEDDINGKMEANS,0.11750123946455131,0.06841844323252355,0.05304908279623203,0.13733267228557264,0.06668319286068418,0.06618740704015866,0.3443232523549826,0.07312840852751612,0.05057015369360436,0.04164600892414477,0.0428854734754586,0.15195835399107585,0.15840356965790778,0.10758552305404065,0.05304908279623203,0.10114030738720872,0.11750123946455131,0.06693108577094695,0.11229548834903322,0.15691621219633117,0.12369856222112048,0.18071393158155677,0.20426375805651958,0.17253346554288548,0.16360932077342588,0.06544372830937036,0.043877045116509666,0.0443728309370352,0.04090233019335647,0.04189390183440753,0.12543381259295985,1.0,0.15939514129895885,0.03991075855230541,0.21368368864650472,0.045364402578086264,0.13733267228557264
SMALLTEXT_GREEDYCORESET,0.4447198810114031,0.22979672781358454,0.025037183936539417,0.08899355478433317,0.027268220128904314,0.022310361923648984,0.035448686167575606,0.25681705503222607,0.025037183936539417,0.013882002974714923,0.011155180961824492,0.11254338125929599,0.11824491819533961,0.05428854734754586,0.025037183936539417,0.04238968765493307,0.4447198810114031,0.033217649975210706,0.05528011898859692,0.11700545364402579,0.08775409023301933,0.1279127416955875,0.07882994546355974,0.11502231036192365,0.10708973723351513,0.11031234506693109,0.017104610808130888,0.015617253346554288,0.012394645513138325,0.008676251859196828,0.11229548834903322,0.15939514129895885,1.0,0.012146752602875557,0.1943480416460089,0.014873574615765989,0.08899355478433317
SMALLTEXT_LEASTCONFIDENCE,0.032969757064947945,0.06569162121963312,0.017104610808130888,0.03173029251363411,0.3958849776896381,0.27987109568666335,0.03966286564204264,0.011155180961824492,0.23723351512146754,0.2709469509172038,0.22607833415964304,0.042637580565195836,0.03743182944967774,0.09295984134853744,0.017104610808130888,0.14005949429846307,0.032969757064947945,0.20327218641546851,0.10014873574615767,0.04561229548834903,0.09766980664352999,0.046355974219137334,0.08031730292513634,0.046355974219137334,0.04933068914229053,0.0466038671294001,0.2020327218641547,0.22012890431333665,0.1849281110560238,0.7731779871095686,0.056023797719385225,0.03991075855230541,0.012146752602875557,1.0,0.027764005949429845,0.8066435299950422,0.03173029251363411
SMALLTEXT_LIGHTWEIGHTCORESET,0.13782845810609817,0.11998016856717898,0.05651958353991076,0.07312840852751612,0.06296479920674268,0.06048587010411502,0.009667823500247892,0.17873078829945463,0.040406544372830935,0.033217649975210706,0.03520079325731284,0.14675260287555775,0.14229053049082796,0.10808130887456618,0.05651958353991076,0.10932077342588002,0.13782845810609817,0.07362419434804164,0.09072880515617253,0.12989588497768964,0.16236985622211206,0.19335647000495787,0.04189390183440753,0.1353495290034705,0.12097174020823004,0.15865146256817056,0.04015865146256817,0.03891918691125434,0.04313336638572137,0.028507684680218144,0.1487357461576599,0.21368368864650472,0.1943480416460089,0.027764005949429845,1.0,0.033217649975210706,0.07312840852751612
SMALLTEXT_PREDICTIONENTROPY,0.03148239960337134,0.06866633614278632,0.017848289538919187,0.03247397124442241,0.31556767476450176,0.270699058006941,0.0436291522062469,0.01611303916707982,0.26574119980168565,0.2583044124938027,0.229300941993059,0.051065939514129896,0.04933068914229053,0.09444719881011403,0.017848289538919187,0.1360932077342588,0.03148239960337134,0.19186911254338126,0.09965294992563213,0.050322260783341594,0.09444719881011403,0.05007436787307883,0.08106098165592464,0.050322260783341594,0.04908279623202776,0.053544868616757564,0.2464055528011899,0.2211204759543877,0.18393653941497273,0.7642538423401091,0.05899851264253842,0.045364402578086264,0.014873574615765989,0.8066435299950422,0.033217649975210706,1.0,0.03247397124442241
SMALLTEXT_RANDOM,0.1338621715418939,0.03148239960337134,0.05676747645017353,1.0,0.06172533465542886,0.06246901338621715,0.05453644025780863,0.02107089737233515,0.0406544372830937,0.03222607833415964,0.04189390183440753,0.37902825979176996,0.3710956866633614,0.16757560733763013,0.05676747645017353,0.11998016856717898,0.1338621715418939,0.07213683688646505,0.17674764501735252,0.4038175508180466,0.1591472483886961,0.29176995537927614,0.12196331184928111,0.2974714923153198,0.40431333663857216,0.07238472979672782,0.030490827962320277,0.029251363411006447,0.03173029251363411,0.030986613782845812,0.09395141298958849,0.13733267228557264,0.08899355478433317,0.03173029251363411,0.07312840852751612,0.03247397124442241,1.0
