,ALIPY_CORESET_GREEDY,ALIPY_DENSITY_WEIGHTED,ALIPY_GRAPH_DENSITY,ALIPY_RANDOM,ALIPY_UNCERTAINTY_LC,ALIPY_UNCERTAINTY_MM,LIBACT_DWUS,LIBACT_QUIRE,LIBACT_UNCERTAINTY_ENT,LIBACT_UNCERTAINTY_LC,LIBACT_UNCERTAINTY_SM,OPTIMAL_GREEDY_10,OPTIMAL_GREEDY_20,PLAYGROUND_BANDIT,PLAYGROUND_GRAPH_DENSITY,PLAYGROUND_INFORMATIVE_DIVERSE,PLAYGROUND_KCENTER_GREEDY,PLAYGROUND_MARGIN,PLAYGROUND_MIXTURE,PLAYGROUND_UNIFORM,SKACTIVEML_COST_EMBEDDING,SKACTIVEML_DAL,SKACTIVEML_DWUS,SKACTIVEML_QBC,SKACTIVEML_QBC_VOTE_ENTROPY,SKACTIVEML_QUIRE,SKACTIVEML_US_ENTROPY,SKACTIVEML_US_LC,SKACTIVEML_US_MARGIN,SMALLTEXT_BREAKINGTIES,SMALLTEXT_CONTRASTIVEAL,SMALLTEXT_EMBEDDINGKMEANS,SMALLTEXT_GREEDYCORESET,SMALLTEXT_LEASTCONFIDENCE,SMALLTEXT_LIGHTWEIGHTCORESET,SMALLTEXT_PREDICTIONENTROPY,SMALLTEXT_RANDOM
ALIPY_CORESET_GREEDY,4034,285,191,181,189,188,246,285,139,134,126,304,268,222,190,230,3981,197,213,281,265,277,285,288,287,246,119,129,115,125,266,290,390,130,291,137,180
ALIPY_DENSITY_WEIGHTED,285,4034,258,213,532,522,668,662,321,365,341,600,628,764,259,742,290,619,623,638,787,724,803,644,662,796,381,360,371,333,746,684,681,346,640,388,217
ALIPY_GRAPH_DENSITY,191,258,4034,209,184,200,337,261,126,120,133,336,339,250,4011,247,213,195,229,324,274,326,304,307,321,276,114,124,130,122,275,323,332,112,323,115,207
ALIPY_RANDOM,181,213,209,4034,166,162,257,231,128,136,142,329,311,221,219,222,208,190,200,300,263,304,282,313,323,244,118,129,141,112,248,318,276,99,294,104,4013
ALIPY_UNCERTAINTY_LC,189,532,184,166,4034,2961,317,303,397,453,366,351,327,474,199,499,224,654,508,374,491,381,442,338,344,433,419,466,382,580,339,358,354,938,364,629,163
ALIPY_UNCERTAINTY_MM,188,522,200,162,2961,4034,326,296,339,343,443,344,333,475,214,507,218,823,577,356,512,361,445,343,322,402,351,364,427,907,349,350,367,577,304,549,157
LIBACT_DWUS,246,668,337,257,317,326,4034,780,235,211,225,747,807,569,346,559,271,453,504,784,690,753,811,841,779,697,215,209,235,226,752,850,767,194,753,210,254
LIBACT_QUIRE,285,662,261,231,303,296,780,4034,228,205,193,739,742,573,262,552,295,429,435,765,667,746,725,713,784,723,213,203,194,167,800,754,736,173,717,191,230
LIBACT_UNCERTAINTY_ENT,139,321,126,128,397,339,235,228,4034,3055,2979,286,255,338,142,366,176,304,272,261,367,294,317,264,276,305,432,375,319,323,272,269,300,353,240,443,125
LIBACT_UNCERTAINTY_LC,134,365,120,136,453,343,211,205,3055,4034,3042,299,284,374,136,386,168,298,305,245,378,315,329,244,276,275,402,450,377,334,267,260,279,420,251,412,132
LIBACT_UNCERTAINTY_SM,126,341,133,142,366,443,225,193,2979,3042,4034,316,278,380,148,380,156,350,303,276,361,298,331,260,285,282,370,381,430,406,251,268,281,374,245,375,141
OPTIMAL_GREEDY_10,304,600,336,329,351,344,747,739,286,299,316,4034,942,631,351,611,344,456,530,845,724,815,801,796,809,690,283,265,293,249,700,824,769,239,749,264,326
OPTIMAL_GREEDY_20,268,628,339,311,327,333,807,742,255,284,278,942,4034,655,352,631,307,484,507,828,730,808,751,836,872,697,251,284,266,227,734,793,802,217,853,224,310
PLAYGROUND_BANDIT,222,764,250,221,474,475,569,573,338,374,380,631,655,4034,266,1504,263,1497,1332,612,771,624,705,642,656,667,371,381,380,346,602,613,654,319,612,343,219
PLAYGROUND_GRAPH_DENSITY,190,259,4011,219,199,214,346,262,142,136,148,351,352,266,4034,261,230,210,246,338,289,337,317,315,335,283,128,139,147,136,279,333,349,121,330,124,216
PLAYGROUND_INFORMATIVE_DIVERSE,230,742,247,222,499,507,559,552,366,386,380,611,631,1504,261,4034,268,1322,1253,614,792,680,683,577,631,691,359,384,371,331,587,612,601,333,601,361,220
PLAYGROUND_KCENTER_GREEDY,3981,290,213,208,224,218,271,295,176,168,156,344,307,263,230,268,4034,236,251,315,302,314,316,314,323,268,150,164,146,156,279,326,428,155,317,161,207
PLAYGROUND_MARGIN,197,619,195,190,654,823,453,429,304,298,350,456,484,1497,210,1322,236,4034,1933,512,657,490,566,457,495,552,337,350,351,658,458,435,476,503,409,472,189
PLAYGROUND_MIXTURE,213,623,229,200,508,577,504,435,272,305,303,530,507,1332,246,1253,251,1933,4034,522,667,501,582,478,499,573,291,309,291,400,500,473,514,347,473,334,200
PLAYGROUND_UNIFORM,281,638,324,300,374,356,784,765,261,245,276,845,828,612,338,614,315,512,522,4034,746,844,771,813,865,752,281,268,254,247,764,801,771,241,829,265,296
SKACTIVEML_COST_EMBEDDING,265,787,274,263,491,512,690,667,367,378,361,724,730,771,289,792,302,657,667,746,4034,767,828,704,784,794,359,360,365,310,746,762,811,310,730,315,260
SKACTIVEML_DAL,277,724,326,304,381,361,753,746,294,315,298,815,808,624,337,680,314,490,501,844,767,4034,827,796,835,785,305,318,311,234,762,841,791,242,814,268,298
SKACTIVEML_DWUS,285,803,304,282,442,445,811,725,317,329,331,801,751,705,317,683,316,566,582,771,828,827,4034,761,798,714,356,330,347,304,693,789,757,290,772,323,277
SKACTIVEML_QBC,288,644,307,313,338,343,841,713,264,244,260,796,836,642,315,577,314,457,478,813,704,796,761,4034,872,705,246,231,246,197,761,774,746,195,821,220,312
SKACTIVEML_QBC_VOTE_ENTROPY,287,662,321,323,344,322,779,784,276,276,285,809,872,656,335,631,323,495,499,865,784,835,798,872,4034,748,276,306,294,222,688,834,829,209,826,244,322
SKACTIVEML_QUIRE,246,796,276,244,433,402,697,723,305,275,282,690,697,667,283,691,268,552,573,752,794,785,714,705,748,4034,320,305,295,265,778,706,754,261,688,301,241
SKACTIVEML_US_ENTROPY,119,381,114,118,419,351,215,213,432,402,370,283,251,371,128,359,150,337,291,281,359,305,356,246,276,320,4034,3064,3025,331,283,260,279,356,236,469,114
SKACTIVEML_US_LC,129,360,124,129,466,364,209,203,375,450,381,265,284,381,139,384,164,350,309,268,360,318,330,231,306,305,3064,4034,3028,327,287,268,274,406,266,379,126
SKACTIVEML_US_MARGIN,115,371,130,141,382,427,235,194,319,377,430,293,266,380,147,371,146,351,291,254,365,311,347,246,294,295,3025,3028,4034,385,279,269,284,339,252,354,134
SMALLTEXT_BREAKINGTIES,125,333,122,112,580,907,226,167,323,334,406,249,227,346,136,331,156,658,400,247,310,234,304,197,222,265,331,327,385,4034,225,226,239,2959,212,2943,109
SMALLTEXT_CONTRASTIVEAL,266,746,275,248,339,349,752,800,272,267,251,700,734,602,279,587,279,458,500,764,746,762,693,761,688,778,283,287,279,225,4034,708,719,249,724,279,245
SMALLTEXT_EMBEDDINGKMEANS,290,684,323,318,358,350,850,754,269,260,268,824,793,613,333,612,326,435,473,801,762,841,789,774,834,706,260,268,269,226,708,4034,795,212,784,232,313
SMALLTEXT_GREEDYCORESET,390,681,332,276,354,367,767,736,300,279,281,769,802,654,349,601,428,476,514,771,811,791,757,746,829,754,279,274,284,239,719,795,4034,229,744,266,273
SMALLTEXT_LEASTCONFIDENCE,130,346,112,99,938,577,194,173,353,420,374,239,217,319,121,333,155,503,347,241,310,242,290,195,209,261,356,406,339,2959,249,212,229,4034,223,3031,114
SMALLTEXT_LIGHTWEIGHTCORESET,291,640,323,294,364,304,753,717,240,251,245,749,853,612,330,601,317,409,473,829,730,814,772,821,826,688,236,266,252,212,724,784,744,223,4034,230,305
SMALLTEXT_PREDICTIONENTROPY,137,388,115,104,629,549,210,191,443,412,375,264,224,343,124,361,161,472,334,265,315,268,323,220,244,301,469,379,354,2943,279,232,266,3031,230,4034,118
SMALLTEXT_RANDOM,180,217,207,4013,163,157,254,230,125,132,141,326,310,219,216,220,207,189,200,296,260,298,277,312,322,241,114,126,134,109,245,313,273,114,305,118,4034
