,ALIPY_CORESET_GREEDY,ALIPY_DENSITY_WEIGHTED,ALIPY_GRAPH_DENSITY,ALIPY_RANDOM,ALIPY_UNCERTAINTY_LC,ALIPY_UNCERTAINTY_MM,LIBACT_DWUS,LIBACT_QUIRE,LIBACT_UNCERTAINTY_ENT,LIBACT_UNCERTAINTY_LC,LIBACT_UNCERTAINTY_SM,OPTIMAL_GREEDY_10,OPTIMAL_GREEDY_20,PLAYGROUND_BANDIT,PLAYGROUND_GRAPH_DENSITY,PLAYGROUND_INFORMATIVE_DIVERSE,PLAYGROUND_KCENTER_GREEDY,PLAYGROUND_MARGIN,PLAYGROUND_MIXTURE,PLAYGROUND_UNIFORM,SKACTIVEML_COST_EMBEDDING,SKACTIVEML_DAL,SKACTIVEML_DWUS,SKACTIVEML_QBC,SKACTIVEML_QBC_VOTE_ENTROPY,SKACTIVEML_QUIRE,SKACTIVEML_US_ENTROPY,SKACTIVEML_US_LC,SKACTIVEML_US_MARGIN,SMALLTEXT_BREAKINGTIES,SMALLTEXT_CONTRASTIVEAL,SMALLTEXT_EMBEDDINGKMEANS,SMALLTEXT_GREEDYCORESET,SMALLTEXT_LEASTCONFIDENCE,SMALLTEXT_LIGHTWEIGHTCORESET,SMALLTEXT_PREDICTIONENTROPY,SMALLTEXT_RANDOM
ALIPY_CORESET_GREEDY,1.0,0.17699553792761527,0.10808130887456618,0.11675756073376302,0.12865642042637582,0.11576598909271195,0.058750619732275654,0.15815567674764502,0.12444224095190877,0.11799702528507684,0.11279127416955875,0.13857213683688646,0.1279127416955875,0.13039167079821518,0.10808130887456618,0.1412989588497769,0.9923153197818543,0.1256817055032226,0.12989588497768964,0.12196331184928111,0.1360932077342588,0.13336638572136836,0.10510659395141299,0.10039662865642042,0.12667327714427368,0.14377788795240456,0.1256817055032226,0.124194348041646,0.10932077342588002,0.10708973723351513,0.10510659395141299,0.1256817055032226,0.18220128904313337,0.12766484878532475,0.12543381259295985,0.13039167079821518,0.11650966782350025
ALIPY_DENSITY_WEIGHTED,0.17699553792761527,1.0,0.0857709469509172,0.09370352007932573,0.13187902825979178,0.12146752602875557,0.07387208725830441,0.17476450173525038,0.12022806147744175,0.12171541893901834,0.11279127416955875,0.09791769955379276,0.09965294992563213,0.12146752602875557,0.0857709469509172,0.12270699058006941,0.180466038671294,0.11650966782350025,0.11130391670798215,0.09791769955379276,0.11774913237481408,0.11353495290034706,0.10163609320773426,0.0932077342588002,0.11031234506693109,0.15666831928606842,0.13138324243926625,0.13039167079821518,0.12072384729796728,0.11998016856717898,0.09742191373326722,0.10039662865642042,0.12865642042637582,0.13187902825979178,0.10733763014377788,0.131631135349529,0.09345562716906297
ALIPY_GRAPH_DENSITY,0.10808130887456618,0.0857709469509172,1.0,0.15617253346554288,0.09643034209221617,0.10510659395141299,0.15195835399107585,0.06767476450173525,0.09519087754090233,0.08998512642538424,0.10213187902825979,0.17203767972235995,0.16608824987605356,0.12022806147744175,1.0,0.1279127416955875,0.11105602379771938,0.11378284581060982,0.13807635101636093,0.1722855726326227,0.10312345066931086,0.1427863163113535,0.16608824987605356,0.12890431333663857,0.16410510659395142,0.08626673277144274,0.10014873574615767,0.09940505701536936,0.10585027268220129,0.10808130887456618,0.0954387704511651,0.17501239464551313,0.12518591968269707,0.0984134853743183,0.16906296479920674,0.09742191373326722,0.1554288547347546
ALIPY_RANDOM,0.11675756073376302,0.09370352007932573,0.15617253346554288,1.0,0.11799702528507684,0.11725334655428855,0.10114030738720872,0.08477937530986614,0.10634605850272683,0.10510659395141299,0.10585027268220129,0.18393653941497273,0.18666336142786316,0.13956370847793753,0.15617253346554288,0.1375805651958354,0.12072384729796728,0.1212196331184928,0.161378284581061,0.1849281110560238,0.11403073872087258,0.15096678235002478,0.12766484878532475,0.13187902825979178,0.18244918195339613,0.0961824491819534,0.11303916707982152,0.10956866633614279,0.11750123946455131,0.10758552305404065,0.0969261279127417,0.1819533961328706,0.12444224095190877,0.11031234506693109,0.1737729300941993,0.10882498760535449,0.9982647496281606
ALIPY_UNCERTAINTY_LC,0.12865642042637582,0.13187902825979178,0.09643034209221617,0.11799702528507684,1.0,0.7389687654933069,0.07659890927119484,0.10089241447694595,0.18616757560733763,0.23326722855726326,0.161378284581061,0.13485374318294496,0.12543381259295985,0.1943480416460089,0.09643034209221617,0.15468517600396628,0.13336638572136836,0.2211204759543877,0.1752602875557759,0.12840852751611304,0.14724838869608328,0.12171541893901834,0.12171541893901834,0.10461080813088745,0.11675756073376302,0.12270699058006941,0.20649479424888448,0.24938026772434307,0.1782350024789291,0.23996033713435796,0.09519087754090233,0.11898859692612791,0.11626177491323748,0.3745661874070402,0.11452652454139811,0.27615270203272185,0.11725334655428855
ALIPY_UNCERTAINTY_MM,0.11576598909271195,0.12146752602875557,0.10510659395141299,0.11725334655428855,0.7389687654933069,1.0,0.08106098165592464,0.09295984134853744,0.16063460585027267,0.16782350024789291,0.2345066931085771,0.13634110064452157,0.12989588497768964,0.20525532969757065,0.10510659395141299,0.16088249876053545,0.11973227565691621,0.2741695587506197,0.20252850768468023,0.131631135349529,0.1442736737729301,0.11849281110560238,0.11998016856717898,0.10733763014377788,0.11527020327218641,0.11576598909271195,0.17649975210708974,0.1715418939018344,0.2352503718393654,0.36812097174020825,0.0924640555280119,0.11948438274665345,0.11725334655428855,0.23847297967278136,0.11576598909271195,0.22880515617253347,0.11650966782350025
LIBACT_DWUS,0.058750619732275654,0.07387208725830441,0.15195835399107585,0.10114030738720872,0.07659890927119484,0.08106098165592464,1.0,0.07114526524541398,0.06693108577094695,0.06370847793753098,0.06990580069410014,0.07436787307882994,0.08552305404065444,0.08279623202776401,0.15195835399107585,0.08304412493802678,0.059742191373326724,0.08403569657907783,0.07783837382250867,0.10560237977193852,0.10213187902825979,0.0813088745661874,0.12394645513138325,0.09667823500247893,0.10857709469509172,0.07288051561725335,0.07560733763014378,0.07759048091224591,0.0835399107585523,0.0768468021814576,0.09370352007932573,0.12766484878532475,0.08924144769459594,0.06990580069410014,0.10609816559246406,0.07560733763014378,0.09965294992563213
LIBACT_QUIRE,0.15815567674764502,0.17476450173525038,0.06767476450173525,0.08477937530986614,0.10089241447694595,0.09295984134853744,0.07114526524541398,1.0,0.0999008428358949,0.10312345066931086,0.0924640555280119,0.08031730292513634,0.07015369360436291,0.09742191373326722,0.06767476450173525,0.10114030738720872,0.16063460585027267,0.09890927119484383,0.0954387704511651,0.09196826970748637,0.10386712940009915,0.09122459097669806,0.09519087754090233,0.0894893406048587,0.08924144769459594,0.14253842340109074,0.10213187902825979,0.10832920178482895,0.09444719881011403,0.09147248388696083,0.11477441745166088,0.09196826970748637,0.11948438274665345,0.09890927119484383,0.09568666336142786,0.0999008428358949,0.08477937530986614
LIBACT_UNCERTAINTY_ENT,0.12444224095190877,0.12022806147744175,0.09519087754090233,0.10634605850272683,0.18616757560733763,0.16063460585027267,0.06693108577094695,0.0999008428358949,1.0,0.7793753098661378,0.7362419434804165,0.12146752602875557,0.12469013386217154,0.1494794248884482,0.09519087754090233,0.1479920674268716,0.12741695587506197,0.14154685176003967,0.13063956370847793,0.1256817055032226,0.1427863163113535,0.12369856222112048,0.10411502231036192,0.0909766980664353,0.11998016856717898,0.12047595438770452,0.2270699058006941,0.1797223599405057,0.1588993554784333,0.2528507684680218,0.09072880515617253,0.11998016856717898,0.11824491819533961,0.28284581060981656,0.11700545364402579,0.32771442736737727,0.10585027268220129
LIBACT_UNCERTAINTY_LC,0.11799702528507684,0.12171541893901834,0.08998512642538424,0.10510659395141299,0.23326722855726326,0.16782350024789291,0.06370847793753098,0.10312345066931086,0.7793753098661378,1.0,0.7469013386217154,0.124194348041646,0.12617749132374814,0.15047099652949925,0.08998512642538424,0.14600892414476946,0.12146752602875557,0.14848785324739713,0.12964799206742686,0.11998016856717898,0.14154685176003967,0.12146752602875557,0.10956866633614279,0.09519087754090233,0.11799702528507684,0.12270699058006941,0.18666336142786316,0.23029251363411007,0.16360932077342588,0.26003966286564206,0.08924144769459594,0.12072384729796728,0.11998016856717898,0.3306891422905305,0.11898859692612791,0.28135845314824,0.10461080813088745
LIBACT_UNCERTAINTY_SM,0.11279127416955875,0.11279127416955875,0.10213187902825979,0.10585027268220129,0.161378284581061,0.2345066931085771,0.06990580069410014,0.0924640555280119,0.7362419434804165,0.7469013386217154,1.0,0.12766484878532475,0.13634110064452157,0.15468517600396628,0.10213187902825979,0.1517104610808131,0.11527020327218641,0.1502231036192365,0.1412989588497769,0.131631135349529,0.13113534952900346,0.1294000991571641,0.10956866633614279,0.09667823500247893,0.12295488349033218,0.11031234506693109,0.1626177491323748,0.16212196331184928,0.22905304908279622,0.3292017848289539,0.08676251859196826,0.12270699058006941,0.11279127416955875,0.25855230540406543,0.11948438274665345,0.2530986613782846,0.10535448686167576
OPTIMAL_GREEDY_10,0.13857213683688646,0.09791769955379276,0.17203767972235995,0.18393653941497273,0.13485374318294496,0.13634110064452157,0.07436787307882994,0.08031730292513634,0.12146752602875557,0.124194348041646,0.12766484878532475,1.0,0.4147248388696083,0.14154685176003967,0.17203767972235995,0.16013882002974714,0.14253842340109074,0.1383242439266237,0.18468021814576102,0.22012890431333665,0.11006445215666832,0.18393653941497273,0.12840852751611304,0.1457610312345067,0.21690629647992068,0.09965294992563213,0.12270699058006941,0.1279127416955875,0.1331184928111056,0.131631135349529,0.09370352007932573,0.22235994050570154,0.13882002974714924,0.12345066931085771,0.1983143282102132,0.12196331184928111,0.18294496777392166
OPTIMAL_GREEDY_20,0.1279127416955875,0.09965294992563213,0.16608824987605356,0.18666336142786316,0.12543381259295985,0.12989588497768964,0.08552305404065444,0.07015369360436291,0.12469013386217154,0.12617749132374814,0.13634110064452157,0.4147248388696083,1.0,0.1405552801189886,0.16608824987605356,0.1665840356965791,0.13113534952900346,0.12989588497768964,0.180466038671294,0.20599900842835894,0.11204759543877045,0.1782350024789291,0.12444224095190877,0.13882002974714924,0.20426375805651958,0.10485870104115022,0.11626177491323748,0.1256817055032226,0.12270699058006941,0.13411006445215667,0.08254833911750124,0.2151710461080813,0.12964799206742686,0.12369856222112048,0.19533961328705998,0.12047595438770452,0.1856717897868121
PLAYGROUND_BANDIT,0.13039167079821518,0.12146752602875557,0.12022806147744175,0.13956370847793753,0.1943480416460089,0.20525532969757065,0.08279623202776401,0.09742191373326722,0.1494794248884482,0.15047099652949925,0.15468517600396628,0.14154685176003967,0.1405552801189886,1.0,0.12022806147744175,0.31705503222607834,0.1346058502726822,0.5503222607833416,0.34952900347050075,0.1479920674268716,0.229300941993059,0.1450173525037184,0.11874070401586515,0.11105602379771938,0.13782845810609817,0.1353495290034705,0.15195835399107585,0.15418939018344074,0.15344571145265246,0.19781854238968766,0.10312345066931086,0.13782845810609817,0.11502231036192365,0.1782350024789291,0.13559742191373328,0.18021814576103123,0.139067922657412
PLAYGROUND_GRAPH_DENSITY,0.10808130887456618,0.0857709469509172,1.0,0.15617253346554288,0.09643034209221617,0.10510659395141299,0.15195835399107585,0.06767476450173525,0.09519087754090233,0.08998512642538424,0.10213187902825979,0.17203767972235995,0.16608824987605356,0.12022806147744175,1.0,0.1279127416955875,0.11105602379771938,0.11378284581060982,0.13807635101636093,0.1722855726326227,0.10312345066931086,0.1427863163113535,0.16608824987605356,0.12890431333663857,0.16410510659395142,0.08626673277144274,0.10014873574615767,0.09940505701536936,0.10585027268220129,0.10808130887456618,0.0954387704511651,0.17501239464551313,0.12518591968269707,0.0984134853743183,0.16906296479920674,0.09742191373326722,0.1554288547347546
PLAYGROUND_INFORMATIVE_DIVERSE,0.1412989588497769,0.12270699058006941,0.1279127416955875,0.1375805651958354,0.15468517600396628,0.16088249876053545,0.08304412493802678,0.10114030738720872,0.1479920674268716,0.14600892414476946,0.1517104610808131,0.16013882002974714,0.1665840356965791,0.31705503222607834,0.1279127416955875,1.0,0.14600892414476946,0.31308874566187406,0.3135845314823996,0.15270203272186417,0.17476450173525038,0.1487357461576599,0.11874070401586515,0.11626177491323748,0.1420426375805652,0.12989588497768964,0.1494794248884482,0.14898363906792267,0.15617253346554288,0.14823996033713435,0.10560237977193852,0.14823996033713435,0.12295488349033218,0.14352999504214178,0.1346058502726822,0.1405552801189886,0.13708477937530986
PLAYGROUND_KCENTER_GREEDY,0.9923153197818543,0.180466038671294,0.11105602379771938,0.12072384729796728,0.13336638572136836,0.11973227565691621,0.059742191373326724,0.16063460585027267,0.12741695587506197,0.12146752602875557,0.11527020327218641,0.14253842340109074,0.13113534952900346,0.1346058502726822,0.11105602379771938,0.14600892414476946,1.0,0.1301437778879524,0.13411006445215667,0.12543381259295985,0.14030738720872582,0.13634110064452157,0.10783341596430342,0.1036192364898364,0.1301437778879524,0.14675260287555775,0.12989588497768964,0.12865642042637582,0.11328705999008429,0.11006445215666832,0.10585027268220129,0.1294000991571641,0.18691125433812594,0.131631135349529,0.12915220624690135,0.13411006445215667,0.12047595438770452
PLAYGROUND_MARGIN,0.1256817055032226,0.11650966782350025,0.11378284581060982,0.1212196331184928,0.2211204759543877,0.2741695587506197,0.08403569657907783,0.09890927119484383,0.14154685176003967,0.14848785324739713,0.1502231036192365,0.1383242439266237,0.12989588497768964,0.5503222607833416,0.11378284581060982,0.31308874566187406,0.1301437778879524,1.0,0.4541398116013882,0.13559742191373328,0.22459097669806644,0.13287059990084282,0.11502231036192365,0.11080813088745661,0.13113534952900346,0.13411006445215667,0.15418939018344074,0.14774417451660882,0.153941497273178,0.26152702032721864,0.09568666336142786,0.1249380267724343,0.11477441745166088,0.20599900842835894,0.11998016856717898,0.20302429350520576,0.12072384729796728
PLAYGROUND_MIXTURE,0.12989588497768964,0.11130391670798215,0.13807635101636093,0.161378284581061,0.1752602875557759,0.20252850768468023,0.07783837382250867,0.0954387704511651,0.13063956370847793,0.12964799206742686,0.1412989588497769,0.18468021814576102,0.180466038671294,0.34952900347050075,0.13807635101636093,0.3135845314823996,0.13411006445215667,0.4541398116013882,1.0,0.1886465047099653,0.16906296479920674,0.15592464055528013,0.10733763014377788,0.11626177491323748,0.1670798215171046,0.12097174020823004,0.13634110064452157,0.13634110064452157,0.14848785324739713,0.1938522558254834,0.09370352007932573,0.1633614278631631,0.11527020327218641,0.16236985622211206,0.15666831928606842,0.15666831928606842,0.16088249876053545
PLAYGROUND_UNIFORM,0.12196331184928111,0.09791769955379276,0.1722855726326227,0.1849281110560238,0.12840852751611304,0.131631135349529,0.10560237977193852,0.09196826970748637,0.1256817055032226,0.11998016856717898,0.131631135349529,0.22012890431333665,0.20599900842835894,0.1479920674268716,0.1722855726326227,0.15270203272186417,0.12543381259295985,0.13559742191373328,0.1886465047099653,1.0,0.12394645513138325,0.17104610808130888,0.12865642042637582,0.139067922657412,0.1931085770946951,0.0946950917203768,0.11898859692612791,0.11551809618244918,0.11998016856717898,0.1308874566187407,0.10014873574615767,0.20029747149231533,0.13733267228557264,0.12741695587506197,0.1774913237481408,0.12295488349033218,0.1841844323252355
SKACTIVEML_COST_EMBEDDING,0.1360932077342588,0.11774913237481408,0.10312345066931086,0.11403073872087258,0.14724838869608328,0.1442736737729301,0.10213187902825979,0.10386712940009915,0.1427863163113535,0.14154685176003967,0.13113534952900346,0.11006445215666832,0.11204759543877045,0.229300941993059,0.10312345066931086,0.17476450173525038,0.14030738720872582,0.22459097669806644,0.16906296479920674,0.12394645513138325,1.0,0.12072384729796728,0.11279127416955875,0.10510659395141299,0.11031234506693109,0.15592464055528013,0.14253842340109074,0.14229053049082796,0.1368368864650471,0.14526524541398117,0.09395141298958849,0.11923648983639068,0.12171541893901834,0.14526524541398117,0.11328705999008429,0.14923153197818542,0.11328705999008429
SKACTIVEML_DAL,0.13336638572136836,0.11353495290034706,0.1427863163113535,0.15096678235002478,0.12171541893901834,0.11849281110560238,0.0813088745661874,0.09122459097669806,0.12369856222112048,0.12146752602875557,0.1294000991571641,0.18393653941497273,0.1782350024789291,0.1450173525037184,0.1427863163113535,0.1487357461576599,0.13634110064452157,0.13287059990084282,0.15592464055528013,0.17104610808130888,0.12072384729796728,1.0,0.12766484878532475,0.12097174020823004,0.16212196331184928,0.10981655924640556,0.1279127416955875,0.13113534952900346,0.13237481408031732,0.12320277640059495,0.10436291522062469,0.16807139315815567,0.13212692117005453,0.12072384729796728,0.16782350024789291,0.11923648983639068,0.15071888943976203
SKACTIVEML_DWUS,0.10510659395141299,0.10163609320773426,0.16608824987605356,0.12766484878532475,0.12171541893901834,0.11998016856717898,0.12394645513138325,0.09519087754090233,0.10411502231036192,0.10956866633614279,0.10956866633614279,0.12840852751611304,0.12444224095190877,0.11874070401586515,0.16608824987605356,0.11874070401586515,0.10783341596430342,0.11502231036192365,0.10733763014377788,0.12865642042637582,0.11279127416955875,0.12766484878532475,1.0,0.11031234506693109,0.12667327714427368,0.1036192364898364,0.11080813088745661,0.11179970252850768,0.11948438274665345,0.11973227565691621,0.10188398611799702,0.12915220624690135,0.11155180961824492,0.12097174020823004,0.13113534952900346,0.11824491819533961,0.12667327714427368
SKACTIVEML_QBC,0.10039662865642042,0.0932077342588002,0.12890431333663857,0.13187902825979178,0.10461080813088745,0.10733763014377788,0.09667823500247893,0.0894893406048587,0.0909766980664353,0.09519087754090233,0.09667823500247893,0.1457610312345067,0.13882002974714924,0.11105602379771938,0.12890431333663857,0.11626177491323748,0.1036192364898364,0.11080813088745661,0.11626177491323748,0.139067922657412,0.10510659395141299,0.12097174020823004,0.11031234506693109,1.0,0.15220624690133863,0.0999008428358949,0.10510659395141299,0.10535448686167576,0.10832920178482895,0.09940505701536936,0.09568666336142786,0.13584531482399603,0.10138820029747149,0.09766980664352999,0.1331184928111056,0.09370352007932573,0.131631135349529
SKACTIVEML_QBC_VOTE_ENTROPY,0.12667327714427368,0.11031234506693109,0.16410510659395142,0.18244918195339613,0.11675756073376302,0.11527020327218641,0.10857709469509172,0.08924144769459594,0.11998016856717898,0.11799702528507684,0.12295488349033218,0.21690629647992068,0.20426375805651958,0.13782845810609817,0.16410510659395142,0.1420426375805652,0.1301437778879524,0.13113534952900346,0.1670798215171046,0.1931085770946951,0.11031234506693109,0.16212196331184928,0.12667327714427368,0.15220624690133863,1.0,0.11080813088745661,0.12816063460585028,0.13113534952900346,0.13485374318294496,0.11998016856717898,0.0924640555280119,0.19211700545364402,0.15319781854238967,0.11650966782350025,0.18815071888943977,0.12097174020823004,0.18170550322260784
SKACTIVEML_QUIRE,0.14377788795240456,0.15666831928606842,0.08626673277144274,0.0961824491819534,0.12270699058006941,0.11576598909271195,0.07288051561725335,0.14253842340109074,0.12047595438770452,0.12270699058006941,0.11031234506693109,0.09965294992563213,0.10485870104115022,0.1353495290034705,0.08626673277144274,0.12989588497768964,0.14675260287555775,0.13411006445215667,0.12097174020823004,0.0946950917203768,0.15592464055528013,0.10981655924640556,0.1036192364898364,0.0999008428358949,0.11080813088745661,1.0,0.12964799206742686,0.1308874566187407,0.12047595438770452,0.11303916707982152,0.09717402082300446,0.09568666336142786,0.1360932077342588,0.12518591968269707,0.11155180961824492,0.12840852751611304,0.09593455627169063
SKACTIVEML_US_ENTROPY,0.1256817055032226,0.13138324243926625,0.10014873574615767,0.11303916707982152,0.20649479424888448,0.17649975210708974,0.07560733763014378,0.10213187902825979,0.2270699058006941,0.18666336142786316,0.1626177491323748,0.12270699058006941,0.11626177491323748,0.15195835399107585,0.10014873574615767,0.1494794248884482,0.12989588497768964,0.15418939018344074,0.13634110064452157,0.11898859692612791,0.14253842340109074,0.1279127416955875,0.11080813088745661,0.10510659395141299,0.12816063460585028,0.12964799206742686,1.0,0.778135845314824,0.736737729300942,0.16063460585027267,0.09072880515617253,0.10956866633614279,0.12171541893901834,0.19657907783837383,0.11452652454139811,0.24219137332672286,0.11229548834903322
SKACTIVEML_US_LC,0.124194348041646,0.13039167079821518,0.09940505701536936,0.10956866633614279,0.24938026772434307,0.1715418939018344,0.07759048091224591,0.10832920178482895,0.1797223599405057,0.23029251363411007,0.16212196331184928,0.1279127416955875,0.1256817055032226,0.15418939018344074,0.09940505701536936,0.14898363906792267,0.12865642042637582,0.14774417451660882,0.13634110064452157,0.11551809618244918,0.14229053049082796,0.13113534952900346,0.11179970252850768,0.10535448686167576,0.13113534952900346,0.1308874566187407,0.778135845314824,1.0,0.7523549826474962,0.16212196331184928,0.0917203767972236,0.11576598909271195,0.12047595438770452,0.24095190877540903,0.11576598909271195,0.19335647000495787,0.10882498760535449
SKACTIVEML_US_MARGIN,0.10932077342588002,0.12072384729796728,0.10585027268220129,0.11750123946455131,0.1782350024789291,0.2352503718393654,0.0835399107585523,0.09444719881011403,0.1588993554784333,0.16360932077342588,0.22905304908279622,0.1331184928111056,0.12270699058006941,0.15344571145265246,0.10585027268220129,0.15617253346554288,0.11328705999008429,0.153941497273178,0.14848785324739713,0.11998016856717898,0.1368368864650471,0.13237481408031732,0.11948438274665345,0.10832920178482895,0.13485374318294496,0.12047595438770452,0.736737729300942,0.7523549826474962,1.0,0.22979672781358454,0.0932077342588002,0.11998016856717898,0.11551809618244918,0.16757560733763013,0.12171541893901834,0.1650966782350025,0.11700545364402579
SMALLTEXT_BREAKINGTIES,0.10708973723351513,0.11998016856717898,0.10808130887456618,0.10758552305404065,0.23996033713435796,0.36812097174020825,0.0768468021814576,0.09147248388696083,0.2528507684680218,0.26003966286564206,0.3292017848289539,0.131631135349529,0.13411006445215667,0.19781854238968766,0.10808130887456618,0.14823996033713435,0.11006445215666832,0.26152702032721864,0.1938522558254834,0.1308874566187407,0.14526524541398117,0.12320277640059495,0.11973227565691621,0.09940505701536936,0.11998016856717898,0.11303916707982152,0.16063460585027267,0.16212196331184928,0.22979672781358454,1.0,0.09221616261774913,0.11601388200297472,0.11353495290034706,0.7392166584035696,0.11725334655428855,0.7288051561725335,0.10708973723351513
SMALLTEXT_CONTRASTIVEAL,0.10510659395141299,0.09742191373326722,0.0954387704511651,0.0969261279127417,0.09519087754090233,0.0924640555280119,0.09370352007932573,0.11477441745166088,0.09072880515617253,0.08924144769459594,0.08676251859196826,0.09370352007932573,0.08254833911750124,0.10312345066931086,0.0954387704511651,0.10560237977193852,0.10585027268220129,0.09568666336142786,0.09370352007932573,0.10014873574615767,0.09395141298958849,0.10436291522062469,0.10188398611799702,0.09568666336142786,0.0924640555280119,0.09717402082300446,0.09072880515617253,0.0917203767972236,0.0932077342588002,0.09221616261774913,1.0,0.0954387704511651,0.12518591968269707,0.09444719881011403,0.09791769955379276,0.09395141298958849,0.0961824491819534
SMALLTEXT_EMBEDDINGKMEANS,0.1256817055032226,0.10039662865642042,0.17501239464551313,0.1819533961328706,0.11898859692612791,0.11948438274665345,0.12766484878532475,0.09196826970748637,0.11998016856717898,0.12072384729796728,0.12270699058006941,0.22235994050570154,0.2151710461080813,0.13782845810609817,0.17501239464551313,0.14823996033713435,0.1294000991571641,0.1249380267724343,0.1633614278631631,0.20029747149231533,0.11923648983639068,0.16807139315815567,0.12915220624690135,0.13584531482399603,0.19211700545364402,0.09568666336142786,0.10956866633614279,0.11576598909271195,0.11998016856717898,0.11601388200297472,0.0954387704511651,1.0,0.12989588497768964,0.11254338125929599,0.1901338621715419,0.11031234506693109,0.18096182449181952
SMALLTEXT_GREEDYCORESET,0.18220128904313337,0.12865642042637582,0.12518591968269707,0.12444224095190877,0.11626177491323748,0.11725334655428855,0.08924144769459594,0.11948438274665345,0.11824491819533961,0.11998016856717898,0.11279127416955875,0.13882002974714924,0.12964799206742686,0.11502231036192365,0.12518591968269707,0.12295488349033218,0.18691125433812594,0.11477441745166088,0.11527020327218641,0.13733267228557264,0.12171541893901834,0.13212692117005453,0.11155180961824492,0.10138820029747149,0.15319781854238967,0.1360932077342588,0.12171541893901834,0.12047595438770452,0.11551809618244918,0.11353495290034706,0.12518591968269707,0.12989588497768964,1.0,0.11601388200297472,0.1256817055032226,0.12196331184928111,0.12394645513138325
SMALLTEXT_LEASTCONFIDENCE,0.12766484878532475,0.13187902825979178,0.0984134853743183,0.11031234506693109,0.3745661874070402,0.23847297967278136,0.06990580069410014,0.09890927119484383,0.28284581060981656,0.3306891422905305,0.25855230540406543,0.12345066931085771,0.12369856222112048,0.1782350024789291,0.0984134853743183,0.14352999504214178,0.131631135349529,0.20599900842835894,0.16236985622211206,0.12741695587506197,0.14526524541398117,0.12072384729796728,0.12097174020823004,0.09766980664352999,0.11650966782350025,0.12518591968269707,0.19657907783837383,0.24095190877540903,0.16757560733763013,0.7392166584035696,0.09444719881011403,0.11254338125929599,0.11601388200297472,1.0,0.11750123946455131,0.7766484878532474,0.11031234506693109
SMALLTEXT_LIGHTWEIGHTCORESET,0.12543381259295985,0.10733763014377788,0.16906296479920674,0.1737729300941993,0.11452652454139811,0.11576598909271195,0.10609816559246406,0.09568666336142786,0.11700545364402579,0.11898859692612791,0.11948438274665345,0.1983143282102132,0.19533961328705998,0.13559742191373328,0.16906296479920674,0.1346058502726822,0.12915220624690135,0.11998016856717898,0.15666831928606842,0.1774913237481408,0.11328705999008429,0.16782350024789291,0.13113534952900346,0.1331184928111056,0.18815071888943977,0.11155180961824492,0.11452652454139811,0.11576598909271195,0.12171541893901834,0.11725334655428855,0.09791769955379276,0.1901338621715419,0.1256817055032226,0.11750123946455131,1.0,0.11477441745166088,0.17352503718393653
SMALLTEXT_PREDICTIONENTROPY,0.13039167079821518,0.131631135349529,0.09742191373326722,0.10882498760535449,0.27615270203272185,0.22880515617253347,0.07560733763014378,0.0999008428358949,0.32771442736737727,0.28135845314824,0.2530986613782846,0.12196331184928111,0.12047595438770452,0.18021814576103123,0.09742191373326722,0.1405552801189886,0.13411006445215667,0.20302429350520576,0.15666831928606842,0.12295488349033218,0.14923153197818542,0.11923648983639068,0.11824491819533961,0.09370352007932573,0.12097174020823004,0.12840852751611304,0.24219137332672286,0.19335647000495787,0.1650966782350025,0.7288051561725335,0.09395141298958849,0.11031234506693109,0.12196331184928111,0.7766484878532474,0.11477441745166088,1.0,0.10932077342588002
SMALLTEXT_RANDOM,0.11650966782350025,0.09345562716906297,0.1554288547347546,0.9982647496281606,0.11725334655428855,0.11650966782350025,0.09965294992563213,0.08477937530986614,0.10585027268220129,0.10461080813088745,0.10535448686167576,0.18294496777392166,0.1856717897868121,0.139067922657412,0.1554288547347546,0.13708477937530986,0.12047595438770452,0.12072384729796728,0.16088249876053545,0.1841844323252355,0.11328705999008429,0.15071888943976203,0.12667327714427368,0.131631135349529,0.18170550322260784,0.09593455627169063,0.11229548834903322,0.10882498760535449,0.11700545364402579,0.10708973723351513,0.0961824491819534,0.18096182449181952,0.12394645513138325,0.11031234506693109,0.17352503718393653,0.10932077342588002,1.0
