,ALIPY_CORESET_GREEDY,ALIPY_DENSITY_WEIGHTED,ALIPY_GRAPH_DENSITY,ALIPY_RANDOM,ALIPY_UNCERTAINTY_LC,ALIPY_UNCERTAINTY_MM,LIBACT_DWUS,LIBACT_QUIRE,LIBACT_UNCERTAINTY_ENT,LIBACT_UNCERTAINTY_LC,LIBACT_UNCERTAINTY_SM,OPTIMAL_GREEDY_10,OPTIMAL_GREEDY_20,PLAYGROUND_BANDIT,PLAYGROUND_GRAPH_DENSITY,PLAYGROUND_INFORMATIVE_DIVERSE,PLAYGROUND_KCENTER_GREEDY,PLAYGROUND_MARGIN,PLAYGROUND_MIXTURE,PLAYGROUND_UNIFORM,SKACTIVEML_COST_EMBEDDING,SKACTIVEML_DAL,SKACTIVEML_DWUS,SKACTIVEML_QBC,SKACTIVEML_QBC_VOTE_ENTROPY,SKACTIVEML_QUIRE,SKACTIVEML_US_ENTROPY,SKACTIVEML_US_LC,SKACTIVEML_US_MARGIN,SMALLTEXT_BREAKINGTIES,SMALLTEXT_CONTRASTIVEAL,SMALLTEXT_EMBEDDINGKMEANS,SMALLTEXT_GREEDYCORESET,SMALLTEXT_LEASTCONFIDENCE,SMALLTEXT_LIGHTWEIGHTCORESET,SMALLTEXT_PREDICTIONENTROPY,SMALLTEXT_RANDOM
ALIPY_CORESET_GREEDY,4034,292,203,193,193,182,271,303,123,120,129,284,265,215,203,234,3986,192,207,291,269,312,283,275,257,283,117,131,121,130,291,281,385,137,273,135,193
ALIPY_DENSITY_WEIGHTED,292,4034,223,238,574,520,674,671,351,359,348,643,681,773,225,777,305,620,631,686,810,652,821,643,713,825,354,349,364,316,694,672,725,347,631,356,236
ALIPY_GRAPH_DENSITY,203,223,4034,214,199,210,310,256,128,113,136,332,301,221,4005,249,219,204,231,286,252,293,270,281,317,252,120,122,126,117,265,299,325,115,300,118,202
ALIPY_RANDOM,193,238,214,4034,173,173,288,223,127,134,140,334,346,218,224,230,220,181,192,331,273,320,286,295,324,232,130,132,155,116,240,342,291,114,307,109,4009
ALIPY_UNCERTAINTY_LC,193,574,199,173,4034,2975,299,305,423,462,388,324,327,515,218,482,221,685,494,386,507,357,432,322,330,414,430,446,391,586,361,325,359,925,351,654,164
ALIPY_UNCERTAINTY_MM,182,520,210,173,2975,4034,305,288,349,364,463,339,348,487,224,467,210,841,571,380,502,364,436,323,332,393,357,378,426,908,318,370,367,583,323,567,163
LIBACT_DWUS,271,674,310,288,299,305,4034,766,213,206,208,765,761,575,319,558,291,473,512,772,697,806,781,769,801,666,246,240,240,202,776,869,772,170,765,190,279
LIBACT_QUIRE,303,671,256,223,305,288,766,4034,218,194,178,688,773,573,259,537,312,411,469,753,650,710,719,740,722,736,218,220,200,166,767,785,790,175,730,189,222
LIBACT_UNCERTAINTY_ENT,123,351,128,127,423,349,213,218,4034,3078,2996,297,266,335,146,366,159,307,277,266,352,272,332,240,273,303,463,385,374,327,294,263,287,367,255,456,116
LIBACT_UNCERTAINTY_LC,120,359,113,134,462,364,206,194,3078,4034,3033,279,277,358,130,402,153,302,304,257,371,297,341,234,251,315,426,451,419,353,283,266,267,427,254,436,124
LIBACT_UNCERTAINTY_SM,129,348,136,140,388,463,208,178,2996,3033,4034,311,258,377,155,396,161,336,307,274,366,276,346,241,269,307,411,377,473,434,278,287,269,362,278,389,131
OPTIMAL_GREEDY_10,284,643,332,334,324,339,765,688,297,279,311,4034,954,670,352,609,320,457,515,836,781,822,773,805,831,694,298,283,286,248,671,789,766,223,805,248,325
OPTIMAL_GREEDY_20,265,681,301,346,327,348,761,773,266,277,258,954,4034,659,321,634,301,465,506,827,765,836,760,811,840,710,268,277,273,237,687,798,739,240,782,252,336
PLAYGROUND_BANDIT,215,773,221,218,515,487,575,573,335,358,377,670,659,4034,246,1464,254,1469,1316,599,794,619,667,593,624,675,377,394,387,342,563,582,631,344,598,341,207
PLAYGROUND_GRAPH_DENSITY,203,225,4005,224,218,224,319,259,146,130,155,352,321,246,4034,267,242,227,254,308,273,312,285,298,339,265,138,141,144,133,269,316,349,123,310,128,213
PLAYGROUND_INFORMATIVE_DIVERSE,234,777,249,230,482,467,558,537,366,402,396,609,634,1464,267,4034,269,1326,1256,640,823,629,707,610,625,687,366,413,384,345,566,616,642,348,637,351,222
PLAYGROUND_KCENTER_GREEDY,3986,305,219,220,221,210,291,312,159,153,161,320,301,254,242,269,4034,227,243,325,299,344,315,297,290,307,145,163,150,160,301,311,420,154,289,152,211
PLAYGROUND_MARGIN,192,620,204,181,685,841,473,411,307,302,336,457,465,1469,227,1326,227,4034,1934,473,695,477,514,440,489,568,344,348,357,689,458,441,487,549,414,514,170
PLAYGROUND_MIXTURE,207,631,231,192,494,571,512,469,277,304,307,515,506,1316,254,1256,243,1934,4034,497,664,518,547,445,485,591,282,319,299,446,469,484,527,361,442,348,183
PLAYGROUND_UNIFORM,291,686,286,331,386,380,772,753,266,257,274,836,827,599,308,640,325,473,497,4034,703,826,763,763,827,747,290,272,318,256,789,796,765,244,831,253,322
SKACTIVEML_COST_EMBEDDING,269,810,252,273,507,502,697,650,352,371,366,781,765,794,273,823,299,695,664,703,4034,763,808,708,709,814,388,397,391,343,694,738,719,330,676,332,260
SKACTIVEML_DAL,312,652,293,320,357,364,806,710,272,297,276,822,836,619,312,629,344,477,518,826,763,4034,842,780,845,754,317,317,296,222,745,856,822,224,852,268,309
SKACTIVEML_DWUS,283,821,270,286,432,436,781,719,332,341,346,773,760,667,285,707,315,514,547,763,808,842,4034,741,817,775,340,338,354,305,678,772,787,269,764,297,274
SKACTIVEML_QBC,275,643,281,295,322,323,769,740,240,234,241,805,811,593,298,610,297,440,445,763,708,780,741,4034,869,711,243,284,273,202,740,832,797,196,828,210,288
SKACTIVEML_QBC_VOTE_ENTROPY,257,713,317,324,330,332,801,722,273,251,269,831,840,624,339,625,290,489,485,827,709,845,817,869,4034,718,265,272,250,216,702,851,782,236,813,230,315
SKACTIVEML_QUIRE,283,825,252,232,414,393,666,736,303,315,307,694,710,675,265,687,307,568,591,747,814,754,775,711,718,4034,300,298,287,262,780,697,723,264,734,293,228
SKACTIVEML_US_ENTROPY,117,354,120,130,430,357,246,218,463,426,411,298,268,377,138,366,145,344,282,290,388,317,340,243,265,300,4034,3065,2996,330,264,262,277,353,261,455,119
SKACTIVEML_US_LC,131,349,122,132,446,378,240,220,385,451,377,283,277,394,141,413,163,348,319,272,397,317,338,284,272,298,3065,4034,3017,326,274,292,276,392,268,381,123
SKACTIVEML_US_MARGIN,121,364,126,155,391,426,240,200,374,419,473,286,273,387,144,384,150,357,299,318,391,296,354,273,250,287,2996,3017,4034,412,281,268,251,343,265,349,142
SMALLTEXT_BREAKINGTIES,130,316,117,116,586,908,202,166,327,353,434,248,237,342,133,345,160,689,446,256,343,222,305,202,216,262,330,326,412,4034,224,231,243,2946,213,2945,106
SMALLTEXT_CONTRASTIVEAL,291,694,265,240,361,318,776,767,294,283,278,671,687,563,269,566,301,458,469,789,694,745,678,740,702,780,264,274,281,224,4034,720,759,243,774,255,234
SMALLTEXT_EMBEDDINGKMEANS,281,672,299,342,325,370,869,785,263,266,287,789,798,582,316,616,311,441,484,796,738,856,772,832,851,697,262,292,268,231,720,4034,821,217,769,238,330
SMALLTEXT_GREEDYCORESET,385,725,325,291,359,367,772,790,287,267,269,766,739,631,349,642,420,487,527,765,719,822,787,797,782,723,277,276,251,243,759,821,4034,246,822,288,286
SMALLTEXT_LEASTCONFIDENCE,137,347,115,114,925,583,170,175,367,427,362,223,240,344,123,348,154,549,361,244,330,224,269,196,236,264,353,392,343,2946,243,217,246,4034,223,3042,130
SMALLTEXT_LIGHTWEIGHTCORESET,273,631,300,307,351,323,765,730,255,254,278,805,782,598,310,637,289,414,442,831,676,852,764,828,813,734,261,268,265,213,774,769,822,223,4034,239,321
SMALLTEXT_PREDICTIONENTROPY,135,356,118,109,654,567,190,189,456,436,389,248,252,341,128,351,152,514,348,253,332,268,297,210,230,293,455,381,349,2945,255,238,288,3042,239,4034,127
SMALLTEXT_RANDOM,193,236,202,4009,164,163,279,222,116,124,131,325,336,207,213,222,211,170,183,322,260,309,274,288,315,228,119,123,142,106,234,330,286,130,321,127,4034
