,ALIPY_CORESET_GREEDY,ALIPY_DENSITY_WEIGHTED,ALIPY_GRAPH_DENSITY,ALIPY_RANDOM,ALIPY_UNCERTAINTY_LC,ALIPY_UNCERTAINTY_MM,LIBACT_DWUS,LIBACT_QUIRE,LIBACT_UNCERTAINTY_ENT,LIBACT_UNCERTAINTY_LC,LIBACT_UNCERTAINTY_SM,OPTIMAL_GREEDY_10,OPTIMAL_GREEDY_20,PLAYGROUND_BANDIT,PLAYGROUND_GRAPH_DENSITY,PLAYGROUND_INFORMATIVE_DIVERSE,PLAYGROUND_KCENTER_GREEDY,PLAYGROUND_MARGIN,PLAYGROUND_MIXTURE,PLAYGROUND_UNIFORM,SKACTIVEML_COST_EMBEDDING,SKACTIVEML_DAL,SKACTIVEML_DWUS,SKACTIVEML_QBC,SKACTIVEML_QBC_VOTE_ENTROPY,SKACTIVEML_QUIRE,SKACTIVEML_US_ENTROPY,SKACTIVEML_US_LC,SKACTIVEML_US_MARGIN,SMALLTEXT_BREAKINGTIES,SMALLTEXT_CONTRASTIVEAL,SMALLTEXT_EMBEDDINGKMEANS,SMALLTEXT_GREEDYCORESET,SMALLTEXT_LEASTCONFIDENCE,SMALLTEXT_LIGHTWEIGHTCORESET,SMALLTEXT_PREDICTIONENTROPY,SMALLTEXT_RANDOM
ALIPY_CORESET_GREEDY,4034,855,152,204,195,157,300,1024,185,191,151,378,364,298,152,355,4034,221,291,377,445,443,377,376,365,619,195,191,157,133,639,447,1214,160,434,176,204
ALIPY_DENSITY_WEIGHTED,855,4034,228,242,283,282,526,1129,259,291,235,517,529,427,228,454,855,330,353,509,647,576,613,572,499,835,263,297,256,181,727,641,1212,228,496,234,242
ALIPY_GRAPH_DENSITY,152,228,4034,311,155,167,662,397,116,98,137,524,548,272,4034,262,152,161,196,462,331,503,598,553,537,354,149,128,137,111,484,615,322,103,447,120,311
ALIPY_RANDOM,204,242,311,4034,168,183,624,380,141,129,132,607,639,367,311,361,204,247,367,654,383,572,527,624,621,333,133,118,150,122,537,632,340,110,560,137,4034
ALIPY_UNCERTAINTY_LC,195,283,155,168,4034,2908,226,270,342,416,289,288,289,331,155,320,195,513,320,298,304,299,300,304,256,313,308,369,270,528,284,323,284,958,288,600,168
ALIPY_UNCERTAINTY_MM,157,282,167,183,2908,4034,265,242,282,279,371,297,301,344,167,329,157,703,405,286,286,305,304,321,309,296,243,285,348,941,272,345,228,515,311,486,183
LIBACT_DWUS,300,526,662,624,226,265,4034,851,205,212,201,1218,1227,619,662,654,300,397,579,1241,645,1195,1458,1282,1200,755,198,201,223,178,992,1698,686,170,913,185,624
LIBACT_QUIRE,1024,1129,397,380,270,242,851,4034,281,241,215,751,773,507,397,510,1024,319,395,706,734,817,840,805,752,1023,259,269,227,183,1044,941,1592,195,700,261,380
LIBACT_UNCERTAINTY_ENT,185,259,116,141,342,282,205,281,4034,2989,2863,228,247,240,116,280,185,230,223,282,269,224,239,241,244,264,439,358,296,306,315,279,285,367,220,509,141
LIBACT_UNCERTAINTY_LC,191,291,98,129,416,279,212,241,2989,4034,2955,210,246,229,98,260,191,221,221,240,244,225,254,226,234,257,359,407,313,327,268,262,261,448,214,412,129
LIBACT_UNCERTAINTY_SM,151,235,137,132,289,371,201,215,2863,2955,4034,235,260,241,137,280,151,220,216,247,262,255,265,253,298,246,277,296,367,404,262,280,226,325,241,337,132
OPTIMAL_GREEDY_10,378,517,524,607,288,297,1218,751,228,210,235,4034,1165,605,524,669,378,383,623,1116,608,1058,995,1106,1127,660,218,227,262,234,941,1289,721,226,954,229,607
OPTIMAL_GREEDY_20,364,529,548,639,289,301,1227,773,247,246,260,1165,4034,613,548,622,364,416,613,1082,639,1104,1022,1129,1142,674,242,230,255,223,928,1264,684,206,935,224,639
PLAYGROUND_BANDIT,298,427,272,367,331,344,619,507,240,229,241,605,613,4034,272,1285,298,1410,1205,597,601,618,577,617,603,495,213,269,276,232,573,695,466,231,564,252,367
PLAYGROUND_GRAPH_DENSITY,152,228,4034,311,155,167,662,397,116,98,137,524,548,272,4034,262,152,161,196,462,331,503,598,553,537,354,149,128,137,111,484,615,322,103,447,120,311
PLAYGROUND_INFORMATIVE_DIVERSE,355,454,262,361,320,329,654,510,280,260,280,669,622,1285,262,4034,355,1152,1208,633,543,641,615,638,630,512,256,237,273,235,568,762,511,216,616,243,361
PLAYGROUND_KCENTER_GREEDY,4034,855,152,204,195,157,300,1024,185,191,151,378,364,298,152,355,4034,221,291,377,445,443,377,376,365,619,195,191,157,133,639,447,1214,160,434,176,204
PLAYGROUND_MARGIN,221,330,161,247,513,703,397,319,230,221,220,383,416,1410,161,1152,221,4034,1790,445,440,407,389,426,416,374,230,249,259,654,355,454,305,454,372,428,247
PLAYGROUND_MIXTURE,291,353,196,367,320,405,579,395,223,221,216,623,613,1205,196,1208,291,1790,4034,620,483,577,506,562,580,421,192,194,197,336,527,659,397,244,543,239,367
PLAYGROUND_UNIFORM,377,509,462,654,298,286,1241,706,282,240,247,1116,1082,597,462,633,377,445,620,4034,620,1053,991,1091,1045,657,243,238,271,238,957,1257,654,217,886,248,654
SKACTIVEML_COST_EMBEDDING,445,647,331,383,304,286,645,734,269,244,262,608,639,601,331,543,445,440,483,620,4034,640,697,627,659,698,259,265,251,222,640,734,676,225,604,252,383
SKACTIVEML_DAL,443,576,503,572,299,305,1195,817,224,225,255,1058,1104,618,503,641,443,407,577,1053,640,4034,991,1099,1096,700,209,217,256,224,979,1262,776,199,917,235,572
SKACTIVEML_DWUS,377,613,598,527,300,304,1458,840,239,254,265,995,1022,577,598,615,377,389,506,991,697,991,4034,1050,1003,685,249,255,291,219,951,1313,693,223,803,237,527
SKACTIVEML_QBC,376,572,553,624,304,321,1282,805,241,226,253,1106,1129,617,553,638,376,426,562,1091,627,1099,1050,4034,1197,706,230,223,260,209,995,1288,746,197,930,235,624
SKACTIVEML_QBC_VOTE_ENTROPY,365,499,537,621,256,309,1200,752,244,234,298,1127,1142,603,537,630,365,416,580,1045,659,1096,1003,1197,4034,653,221,237,284,243,978,1233,680,195,948,272,621
SKACTIVEML_QUIRE,619,835,354,333,313,296,755,1023,264,257,246,660,674,495,354,512,619,374,421,657,698,700,685,706,653,4034,263,263,225,193,850,804,959,210,639,263,333
SKACTIVEML_US_ENTROPY,195,263,149,133,308,243,198,259,439,359,277,218,242,213,149,256,195,230,192,243,259,209,249,230,221,263,4034,3009,2902,213,263,267,252,304,242,422,133
SKACTIVEML_US_LC,191,297,128,118,369,285,201,269,358,407,296,227,230,269,128,237,191,249,194,238,265,217,255,223,237,263,3009,4034,2928,249,278,266,263,377,246,335,118
SKACTIVEML_US_MARGIN,157,256,137,150,270,348,223,227,296,313,367,262,255,276,137,273,157,259,197,271,251,256,291,260,284,225,2902,2928,4034,333,270,318,204,269,250,271,150
SMALLTEXT_BREAKINGTIES,133,181,111,122,528,941,178,183,306,327,404,234,223,232,111,235,133,654,336,238,222,224,219,209,243,193,213,249,333,4034,210,243,160,2897,217,2870,122
SMALLTEXT_CONTRASTIVEAL,639,727,484,537,284,272,992,1044,315,268,262,941,928,573,484,568,639,355,527,957,640,979,951,995,978,850,263,278,270,210,4034,1158,1031,247,819,282,537
SMALLTEXT_EMBEDDINGKMEANS,447,641,615,632,323,345,1698,941,279,262,280,1289,1264,695,615,762,447,454,659,1257,734,1262,1313,1288,1233,804,267,266,318,243,1158,4034,834,204,1048,241,632
SMALLTEXT_GREEDYCORESET,1214,1212,322,340,284,228,686,1592,285,261,226,721,684,466,322,511,1214,305,397,654,676,776,693,746,680,959,252,263,204,160,1031,834,4034,224,684,249,340
SMALLTEXT_LEASTCONFIDENCE,160,228,103,110,958,515,170,195,367,448,325,226,206,231,103,216,160,454,244,217,225,199,223,197,195,210,304,377,269,2897,247,204,224,4034,206,2966,110
SMALLTEXT_LIGHTWEIGHTCORESET,434,496,447,560,288,311,913,700,220,214,241,954,935,564,447,616,434,372,543,886,604,917,803,930,948,639,242,246,250,217,819,1048,684,206,4034,223,560
SMALLTEXT_PREDICTIONENTROPY,176,234,120,137,600,486,185,261,509,412,337,229,224,252,120,243,176,428,239,248,252,235,237,235,272,263,422,335,271,2870,282,241,249,2966,223,4034,137
SMALLTEXT_RANDOM,204,242,311,4034,168,183,624,380,141,129,132,607,639,367,311,361,204,247,367,654,383,572,527,624,621,333,133,118,150,122,537,632,340,110,560,137,4034
