,ALIPY_CORESET_GREEDY,ALIPY_DENSITY_WEIGHTED,ALIPY_GRAPH_DENSITY,ALIPY_RANDOM,ALIPY_UNCERTAINTY_LC,ALIPY_UNCERTAINTY_MM,LIBACT_DWUS,LIBACT_QUIRE,LIBACT_UNCERTAINTY_ENT,LIBACT_UNCERTAINTY_LC,LIBACT_UNCERTAINTY_SM,OPTIMAL_GREEDY_10,OPTIMAL_GREEDY_20,PLAYGROUND_BANDIT,PLAYGROUND_GRAPH_DENSITY,PLAYGROUND_INFORMATIVE_DIVERSE,PLAYGROUND_KCENTER_GREEDY,PLAYGROUND_MARGIN,PLAYGROUND_MIXTURE,PLAYGROUND_UNIFORM,SKACTIVEML_COST_EMBEDDING,SKACTIVEML_DAL,SKACTIVEML_DWUS,SKACTIVEML_QBC,SKACTIVEML_QBC_VOTE_ENTROPY,SKACTIVEML_QUIRE,SKACTIVEML_US_ENTROPY,SKACTIVEML_US_LC,SKACTIVEML_US_MARGIN,SMALLTEXT_BREAKINGTIES,SMALLTEXT_CONTRASTIVEAL,SMALLTEXT_EMBEDDINGKMEANS,SMALLTEXT_GREEDYCORESET,SMALLTEXT_LEASTCONFIDENCE,SMALLTEXT_LIGHTWEIGHTCORESET,SMALLTEXT_PREDICTIONENTROPY,SMALLTEXT_RANDOM
ALIPY_CORESET_GREEDY,4034,525,579,531,378,376,170,350,292,292,311,870,824,488,579,515,4031,368,623,648,497,661,303,331,610,447,344,365,346,327,335,440,940,329,570,318,531
ALIPY_DENSITY_WEIGHTED,525,4034,317,389,573,565,126,453,496,517,492,463,436,550,317,543,526,520,531,475,644,446,465,260,408,581,565,567,514,536,324,343,502,561,457,581,389
ALIPY_GRAPH_DENSITY,579,317,4034,661,262,308,267,193,246,222,252,667,642,396,4034,370,580,275,448,795,423,654,366,357,793,298,259,240,257,269,225,536,646,249,684,256,661
ALIPY_RANDOM,531,389,661,4034,381,419,236,352,333,320,353,910,909,555,661,595,533,482,682,1063,593,888,383,534,1145,394,372,376,410,369,326,818,724,339,1002,346,4034
ALIPY_UNCERTAINTY_LC,378,573,262,381,4034,3126,103,182,904,1073,848,663,676,980,262,905,380,1195,983,482,780,432,379,243,446,393,1055,1188,975,1269,234,306,375,1745,414,1374,381
ALIPY_UNCERTAINTY_MM,376,565,308,419,3126,4034,135,185,745,877,1084,712,731,1049,308,948,377,1391,1058,513,754,487,404,273,474,394,887,958,1179,1746,211,325,361,1263,464,1153,419
LIBACT_DWUS,170,126,267,236,103,135,4034,271,107,101,122,193,175,150,267,134,170,137,179,294,193,216,260,361,293,192,118,111,139,125,322,390,195,109,245,110,236
LIBACT_QUIRE,350,453,193,352,182,185,271,4034,172,157,182,298,293,248,193,233,350,220,268,398,285,367,235,395,398,430,147,150,157,173,444,334,398,160,416,153,352
LIBACT_UNCERTAINTY_ENT,292,496,246,333,904,745,107,172,4034,3260,3026,581,555,641,246,798,292,658,658,423,600,388,353,200,403,358,1050,893,766,1034,247,258,355,1188,365,1384,333
LIBACT_UNCERTAINTY_LC,292,517,222,320,1073,877,101,157,3260,4034,3188,582,563,712,222,859,294,747,732,383,625,384,360,203,388,336,937,1065,862,1149,205,256,322,1377,357,1250,320
LIBACT_UNCERTAINTY_SM,311,492,252,353,848,1084,122,182,3026,3188,4034,624,626,746,252,899,313,777,762,425,630,412,374,225,404,336,791,885,1057,1400,173,283,318,1112,375,1078,353
OPTIMAL_GREEDY_10,870,463,667,910,663,712,193,298,581,582,624,4034,2629,960,667,1053,872,843,1284,993,761,992,325,484,1004,537,655,678,740,669,281,816,590,627,943,611,910
OPTIMAL_GREEDY_20,824,436,642,909,676,731,175,293,555,563,626,2629,4034,963,642,1055,824,866,1245,972,731,943,321,473,957,533,657,695,736,685,318,796,600,633,966,608,909
PLAYGROUND_BANDIT,488,550,396,555,980,1049,150,248,641,712,746,960,963,4034,396,1747,489,2564,1912,728,1202,653,354,354,629,608,797,825,853,988,256,373,396,899,575,871,555
PLAYGROUND_GRAPH_DENSITY,579,317,4034,661,262,308,267,193,246,222,252,667,642,396,4034,370,580,275,448,795,423,654,366,357,793,298,259,240,257,269,225,536,646,249,684,256,661
PLAYGROUND_INFORMATIVE_DIVERSE,515,543,370,595,905,948,134,233,798,859,899,1053,1055,1747,370,4034,517,1737,1653,685,1056,608,356,378,673,561,852,891,940,887,259,465,422,843,619,817,595
PLAYGROUND_KCENTER_GREEDY,4031,526,580,533,380,377,170,350,292,294,313,872,824,489,580,517,4034,369,625,649,497,662,304,332,612,447,345,367,347,328,335,439,940,331,572,318,533
PLAYGROUND_MARGIN,368,520,275,482,1195,1391,137,220,658,747,777,843,866,2564,275,1737,369,4034,2098,585,1184,531,356,337,538,605,822,853,921,1364,248,315,348,1164,485,1099,482
PLAYGROUND_MIXTURE,623,531,448,682,983,1058,179,268,658,732,762,1284,1245,1912,448,1653,625,2098,4034,945,990,730,384,416,773,566,812,820,883,1025,265,513,459,932,717,891,682
PLAYGROUND_UNIFORM,648,475,795,1063,482,513,294,398,423,383,425,993,972,728,795,685,649,585,945,4034,681,976,465,569,1145,483,461,461,493,473,436,830,825,424,1061,430,1063
SKACTIVEML_COST_EMBEDDING,497,644,423,593,780,754,193,285,600,625,630,761,731,1202,423,1056,497,1184,990,681,4034,640,446,408,664,686,708,706,717,704,289,423,555,708,612,704,593
SKACTIVEML_DAL,661,446,654,888,432,487,216,367,388,384,412,992,943,653,654,608,662,531,730,976,640,4034,430,500,974,426,431,419,450,416,417,709,694,389,954,393,888
SKACTIVEML_DWUS,303,465,366,383,379,404,260,235,353,360,374,325,321,354,366,356,304,356,384,465,446,430,4034,337,448,333,351,351,381,343,210,370,360,334,397,340,383
SKACTIVEML_QBC,331,260,357,534,243,273,361,395,200,203,225,484,473,354,357,378,332,337,416,569,408,500,337,4034,629,417,223,224,266,225,471,515,433,194,511,195,534
SKACTIVEML_QBC_VOTE_ENTROPY,610,408,793,1145,446,474,293,398,403,388,404,1004,957,629,793,673,612,538,773,1145,664,974,448,629,4034,468,444,435,483,390,349,888,793,367,1161,368,1145
SKACTIVEML_QUIRE,447,581,298,394,393,394,192,430,358,336,336,537,533,608,298,561,447,605,566,483,686,426,333,417,468,4034,362,361,342,336,423,337,446,350,434,358,394
SKACTIVEML_US_ENTROPY,344,565,259,372,1055,887,118,147,1050,937,791,655,657,797,259,852,345,822,812,461,708,431,351,223,444,362,4034,3295,3081,822,207,287,361,973,384,1160,372
SKACTIVEML_US_LC,365,567,240,376,1188,958,111,150,893,1065,885,678,695,825,240,891,367,853,820,461,706,419,351,224,435,361,3295,4034,3190,891,210,282,341,1120,376,968,376
SKACTIVEML_US_MARGIN,346,514,257,410,975,1179,139,157,766,862,1057,740,736,853,257,940,347,921,883,493,717,450,381,266,483,342,3081,3190,4034,1108,186,336,341,900,404,809,410
SMALLTEXT_BREAKINGTIES,327,536,269,369,1269,1746,125,173,1034,1149,1400,669,685,988,269,887,328,1364,1025,473,704,416,343,225,390,336,822,891,1108,4034,198,300,314,3160,409,3044,369
SMALLTEXT_CONTRASTIVEAL,335,324,225,326,234,211,322,444,247,205,173,281,318,256,225,259,335,248,265,436,289,417,210,471,349,423,207,210,186,198,4034,382,452,235,407,229,326
SMALLTEXT_EMBEDDINGKMEANS,440,343,536,818,306,325,390,334,258,256,283,816,796,373,536,465,439,315,513,830,423,709,370,515,888,337,287,282,336,300,382,4034,590,274,927,265,818
SMALLTEXT_GREEDYCORESET,940,502,646,724,375,361,195,398,355,322,318,590,600,396,646,422,940,348,459,825,555,694,360,433,793,446,361,341,341,314,452,590,4034,339,770,377,724
SMALLTEXT_LEASTCONFIDENCE,329,561,249,339,1745,1263,109,160,1188,1377,1112,627,633,899,249,843,331,1164,932,424,708,389,334,194,367,350,973,1120,900,3160,235,274,339,4034,359,3279,339
SMALLTEXT_LIGHTWEIGHTCORESET,570,457,684,1002,414,464,245,416,365,357,375,943,966,575,684,619,572,485,717,1061,612,954,397,511,1161,434,384,376,404,409,407,927,770,359,4034,378,1002
SMALLTEXT_PREDICTIONENTROPY,318,581,256,346,1374,1153,110,153,1384,1250,1078,611,608,871,256,817,318,1099,891,430,704,393,340,195,368,358,1160,968,809,3044,229,265,377,3279,378,4034,346
SMALLTEXT_RANDOM,531,389,661,4034,381,419,236,352,333,320,353,910,909,555,661,595,533,482,682,1063,593,888,383,534,1145,394,372,376,410,369,326,818,724,339,1002,346,4034
