,ALIPY_CORESET_GREEDY,ALIPY_DENSITY_WEIGHTED,ALIPY_GRAPH_DENSITY,ALIPY_RANDOM,ALIPY_UNCERTAINTY_LC,ALIPY_UNCERTAINTY_MM,LIBACT_DWUS,LIBACT_QUIRE,LIBACT_UNCERTAINTY_ENT,LIBACT_UNCERTAINTY_LC,LIBACT_UNCERTAINTY_SM,OPTIMAL_GREEDY_10,OPTIMAL_GREEDY_20,PLAYGROUND_BANDIT,PLAYGROUND_GRAPH_DENSITY,PLAYGROUND_INFORMATIVE_DIVERSE,PLAYGROUND_KCENTER_GREEDY,PLAYGROUND_MARGIN,PLAYGROUND_MIXTURE,PLAYGROUND_UNIFORM,SKACTIVEML_COST_EMBEDDING,SKACTIVEML_DAL,SKACTIVEML_DWUS,SKACTIVEML_QBC,SKACTIVEML_QBC_VOTE_ENTROPY,SKACTIVEML_QUIRE,SKACTIVEML_US_ENTROPY,SKACTIVEML_US_LC,SKACTIVEML_US_MARGIN,SMALLTEXT_BREAKINGTIES,SMALLTEXT_CONTRASTIVEAL,SMALLTEXT_EMBEDDINGKMEANS,SMALLTEXT_GREEDYCORESET,SMALLTEXT_LEASTCONFIDENCE,SMALLTEXT_LIGHTWEIGHTCORESET,SMALLTEXT_PREDICTIONENTROPY,SMALLTEXT_RANDOM
ALIPY_CORESET_GREEDY,4034,579,436,480,398,374,277,552,274,270,275,704,712,401,436,470,4034,385,506,584,512,566,382,467,624,522,342,353,328,300,405,566,728,316,595,319,480
ALIPY_DENSITY_WEIGHTED,579,4034,435,395,469,438,408,703,375,391,411,627,609,459,435,461,579,433,455,575,523,557,526,466,563,652,434,453,450,424,487,528,628,424,549,454,395
ALIPY_GRAPH_DENSITY,436,435,4034,516,319,341,441,365,256,244,270,724,771,361,4034,393,436,301,452,649,366,588,478,510,644,357,280,274,294,313,403,626,624,308,593,315,516
ALIPY_RANDOM,480,395,516,4034,393,429,389,430,324,313,353,988,963,470,516,569,480,427,589,855,476,749,436,646,779,443,335,350,390,347,482,809,618,335,780,321,4034
ALIPY_UNCERTAINTY_LC,398,469,319,393,4034,2998,316,327,533,661,468,581,580,665,319,455,398,821,655,519,505,522,430,449,498,450,638,751,587,941,413,447,451,1436,479,1037,393
ALIPY_UNCERTAINTY_MM,374,438,341,429,2998,4034,361,320,431,461,668,619,647,734,341,463,374,1080,775,566,499,542,468,489,544,450,531,548,757,1429,395,502,455,917,542,865,429
LIBACT_DWUS,277,408,441,389,316,361,4034,409,297,288,303,583,581,359,441,350,277,324,389,507,376,445,471,445,515,389,309,304,334,309,436,601,397,290,461,303,389
LIBACT_QUIRE,552,703,365,430,327,320,409,4034,299,291,308,624,589,378,365,411,552,378,445,557,440,523,410,448,540,559,316,315,325,324,488,506,565,320,503,320,430
LIBACT_UNCERTAINTY_ENT,274,375,256,324,533,431,297,299,4034,3160,2960,491,475,412,256,471,274,346,346,416,442,435,387,369,412,385,668,487,426,740,310,364,352,854,409,1035,324
LIBACT_UNCERTAINTY_LC,270,391,244,313,661,461,288,291,3160,4034,3052,480,469,402,244,475,270,359,356,413,414,424,393,377,417,379,514,662,457,760,330,366,336,1003,412,875,313
LIBACT_UNCERTAINTY_SM,275,411,270,353,468,668,303,308,2960,3052,4034,539,533,409,270,486,275,376,387,442,422,459,445,424,448,376,405,455,646,997,324,419,348,789,456,777,353
OPTIMAL_GREEDY_10,704,627,724,988,581,619,583,624,491,480,539,4034,2096,638,724,742,704,586,895,1130,601,1090,631,881,1187,609,570,584,625,570,678,1238,823,535,1108,530,988
OPTIMAL_GREEDY_20,712,609,771,963,580,647,581,589,475,469,533,2096,4034,631,771,727,712,565,910,1169,581,1079,667,916,1146,603,576,601,657,552,715,1263,854,511,1122,528,963
PLAYGROUND_BANDIT,401,459,361,470,665,734,359,378,412,402,409,638,631,4034,361,1380,401,2537,1488,636,917,584,411,527,604,568,463,467,472,665,423,544,500,595,612,591,470
PLAYGROUND_GRAPH_DENSITY,436,435,4034,516,319,341,441,365,256,244,270,724,771,361,4034,393,436,301,452,649,366,588,478,510,644,357,280,274,294,313,403,626,624,308,593,315,516
PLAYGROUND_INFORMATIVE_DIVERSE,470,461,393,569,455,463,350,411,471,475,486,742,727,1380,393,4034,470,1341,1281,642,688,620,495,556,658,515,471,503,490,460,473,630,493,438,630,436,569
PLAYGROUND_KCENTER_GREEDY,4034,579,436,480,398,374,277,552,274,270,275,704,712,401,436,470,4034,385,506,584,512,566,382,467,624,522,342,353,328,300,405,566,728,316,595,319,480
PLAYGROUND_MARGIN,385,433,301,427,821,1080,324,378,346,359,376,586,565,2537,301,1341,385,4034,1863,568,840,524,375,477,533,530,429,416,443,1005,419,468,431,760,514,747,427
PLAYGROUND_MIXTURE,506,455,452,589,655,775,389,445,346,356,387,895,910,1488,452,1281,506,1863,4034,852,692,706,441,598,754,530,460,459,500,683,457,704,579,563,753,533,589
PLAYGROUND_UNIFORM,584,575,649,855,519,566,507,557,416,413,442,1130,1169,636,649,642,584,568,852,4034,565,863,537,761,983,575,463,488,510,487,593,952,702,459,879,456,855
SKACTIVEML_COST_EMBEDDING,512,523,366,476,505,499,376,440,442,414,422,601,581,917,366,688,512,840,692,565,4034,528,442,512,604,658,486,482,482,488,426,529,539,494,566,502,476
SKACTIVEML_DAL,566,557,588,749,522,542,445,523,435,424,459,1090,1079,584,588,620,566,524,706,863,528,4034,578,706,882,527,514,524,552,458,642,838,655,460,902,463,749
SKACTIVEML_DWUS,382,526,478,436,430,468,471,410,387,393,445,631,667,411,478,495,382,375,441,537,442,578,4034,525,564,461,400,409,439,397,453,533,473,374,538,368,436
SKACTIVEML_QBC,467,466,510,646,449,489,445,448,369,377,424,881,916,527,510,556,467,477,598,761,512,706,525,4034,817,521,444,446,505,406,570,750,603,377,680,392,646
SKACTIVEML_QBC_VOTE_ENTROPY,624,563,644,779,498,544,515,540,412,417,448,1187,1146,604,644,658,624,533,754,983,604,882,564,817,4034,521,490,502,516,481,608,913,723,436,930,428,779
SKACTIVEML_QUIRE,522,652,357,443,450,450,389,559,385,379,376,609,603,568,357,515,522,530,530,575,658,527,461,521,521,4034,429,418,417,399,463,487,567,396,535,425,443
SKACTIVEML_US_ENTROPY,342,434,280,335,638,531,309,316,668,514,405,570,576,463,280,471,342,429,460,463,486,514,400,444,490,429,4034,3159,2968,481,386,383,419,578,456,755,335
SKACTIVEML_US_LC,353,453,274,350,751,548,304,315,487,662,455,584,601,467,274,503,353,416,459,488,482,524,409,446,502,418,3159,4034,3059,505,378,401,397,705,462,580,350
SKACTIVEML_US_MARGIN,328,450,294,390,587,757,334,325,426,457,646,625,657,472,294,490,328,443,500,510,482,552,439,505,516,417,2968,3059,4034,683,382,456,410,501,501,476,390
SMALLTEXT_BREAKINGTIES,300,424,313,347,941,1429,309,324,740,760,997,570,552,665,313,460,300,1005,683,487,488,458,397,406,481,399,481,505,683,4034,335,446,407,3015,475,2953,347
SMALLTEXT_CONTRASTIVEAL,405,487,403,482,413,395,436,488,310,330,324,678,715,423,403,473,405,419,457,593,426,642,453,570,608,463,386,378,382,335,4034,550,568,361,572,364,482
SMALLTEXT_EMBEDDINGKMEANS,566,528,626,809,447,502,601,506,364,366,419,1238,1263,544,626,630,566,468,704,952,529,838,533,750,913,487,383,401,456,446,550,4034,659,409,939,412,809
SMALLTEXT_GREEDYCORESET,728,628,624,618,451,455,397,565,352,336,348,823,854,500,624,493,728,431,579,702,539,655,473,603,723,567,419,397,410,407,568,659,4034,417,703,423,618
SMALLTEXT_LEASTCONFIDENCE,316,424,308,335,1436,917,290,320,854,1003,789,535,511,595,308,438,316,760,563,459,494,460,374,377,436,396,578,705,501,3015,361,409,417,4034,432,3128,335
SMALLTEXT_LIGHTWEIGHTCORESET,595,549,593,780,479,542,461,503,409,412,456,1108,1122,612,593,630,595,514,753,879,566,902,538,680,930,535,456,462,501,475,572,939,703,432,4034,430,780
SMALLTEXT_PREDICTIONENTROPY,319,454,315,321,1037,865,303,320,1035,875,777,530,528,591,315,436,319,747,533,456,502,463,368,392,428,425,755,580,476,2953,364,412,423,3128,430,4034,321
SMALLTEXT_RANDOM,480,395,516,4034,393,429,389,430,324,313,353,988,963,470,516,569,480,427,589,855,476,749,436,646,779,443,335,350,390,347,482,809,618,335,780,321,4034
