,ALIPY_CORESET_GREEDY,ALIPY_DENSITY_WEIGHTED,ALIPY_GRAPH_DENSITY,ALIPY_RANDOM,ALIPY_UNCERTAINTY_LC,ALIPY_UNCERTAINTY_MM,LIBACT_DWUS,LIBACT_QUIRE,LIBACT_UNCERTAINTY_ENT,LIBACT_UNCERTAINTY_LC,LIBACT_UNCERTAINTY_SM,OPTIMAL_GREEDY_10,OPTIMAL_GREEDY_20,PLAYGROUND_BANDIT,PLAYGROUND_GRAPH_DENSITY,PLAYGROUND_INFORMATIVE_DIVERSE,PLAYGROUND_KCENTER_GREEDY,PLAYGROUND_MARGIN,PLAYGROUND_MIXTURE,PLAYGROUND_UNIFORM,SKACTIVEML_COST_EMBEDDING,SKACTIVEML_DAL,SKACTIVEML_DWUS,SKACTIVEML_QBC,SKACTIVEML_QBC_VOTE_ENTROPY,SKACTIVEML_QUIRE,SKACTIVEML_US_ENTROPY,SKACTIVEML_US_LC,SKACTIVEML_US_MARGIN,SMALLTEXT_BREAKINGTIES,SMALLTEXT_CONTRASTIVEAL,SMALLTEXT_EMBEDDINGKMEANS,SMALLTEXT_GREEDYCORESET,SMALLTEXT_LEASTCONFIDENCE,SMALLTEXT_LIGHTWEIGHTCORESET,SMALLTEXT_PREDICTIONENTROPY,SMALLTEXT_RANDOM
ALIPY_CORESET_GREEDY,1.0,0.19335647000495787,0.030986613782845812,0.08329201784828955,0.030738720872583045,0.03148239960337134,0.013882002974714923,0.2778879524045612,0.027268220128904314,0.025037183936539417,0.026276648487853247,0.10634605850272683,0.11427863163113534,0.07907783837382251,0.030986613782845812,0.07164105106593951,1.0,0.04908279623202776,0.08304412493802678,0.10708973723351513,0.1301437778879524,0.13336638572136836,0.036440257808626676,0.11328705999008429,0.10560237977193852,0.15195835399107585,0.021566683192860685,0.022310361923648984,0.021318790282597918,0.023797719385225583,0.15691621219633117,0.11700545364402579,0.38274665344571146,0.023054040654437283,0.13510163609320774,0.02330193356470005,0.08329201784828955
ALIPY_DENSITY_WEIGHTED,0.19335647000495787,1.0,0.016608824987605353,0.030986613782845812,0.11998016856717898,0.12270699058006941,0.03594447198810114,0.2699553792761527,0.10461080813088745,0.10808130887456618,0.11204759543877045,0.06370847793753098,0.05800694100148736,0.10634605850272683,0.016608824987605353,0.13559742191373328,0.19335647000495787,0.11576598909271195,0.08329201784828955,0.05899851264253842,0.11874070401586515,0.08626673277144274,0.07833415964303421,0.06023797719385226,0.05999008428358949,0.20996529499256322,0.1271690629647992,0.12692117005453643,0.12840852751611304,0.09890927119484383,0.0961824491819534,0.056023797719385225,0.18691125433812594,0.10386712940009915,0.0850272682201289,0.10783341596430342,0.030986613782845812
ALIPY_GRAPH_DENSITY,0.030986613782845812,0.016608824987605353,1.0,0.06841844323252355,0.022310361923648984,0.02255825483391175,0.03991075855230541,0.03991075855230541,0.013882002974714923,0.013634110064452157,0.01412989588497769,0.08106098165592464,0.08006941001487357,0.030986613782845812,1.0,0.03222607833415964,0.030986613782845812,0.02181457610312345,0.028507684680218144,0.08626673277144274,0.06346058502726822,0.07461576598909271,0.060981655924640554,0.07064947942488845,0.09667823500247893,0.029747149231531978,0.00842835894893406,0.011155180961824492,0.011403073872087258,0.010163609320773426,0.061973227565691624,0.06370847793753098,0.04561229548834903,0.010163609320773426,0.06494794248884482,0.010659395141298959,0.06841844323252355
ALIPY_RANDOM,0.08329201784828955,0.030986613782845812,0.06841844323252355,1.0,0.052553296975706494,0.0532969757064948,0.059742191373326724,0.04015865146256817,0.02949925632126921,0.026276648487853247,0.027020327218641546,0.2528507684680218,0.251611303916708,0.12171541893901834,0.06841844323252355,0.0887456618740704,0.08329201784828955,0.05528011898859692,0.12146752602875557,0.25037183936539414,0.1368368864650471,0.19955379276152702,0.10932077342588002,0.19484382746653445,0.25780862667327714,0.04610808130887457,0.02751611303916708,0.02255825483391175,0.02478929102627665,0.02255825483391175,0.12444224095190877,0.1700545364402578,0.13559742191373328,0.022806147744174516,0.180466038671294,0.02330193356470005,1.0
ALIPY_UNCERTAINTY_LC,0.030738720872583045,0.11998016856717898,0.022310361923648984,0.052553296975706494,1.0,0.7476450173525038,0.03941497273177987,0.03445711452652454,0.17575607337630145,0.19162121963311848,0.1685671789786812,0.07511155180961825,0.06941001487357462,0.13287059990084282,0.022310361923648984,0.1670798215171046,0.030738720872583045,0.23252354982647497,0.11626177491323748,0.07040158651462568,0.11675756073376302,0.07213683688646505,0.07957362419434805,0.06593951412989589,0.07188894397620228,0.06321269211700545,0.17773921665840356,0.19856222112047595,0.180466038671294,0.23401090728805157,0.08403569657907783,0.05899851264253842,0.05924640555280119,0.33168071393158155,0.08403569657907783,0.23772930094199307,0.052553296975706494
ALIPY_UNCERTAINTY_MM,0.03148239960337134,0.12270699058006941,0.02255825483391175,0.0532969757064948,0.7476450173525038,1.0,0.0436291522062469,0.03445711452652454,0.16236985622211206,0.1715418939018344,0.19038175508180466,0.08230044620723848,0.07188894397620228,0.12915220624690135,0.02255825483391175,0.16732771442736738,0.03148239960337134,0.27565691621219635,0.14476945959345563,0.07015369360436291,0.11750123946455131,0.07659890927119484,0.07932573128408528,0.06569162121963312,0.0768468021814576,0.06246901338621715,0.1650966782350025,0.1819533961328706,0.19186911254338126,0.3292017848289539,0.07932573128408528,0.05751115518096182,0.05775904809122459,0.2352503718393654,0.08230044620723848,0.22235994050570154,0.0532969757064948
LIBACT_DWUS,0.013882002974714923,0.03594447198810114,0.03991075855230541,0.059742191373326724,0.03941497273177987,0.0436291522062469,1.0,0.02900347050074368,0.03966286564204264,0.03966286564204264,0.04090233019335647,0.0969261279127417,0.1065939514129896,0.05230540406544373,0.03991075855230541,0.062221120475954385,0.013882002974714923,0.03941497273177987,0.04561229548834903,0.0984134853743183,0.06693108577094695,0.07882994546355974,0.2181457610312345,0.12469013386217154,0.09444719881011403,0.07635101636093208,0.03445711452652454,0.030490827962320277,0.03619236489836391,0.03247397124442241,0.07907783837382251,0.26945959345562714,0.05280118988596926,0.029995042141794746,0.06643529995042141,0.036936043629152204,0.059742191373326724
LIBACT_QUIRE,0.2778879524045612,0.2699553792761527,0.03991075855230541,0.04015865146256817,0.03445711452652454,0.03445711452652454,0.02900347050074368,1.0,0.030738720872583045,0.027764005949429845,0.028011898859692613,0.07387208725830441,0.07932573128408528,0.05081804660386713,0.03991075855230541,0.0495785820525533,0.2778879524045612,0.027268220128904314,0.03594447198810114,0.06420426375805652,0.11056023797719385,0.10237977193852256,0.05081804660386713,0.08477937530986614,0.07635101636093208,0.2788795240456123,0.027268220128904314,0.03024293505205751,0.030490827962320277,0.02404561229548835,0.14303420922161625,0.06470004957858205,0.24690133862171543,0.023797719385225583,0.10312345066931086,0.02825979176995538,0.04015865146256817
LIBACT_UNCERTAINTY_ENT,0.027268220128904314,0.10461080813088745,0.013882002974714923,0.02949925632126921,0.17575607337630145,0.16236985622211206,0.03966286564204264,0.030738720872583045,1.0,0.7669806643529995,0.7389687654933069,0.0480912245909767,0.04610808130887457,0.08651462568170551,0.013882002974714923,0.11031234506693109,0.027268220128904314,0.12221120475954388,0.06693108577094695,0.05453644025780863,0.07188894397620228,0.04858701041150223,0.058254833911750126,0.04164600892414477,0.044868616757560736,0.04685176003966286,0.1960832920178483,0.16931085770946952,0.15865146256817056,0.17203767972235995,0.06494794248884482,0.04833911750123947,0.04784333168071393,0.18815071888943977,0.047595438770451165,0.21269211700545365,0.02949925632126921
LIBACT_UNCERTAINTY_LC,0.025037183936539417,0.10808130887456618,0.013634110064452157,0.026276648487853247,0.19162121963311848,0.1715418939018344,0.03966286564204264,0.027764005949429845,0.7669806643529995,1.0,0.7612791274169559,0.04462072384729797,0.046355974219137334,0.08304412493802678,0.013634110064452157,0.11155180961824492,0.025037183936539417,0.12865642042637582,0.06643529995042141,0.047595438770451165,0.07288051561725335,0.04610808130887457,0.06122954883490332,0.04313336638572137,0.04090233019335647,0.04784333168071393,0.1782350024789291,0.1906296479920674,0.17724343083787802,0.18368864650470995,0.04933068914229053,0.05280118988596926,0.04164600892414477,0.20649479424888448,0.044868616757560736,0.2072384729796728,0.026276648487853247
LIBACT_UNCERTAINTY_SM,0.026276648487853247,0.11204759543877045,0.01412989588497769,0.027020327218641546,0.1685671789786812,0.19038175508180466,0.04090233019335647,0.028011898859692613,0.7389687654933069,0.7612791274169559,1.0,0.05205751115518096,0.05428854734754586,0.0909766980664353,0.01412989588497769,0.12097174020823004,0.026276648487853247,0.13485374318294496,0.07560733763014378,0.051065939514129896,0.07436787307882994,0.05453644025780863,0.06246901338621715,0.04164600892414477,0.048834903321764996,0.04908279623202776,0.16311353495290035,0.17178978681209717,0.19533961328705998,0.2092216162617749,0.051065939514129896,0.059494298463063956,0.0480912245909767,0.18096182449181952,0.05453644025780863,0.1826970748636589,0.027020327218641546
OPTIMAL_GREEDY_10,0.10634605850272683,0.06370847793753098,0.08106098165592464,0.2528507684680218,0.07511155180961825,0.08230044620723848,0.0969261279127417,0.07387208725830441,0.0480912245909767,0.04462072384729797,0.05205751115518096,1.0,0.38646504709965296,0.1797223599405057,0.08106098165592464,0.13807635101636093,0.10634605850272683,0.08924144769459594,0.15716410510659395,0.3482895389191869,0.19533961328705998,0.2821021318790283,0.16584035696579078,0.26450173525037185,0.34655428854734754,0.08601883986117997,0.03891918691125434,0.043877045116509666,0.04933068914229053,0.04189390183440753,0.18096182449181952,0.24070401586514625,0.1849281110560238,0.03619236489836391,0.27689638076351014,0.0451165096678235,0.2528507684680218
OPTIMAL_GREEDY_20,0.11427863163113534,0.05800694100148736,0.08006941001487357,0.251611303916708,0.06941001487357462,0.07188894397620228,0.1065939514129896,0.07932573128408528,0.04610808130887457,0.046355974219137334,0.05428854734754586,0.38646504709965296,1.0,0.18096182449181952,0.08006941001487357,0.13361427863163114,0.11427863163113534,0.08180466038671294,0.15989092711948438,0.33886960832920177,0.1893901834407536,0.297223599405057,0.15691621219633117,0.2778879524045612,0.33564700049578583,0.08254833911750124,0.04115022310361924,0.04115022310361924,0.0480912245909767,0.0406544372830937,0.18691125433812594,0.23797719385225583,0.18963807635101637,0.033217649975210706,0.27987109568666335,0.0428854734754586,0.251611303916708
PLAYGROUND_BANDIT,0.07907783837382251,0.10634605850272683,0.030986613782845812,0.12171541893901834,0.13287059990084282,0.12915220624690135,0.05230540406544373,0.05081804660386713,0.08651462568170551,0.08304412493802678,0.0909766980664353,0.1797223599405057,0.18096182449181952,1.0,0.030986613782845812,0.41224590976698067,0.07907783837382251,0.3986117997025285,0.4727317798710957,0.18666336142786316,0.1797223599405057,0.18071393158155677,0.10163609320773426,0.12171541893901834,0.1722855726326227,0.07759048091224591,0.08775409023301933,0.0909766980664353,0.09072880515617253,0.08453148239960337,0.1294000991571641,0.14105106593951414,0.1271690629647992,0.08750619732275657,0.18616757560733763,0.0909766980664353,0.12171541893901834
PLAYGROUND_GRAPH_DENSITY,0.030986613782845812,0.016608824987605353,1.0,0.06841844323252355,0.022310361923648984,0.02255825483391175,0.03991075855230541,0.03991075855230541,0.013882002974714923,0.013634110064452157,0.01412989588497769,0.08106098165592464,0.08006941001487357,0.030986613782845812,1.0,0.03222607833415964,0.030986613782845812,0.02181457610312345,0.028507684680218144,0.08626673277144274,0.06346058502726822,0.07461576598909271,0.060981655924640554,0.07064947942488845,0.09667823500247893,0.029747149231531978,0.00842835894893406,0.011155180961824492,0.011403073872087258,0.010163609320773426,0.061973227565691624,0.06370847793753098,0.04561229548834903,0.010163609320773426,0.06494794248884482,0.010659395141298959,0.06841844323252355
PLAYGROUND_INFORMATIVE_DIVERSE,0.07164105106593951,0.13559742191373328,0.03222607833415964,0.0887456618740704,0.1670798215171046,0.16732771442736738,0.062221120475954385,0.0495785820525533,0.11031234506693109,0.11155180961824492,0.12097174020823004,0.13807635101636093,0.13361427863163114,0.41224590976698067,0.03222607833415964,1.0,0.07164105106593951,0.40803173029251366,0.36936043629152204,0.1308874566187407,0.16881507188894398,0.13782845810609817,0.10163609320773426,0.10386712940009915,0.13336638572136836,0.08626673277144274,0.11998016856717898,0.12146752602875557,0.12518591968269707,0.11750123946455131,0.12766484878532475,0.12816063460585028,0.11254338125929599,0.11006445215666832,0.1633614278631631,0.11998016856717898,0.0887456618740704
PLAYGROUND_KCENTER_GREEDY,1.0,0.19335647000495787,0.030986613782845812,0.08329201784828955,0.030738720872583045,0.03148239960337134,0.013882002974714923,0.2778879524045612,0.027268220128904314,0.025037183936539417,0.026276648487853247,0.10634605850272683,0.11427863163113534,0.07907783837382251,0.030986613782845812,0.07164105106593951,1.0,0.04908279623202776,0.08304412493802678,0.10708973723351513,0.1301437778879524,0.13336638572136836,0.036440257808626676,0.11328705999008429,0.10560237977193852,0.15195835399107585,0.021566683192860685,0.022310361923648984,0.021318790282597918,0.023797719385225583,0.15691621219633117,0.11700545364402579,0.38274665344571146,0.023054040654437283,0.13510163609320774,0.02330193356470005,0.08329201784828955
PLAYGROUND_MARGIN,0.04908279623202776,0.11576598909271195,0.02181457610312345,0.05528011898859692,0.23252354982647497,0.27565691621219635,0.03941497273177987,0.027268220128904314,0.12221120475954388,0.12865642042637582,0.13485374318294496,0.08924144769459594,0.08180466038671294,0.3986117997025285,0.02181457610312345,0.40803173029251366,0.04908279623202776,1.0,0.5022310361923649,0.07436787307882994,0.12097174020823004,0.08527516113039167,0.07734258800198314,0.06346058502726822,0.08081308874566187,0.060981655924640554,0.12816063460585028,0.13287059990084282,0.131631135349529,0.22012890431333665,0.08775409023301933,0.08254833911750124,0.06395637084779375,0.1745166088249876,0.10237977193852256,0.16955875061973227,0.05528011898859692
PLAYGROUND_MIXTURE,0.08304412493802678,0.08329201784828955,0.028507684680218144,0.12146752602875557,0.11626177491323748,0.14476945959345563,0.04561229548834903,0.03594447198810114,0.06693108577094695,0.06643529995042141,0.07560733763014378,0.15716410510659395,0.15989092711948438,0.4727317798710957,0.028507684680218144,0.36936043629152204,0.08304412493802678,0.5022310361923649,1.0,0.15691621219633117,0.14402578086266732,0.14551313832424392,0.07858205255329698,0.0999008428358949,0.1487357461576599,0.06370847793753098,0.06519583539910759,0.06891422905304909,0.07164105106593951,0.09568666336142786,0.11700545364402579,0.1301437778879524,0.11576598909271195,0.07387208725830441,0.1685671789786812,0.07783837382250867,0.12146752602875557
PLAYGROUND_UNIFORM,0.10708973723351513,0.05899851264253842,0.08626673277144274,0.25037183936539414,0.07040158651462568,0.07015369360436291,0.0984134853743183,0.06420426375805652,0.05453644025780863,0.047595438770451165,0.051065939514129896,0.3482895389191869,0.33886960832920177,0.18666336142786316,0.08626673277144274,0.1308874566187407,0.10708973723351513,0.07436787307882994,0.15691621219633117,1.0,0.19533961328705998,0.29697570649479427,0.17947446703024295,0.25483391175012393,0.36192364898363905,0.07337630143777887,0.03594447198810114,0.034209221616261776,0.04610808130887457,0.03520079325731284,0.18988596926127913,0.23549826474962815,0.18542389687654934,0.027020327218641546,0.26945959345562714,0.03991075855230541,0.25037183936539414
SKACTIVEML_COST_EMBEDDING,0.1301437778879524,0.11874070401586515,0.06346058502726822,0.1368368864650471,0.11675756073376302,0.11750123946455131,0.06693108577094695,0.11056023797719385,0.07188894397620228,0.07288051561725335,0.07436787307882994,0.19533961328705998,0.1893901834407536,0.1797223599405057,0.06346058502726822,0.16881507188894398,0.1301437778879524,0.12097174020823004,0.14402578086266732,0.19533961328705998,1.0,0.17724343083787802,0.11403073872087258,0.15220624690133863,0.17997025285076848,0.13411006445215667,0.06296479920674268,0.06073376301437779,0.062221120475954385,0.05899851264253842,0.17724343083787802,0.1308874566187407,0.20128904313336637,0.06147744174516609,0.20451165096678234,0.062221120475954385,0.1368368864650471
SKACTIVEML_DAL,0.13336638572136836,0.08626673277144274,0.07461576598909271,0.19955379276152702,0.07213683688646505,0.07659890927119484,0.07882994546355974,0.10237977193852256,0.04858701041150223,0.04610808130887457,0.05453644025780863,0.2821021318790283,0.297223599405057,0.18071393158155677,0.07461576598909271,0.13782845810609817,0.13336638572136836,0.08527516113039167,0.14551313832424392,0.29697570649479427,0.17724343083787802,1.0,0.14179474467030243,0.21864154685176004,0.29796727813584534,0.10237977193852256,0.04610808130887457,0.043877045116509666,0.049826474962816066,0.040406544372830935,0.20971740208230044,0.21021318790282598,0.17997025285076848,0.035448686167575606,0.2952404561229549,0.04238968765493307,0.19955379276152702
SKACTIVEML_DWUS,0.036440257808626676,0.07833415964303421,0.060981655924640554,0.10932077342588002,0.07957362419434805,0.07932573128408528,0.2181457610312345,0.05081804660386713,0.058254833911750126,0.06122954883490332,0.06246901338621715,0.16584035696579078,0.15691621219633117,0.10163609320773426,0.060981655924640554,0.10163609320773426,0.036440257808626676,0.07734258800198314,0.07858205255329698,0.17947446703024295,0.11403073872087258,0.14179474467030243,1.0,0.17501239464551313,0.17302925136341102,0.08651462568170551,0.06420426375805652,0.062221120475954385,0.062221120475954385,0.04908279623202776,0.11948438274665345,0.20475954387704512,0.0984134853743183,0.04784333168071393,0.11750123946455131,0.05453644025780863,0.10932077342588002
SKACTIVEML_QBC,0.11328705999008429,0.06023797719385226,0.07064947942488845,0.19484382746653445,0.06593951412989589,0.06569162121963312,0.12469013386217154,0.08477937530986614,0.04164600892414477,0.04313336638572137,0.04164600892414477,0.26450173525037185,0.2778879524045612,0.12171541893901834,0.07064947942488845,0.10386712940009915,0.11328705999008429,0.06346058502726822,0.0999008428358949,0.25483391175012393,0.15220624690133863,0.21864154685176004,0.17501239464551313,1.0,0.27937530986613784,0.10684184432325236,0.04115022310361924,0.04189390183440753,0.044868616757560736,0.040406544372830935,0.17922657411998016,0.2270699058006941,0.1760039662865642,0.03867129400099157,0.21591472483886961,0.0443728309370352,0.19484382746653445
SKACTIVEML_QBC_VOTE_ENTROPY,0.10560237977193852,0.05999008428358949,0.09667823500247893,0.25780862667327714,0.07188894397620228,0.0768468021814576,0.09444719881011403,0.07635101636093208,0.044868616757560736,0.04090233019335647,0.048834903321764996,0.34655428854734754,0.33564700049578583,0.1722855726326227,0.09667823500247893,0.13336638572136836,0.10560237977193852,0.08081308874566187,0.1487357461576599,0.36192364898363905,0.17997025285076848,0.29796727813584534,0.17302925136341102,0.27937530986613784,1.0,0.0805651958353991,0.04238968765493307,0.0428854734754586,0.044124938026772434,0.032969757064947945,0.1938522558254834,0.2278135845314824,0.1886465047099653,0.03396132870599901,0.2736737729300942,0.044124938026772434,0.25780862667327714
SKACTIVEML_QUIRE,0.15195835399107585,0.20996529499256322,0.029747149231531978,0.04610808130887457,0.06321269211700545,0.06246901338621715,0.07635101636093208,0.2788795240456123,0.04685176003966286,0.04784333168071393,0.04908279623202776,0.08601883986117997,0.08254833911750124,0.07759048091224591,0.029747149231531978,0.08626673277144274,0.15195835399107585,0.060981655924640554,0.06370847793753098,0.07337630143777887,0.13411006445215667,0.10237977193852256,0.08651462568170551,0.10684184432325236,0.0805651958353991,1.0,0.056023797719385225,0.05081804660386713,0.054784333168071395,0.0421417947446703,0.1797223599405057,0.06767476450173525,0.21244422409519087,0.03991075855230541,0.10237977193852256,0.043877045116509666,0.04610808130887457
SKACTIVEML_US_ENTROPY,0.021566683192860685,0.1271690629647992,0.00842835894893406,0.02751611303916708,0.17773921665840356,0.1650966782350025,0.03445711452652454,0.027268220128904314,0.1960832920178483,0.1782350024789291,0.16311353495290035,0.03891918691125434,0.04115022310361924,0.08775409023301933,0.00842835894893406,0.11998016856717898,0.021566683192860685,0.12816063460585028,0.06519583539910759,0.03594447198810114,0.06296479920674268,0.04610808130887457,0.06420426375805652,0.04115022310361924,0.04238968765493307,0.056023797719385225,1.0,0.7764005949429846,0.7508676251859197,0.13981160138820029,0.06073376301437779,0.0451165096678235,0.047595438770451165,0.16559246405552802,0.051313832424392664,0.19335647000495787,0.02751611303916708
SKACTIVEML_US_LC,0.022310361923648984,0.12692117005453643,0.011155180961824492,0.02255825483391175,0.19856222112047595,0.1819533961328706,0.030490827962320277,0.03024293505205751,0.16931085770946952,0.1906296479920674,0.17178978681209717,0.043877045116509666,0.04115022310361924,0.0909766980664353,0.011155180961824492,0.12146752602875557,0.022310361923648984,0.13287059990084282,0.06891422905304909,0.034209221616261776,0.06073376301437779,0.043877045116509666,0.062221120475954385,0.04189390183440753,0.0428854734754586,0.05081804660386713,0.7764005949429846,1.0,0.7657411998016856,0.1479920674268716,0.056023797719385225,0.044124938026772434,0.043877045116509666,0.18145761031234506,0.053544868616757564,0.18096182449181952,0.02255825483391175
SKACTIVEML_US_MARGIN,0.021318790282597918,0.12840852751611304,0.011403073872087258,0.02478929102627665,0.180466038671294,0.19186911254338126,0.03619236489836391,0.030490827962320277,0.15865146256817056,0.17724343083787802,0.19533961328705998,0.04933068914229053,0.0480912245909767,0.09072880515617253,0.011403073872087258,0.12518591968269707,0.021318790282597918,0.131631135349529,0.07164105106593951,0.04610808130887457,0.062221120475954385,0.049826474962816066,0.062221120475954385,0.044868616757560736,0.044124938026772434,0.054784333168071395,0.7508676251859197,0.7657411998016856,1.0,0.1700545364402578,0.051313832424392664,0.05007436787307883,0.04338125929598413,0.15195835399107585,0.05751115518096182,0.16460089241447695,0.02478929102627665
SMALLTEXT_BREAKINGTIES,0.023797719385225583,0.09890927119484383,0.010163609320773426,0.02255825483391175,0.23401090728805157,0.3292017848289539,0.03247397124442241,0.02404561229548835,0.17203767972235995,0.18368864650470995,0.2092216162617749,0.04189390183440753,0.0406544372830937,0.08453148239960337,0.010163609320773426,0.11750123946455131,0.023797719385225583,0.22012890431333665,0.09568666336142786,0.03520079325731284,0.05899851264253842,0.040406544372830935,0.04908279623202776,0.040406544372830935,0.032969757064947945,0.0421417947446703,0.13981160138820029,0.1479920674268716,0.1700545364402578,1.0,0.0436291522062469,0.04462072384729797,0.035448686167575606,0.7434308378780367,0.04933068914229053,0.7347545860188398,0.02255825483391175
SMALLTEXT_CONTRASTIVEAL,0.15691621219633117,0.0961824491819534,0.061973227565691624,0.12444224095190877,0.08403569657907783,0.07932573128408528,0.07907783837382251,0.14303420922161625,0.06494794248884482,0.04933068914229053,0.051065939514129896,0.18096182449181952,0.18691125433812594,0.1294000991571641,0.061973227565691624,0.12766484878532475,0.15691621219633117,0.08775409023301933,0.11700545364402579,0.18988596926127913,0.17724343083787802,0.20971740208230044,0.11948438274665345,0.17922657411998016,0.1938522558254834,0.1797223599405057,0.06073376301437779,0.056023797719385225,0.051313832424392664,0.0436291522062469,1.0,0.14848785324739713,0.2322756569162122,0.047595438770451165,0.214427367377293,0.057263262270699056,0.12444224095190877
SMALLTEXT_EMBEDDINGKMEANS,0.11700545364402579,0.056023797719385225,0.06370847793753098,0.1700545364402578,0.05899851264253842,0.05751115518096182,0.26945959345562714,0.06470004957858205,0.04833911750123947,0.05280118988596926,0.059494298463063956,0.24070401586514625,0.23797719385225583,0.14105106593951414,0.06370847793753098,0.12816063460585028,0.11700545364402579,0.08254833911750124,0.1301437778879524,0.23549826474962815,0.1308874566187407,0.21021318790282598,0.20475954387704512,0.2270699058006941,0.2278135845314824,0.06767476450173525,0.0451165096678235,0.044124938026772434,0.05007436787307883,0.04462072384729797,0.14848785324739713,1.0,0.1871591472483887,0.03991075855230541,0.20798215171046108,0.046355974219137334,0.1700545364402578
SMALLTEXT_GREEDYCORESET,0.38274665344571146,0.18691125433812594,0.04561229548834903,0.13559742191373328,0.05924640555280119,0.05775904809122459,0.05280118988596926,0.24690133862171543,0.04784333168071393,0.04164600892414477,0.0480912245909767,0.1849281110560238,0.18963807635101637,0.1271690629647992,0.04561229548834903,0.11254338125929599,0.38274665344571146,0.06395637084779375,0.11576598909271195,0.18542389687654934,0.20128904313336637,0.17997025285076848,0.0984134853743183,0.1760039662865642,0.1886465047099653,0.21244422409519087,0.047595438770451165,0.043877045116509666,0.04338125929598413,0.035448686167575606,0.2322756569162122,0.1871591472483887,1.0,0.03346554288547347,0.2114526524541398,0.03891918691125434,0.13559742191373328
SMALLTEXT_LEASTCONFIDENCE,0.023054040654437283,0.10386712940009915,0.010163609320773426,0.022806147744174516,0.33168071393158155,0.2352503718393654,0.029995042141794746,0.023797719385225583,0.18815071888943977,0.20649479424888448,0.18096182449181952,0.03619236489836391,0.033217649975210706,0.08750619732275657,0.010163609320773426,0.11006445215666832,0.023054040654437283,0.1745166088249876,0.07387208725830441,0.027020327218641546,0.06147744174516609,0.035448686167575606,0.04784333168071393,0.03867129400099157,0.03396132870599901,0.03991075855230541,0.16559246405552802,0.18145761031234506,0.15195835399107585,0.7434308378780367,0.047595438770451165,0.03991075855230541,0.03346554288547347,1.0,0.044868616757560736,0.7583044124938026,0.022806147744174516
SMALLTEXT_LIGHTWEIGHTCORESET,0.13510163609320774,0.0850272682201289,0.06494794248884482,0.180466038671294,0.08403569657907783,0.08230044620723848,0.06643529995042141,0.10312345066931086,0.047595438770451165,0.044868616757560736,0.05453644025780863,0.27689638076351014,0.27987109568666335,0.18616757560733763,0.06494794248884482,0.1633614278631631,0.13510163609320774,0.10237977193852256,0.1685671789786812,0.26945959345562714,0.20451165096678234,0.2952404561229549,0.11750123946455131,0.21591472483886961,0.2736737729300942,0.10237977193852256,0.051313832424392664,0.053544868616757564,0.05751115518096182,0.04933068914229053,0.214427367377293,0.20798215171046108,0.2114526524541398,0.044868616757560736,1.0,0.0443728309370352,0.180466038671294
SMALLTEXT_PREDICTIONENTROPY,0.02330193356470005,0.10783341596430342,0.010659395141298959,0.02330193356470005,0.23772930094199307,0.22235994050570154,0.036936043629152204,0.02825979176995538,0.21269211700545365,0.2072384729796728,0.1826970748636589,0.0451165096678235,0.0428854734754586,0.0909766980664353,0.010659395141298959,0.11998016856717898,0.02330193356470005,0.16955875061973227,0.07783837382250867,0.03991075855230541,0.062221120475954385,0.04238968765493307,0.05453644025780863,0.0443728309370352,0.044124938026772434,0.043877045116509666,0.19335647000495787,0.18096182449181952,0.16460089241447695,0.7347545860188398,0.057263262270699056,0.046355974219137334,0.03891918691125434,0.7583044124938026,0.0443728309370352,1.0,0.02330193356470005
SMALLTEXT_RANDOM,0.08329201784828955,0.030986613782845812,0.06841844323252355,1.0,0.052553296975706494,0.0532969757064948,0.059742191373326724,0.04015865146256817,0.02949925632126921,0.026276648487853247,0.027020327218641546,0.2528507684680218,0.251611303916708,0.12171541893901834,0.06841844323252355,0.0887456618740704,0.08329201784828955,0.05528011898859692,0.12146752602875557,0.25037183936539414,0.1368368864650471,0.19955379276152702,0.10932077342588002,0.19484382746653445,0.25780862667327714,0.04610808130887457,0.02751611303916708,0.02255825483391175,0.02478929102627665,0.02255825483391175,0.12444224095190877,0.1700545364402578,0.13559742191373328,0.022806147744174516,0.180466038671294,0.02330193356470005,1.0
