,ALIPY_CORESET_GREEDY,ALIPY_DENSITY_WEIGHTED,ALIPY_GRAPH_DENSITY,ALIPY_RANDOM,ALIPY_UNCERTAINTY_LC,ALIPY_UNCERTAINTY_MM,LIBACT_DWUS,LIBACT_QUIRE,LIBACT_UNCERTAINTY_ENT,LIBACT_UNCERTAINTY_LC,LIBACT_UNCERTAINTY_SM,OPTIMAL_GREEDY_10,OPTIMAL_GREEDY_20,PLAYGROUND_BANDIT,PLAYGROUND_GRAPH_DENSITY,PLAYGROUND_INFORMATIVE_DIVERSE,PLAYGROUND_KCENTER_GREEDY,PLAYGROUND_MARGIN,PLAYGROUND_MIXTURE,PLAYGROUND_UNIFORM,SKACTIVEML_COST_EMBEDDING,SKACTIVEML_DAL,SKACTIVEML_DWUS,SKACTIVEML_QBC,SKACTIVEML_QBC_VOTE_ENTROPY,SKACTIVEML_QUIRE,SKACTIVEML_US_ENTROPY,SKACTIVEML_US_LC,SKACTIVEML_US_MARGIN,SMALLTEXT_BREAKINGTIES,SMALLTEXT_CONTRASTIVEAL,SMALLTEXT_EMBEDDINGKMEANS,SMALLTEXT_GREEDYCORESET,SMALLTEXT_LEASTCONFIDENCE,SMALLTEXT_LIGHTWEIGHTCORESET,SMALLTEXT_PREDICTIONENTROPY,SMALLTEXT_RANDOM
ALIPY_CORESET_GREEDY,1.0,0.07064947942488845,0.0473475458601884,0.044868616757560736,0.04685176003966286,0.0466038671294001,0.060981655924640554,0.07064947942488845,0.03445711452652454,0.033217649975210706,0.031234506693108576,0.07535944471988101,0.06643529995042141,0.05503222607833416,0.04709965294992563,0.05701536936043629,0.9868616757560734,0.048834903321764996,0.05280118988596926,0.06965790778383739,0.06569162121963312,0.06866633614278632,0.07064947942488845,0.07139315815567675,0.07114526524541398,0.060981655924640554,0.02949925632126921,0.031978185423896875,0.028507684680218144,0.030986613782845812,0.06593951412989589,0.07188894397620228,0.09667823500247893,0.03222607833415964,0.07213683688646505,0.03396132870599901,0.04462072384729797
ALIPY_DENSITY_WEIGHTED,0.07064947942488845,1.0,0.06395637084779375,0.05280118988596926,0.13187902825979178,0.1294000991571641,0.16559246405552802,0.16410510659395142,0.07957362419434805,0.09048091224590976,0.08453148239960337,0.1487357461576599,0.15567674764501735,0.1893901834407536,0.06420426375805652,0.18393653941497273,0.07188894397620228,0.15344571145265246,0.15443728309370353,0.15815567674764502,0.19509172037679723,0.17947446703024295,0.19905800694100148,0.15964303420922163,0.16410510659395142,0.19732275656916212,0.09444719881011403,0.08924144769459594,0.09196826970748637,0.08254833911750124,0.1849281110560238,0.16955875061973227,0.16881507188894398,0.0857709469509172,0.15865146256817056,0.0961824491819534,0.053792761527020325
ALIPY_GRAPH_DENSITY,0.0473475458601884,0.06395637084779375,1.0,0.0518096182449182,0.04561229548834903,0.0495785820525533,0.0835399107585523,0.06470004957858205,0.031234506693108576,0.029747149231531978,0.032969757064947945,0.08329201784828955,0.08403569657907783,0.061973227565691624,0.9942984630639564,0.06122954883490332,0.05280118988596926,0.04833911750123947,0.05676747645017353,0.08031730292513634,0.06792265741199802,0.08081308874566187,0.07535944471988101,0.07610312345066932,0.07957362419434805,0.06841844323252355,0.02825979176995538,0.030738720872583045,0.03222607833415964,0.03024293505205751,0.06817055032226078,0.08006941001487357,0.08230044620723848,0.027764005949429845,0.08006941001487357,0.028507684680218144,0.051313832424392664
ALIPY_RANDOM,0.044868616757560736,0.05280118988596926,0.0518096182449182,1.0,0.04115022310361924,0.04015865146256817,0.06370847793753098,0.057263262270699056,0.03173029251363411,0.03371343579573624,0.03520079325731284,0.08155676747645017,0.07709469509172037,0.054784333168071395,0.05428854734754586,0.05503222607833416,0.05156172533465543,0.04709965294992563,0.0495785820525533,0.07436787307882994,0.06519583539910759,0.07535944471988101,0.06990580069410014,0.07759048091224591,0.08006941001487357,0.06048587010411502,0.029251363411006447,0.031978185423896875,0.03495290034705007,0.027764005949429845,0.06147744174516609,0.07882994546355974,0.06841844323252355,0.02454139811601388,0.07288051561725335,0.025780862667327716,0.9947942488844819
ALIPY_UNCERTAINTY_LC,0.04685176003966286,0.13187902825979178,0.04561229548834903,0.04115022310361924,1.0,0.7340109072880515,0.07858205255329698,0.07511155180961825,0.0984134853743183,0.11229548834903322,0.09072880515617253,0.08701041150223103,0.08106098165592464,0.11750123946455131,0.04933068914229053,0.12369856222112048,0.05552801189885969,0.16212196331184928,0.12592959841348536,0.09271194843827467,0.12171541893901834,0.09444719881011403,0.10956866633614279,0.08378780366881507,0.08527516113039167,0.10733763014377788,0.10386712940009915,0.11551809618244918,0.0946950917203768,0.14377788795240456,0.08403569657907783,0.0887456618740704,0.08775409023301933,0.23252354982647497,0.090233019335647,0.15592464055528013,0.040406544372830935
ALIPY_UNCERTAINTY_MM,0.0466038671294001,0.1294000991571641,0.0495785820525533,0.04015865146256817,0.7340109072880515,1.0,0.08081308874566187,0.07337630143777887,0.08403569657907783,0.0850272682201289,0.10981655924640556,0.08527516113039167,0.08254833911750124,0.11774913237481408,0.05304908279623203,0.1256817055032226,0.05404065443728309,0.20401586514625683,0.14303420922161625,0.08824987605354487,0.12692117005453643,0.0894893406048587,0.11031234506693109,0.0850272682201289,0.07982151710461081,0.09965294992563213,0.08701041150223103,0.090233019335647,0.10585027268220129,0.2248388696083292,0.08651462568170551,0.08676251859196826,0.0909766980664353,0.14303420922161625,0.07535944471988101,0.1360932077342588,0.03891918691125434
LIBACT_DWUS,0.060981655924640554,0.16559246405552802,0.0835399107585523,0.06370847793753098,0.07858205255329698,0.08081308874566187,1.0,0.19335647000495787,0.058254833911750126,0.05230540406544373,0.05577590480912246,0.18517600396628656,0.20004957858205255,0.14105106593951414,0.0857709469509172,0.13857213683688646,0.06717897868120971,0.11229548834903322,0.1249380267724343,0.1943480416460089,0.17104610808130888,0.18666336142786316,0.20104115022310362,0.20847793753098662,0.1931085770946951,0.17278135845314824,0.0532969757064948,0.0518096182449182,0.058254833911750126,0.056023797719385225,0.1864154685176004,0.2107089737233515,0.1901338621715419,0.0480912245909767,0.18666336142786316,0.05205751115518096,0.06296479920674268
LIBACT_QUIRE,0.07064947942488845,0.16410510659395142,0.06470004957858205,0.057263262270699056,0.07511155180961825,0.07337630143777887,0.19335647000495787,1.0,0.05651958353991076,0.05081804660386713,0.04784333168071393,0.18319286068418444,0.18393653941497273,0.1420426375805652,0.06494794248884482,0.1368368864650471,0.07312840852751612,0.10634605850272683,0.10783341596430342,0.18963807635101637,0.16534457114526524,0.1849281110560238,0.1797223599405057,0.17674764501735252,0.1943480416460089,0.17922657411998016,0.05280118988596926,0.050322260783341594,0.0480912245909767,0.041398116013882005,0.1983143282102132,0.18691125433812594,0.18244918195339613,0.0428854734754586,0.17773921665840356,0.0473475458601884,0.05701536936043629
LIBACT_UNCERTAINTY_ENT,0.03445711452652454,0.07957362419434805,0.031234506693108576,0.03173029251363411,0.0984134853743183,0.08403569657907783,0.058254833911750126,0.05651958353991076,1.0,0.7573128408527516,0.7384729796727814,0.07089737233515121,0.06321269211700545,0.08378780366881507,0.03520079325731284,0.09072880515617253,0.0436291522062469,0.07535944471988101,0.06742687159147248,0.06470004957858205,0.0909766980664353,0.07288051561725335,0.07858205255329698,0.06544372830937036,0.06841844323252355,0.07560733763014378,0.10708973723351513,0.09295984134853744,0.07907783837382251,0.08006941001487357,0.06742687159147248,0.06668319286068418,0.07436787307882994,0.08750619732275657,0.059494298463063956,0.10981655924640556,0.030986613782845812
LIBACT_UNCERTAINTY_LC,0.033217649975210706,0.09048091224590976,0.029747149231531978,0.03371343579573624,0.11229548834903322,0.0850272682201289,0.05230540406544373,0.05081804660386713,0.7573128408527516,1.0,0.7540902330193356,0.07411998016856718,0.07040158651462568,0.09271194843827467,0.03371343579573624,0.09568666336142786,0.04164600892414477,0.07387208725830441,0.07560733763014378,0.06073376301437779,0.09370352007932573,0.07808626673277144,0.08155676747645017,0.06048587010411502,0.06841844323252355,0.06817055032226078,0.09965294992563213,0.11155180961824492,0.09345562716906297,0.08279623202776401,0.06618740704015866,0.06445215666831929,0.06916212196331185,0.10411502231036192,0.062221120475954385,0.10213187902825979,0.03272186415468518
LIBACT_UNCERTAINTY_SM,0.031234506693108576,0.08453148239960337,0.032969757064947945,0.03520079325731284,0.09072880515617253,0.10981655924640556,0.05577590480912246,0.04784333168071393,0.7384729796727814,0.7540902330193356,1.0,0.07833415964303421,0.06891422905304909,0.09419930589985126,0.03668815071888944,0.09419930589985126,0.03867129400099157,0.08676251859196826,0.07511155180961825,0.06841844323252355,0.0894893406048587,0.07387208725830441,0.08205255329697571,0.06445215666831929,0.07064947942488845,0.06990580069410014,0.0917203767972236,0.09444719881011403,0.1065939514129896,0.10064452156668319,0.062221120475954385,0.06643529995042141,0.06965790778383739,0.09271194843827467,0.06073376301437779,0.09295984134853744,0.03495290034705007
OPTIMAL_GREEDY_10,0.07535944471988101,0.1487357461576599,0.08329201784828955,0.08155676747645017,0.08701041150223103,0.08527516113039167,0.18517600396628656,0.18319286068418444,0.07089737233515121,0.07411998016856718,0.07833415964303421,1.0,0.23351512146752604,0.15642042637580567,0.08701041150223103,0.15146256817055032,0.08527516113039167,0.11303916707982152,0.13138324243926625,0.2094695091720377,0.17947446703024295,0.2020327218641547,0.19856222112047595,0.19732275656916212,0.20054536440257809,0.17104610808130888,0.07015369360436291,0.06569162121963312,0.07263262270699058,0.06172533465542886,0.17352503718393653,0.20426375805651958,0.1906296479920674,0.05924640555280119,0.1856717897868121,0.06544372830937036,0.08081308874566187
OPTIMAL_GREEDY_20,0.06643529995042141,0.15567674764501735,0.08403569657907783,0.07709469509172037,0.08106098165592464,0.08254833911750124,0.20004957858205255,0.18393653941497273,0.06321269211700545,0.07040158651462568,0.06891422905304909,0.23351512146752604,1.0,0.16236985622211206,0.0872583044124938,0.15642042637580567,0.07610312345066932,0.11998016856717898,0.1256817055032226,0.20525532969757065,0.18096182449181952,0.20029747149231533,0.18616757560733763,0.2072384729796728,0.21616261774913237,0.17278135845314824,0.062221120475954385,0.07040158651462568,0.06593951412989589,0.05627169062964799,0.1819533961328706,0.19657907783837383,0.19881011403073873,0.053792761527020325,0.2114526524541398,0.05552801189885969,0.0768468021814576
PLAYGROUND_BANDIT,0.05503222607833416,0.1893901834407536,0.061973227565691624,0.054784333168071395,0.11750123946455131,0.11774913237481408,0.14105106593951414,0.1420426375805652,0.08378780366881507,0.09271194843827467,0.09419930589985126,0.15642042637580567,0.16236985622211206,1.0,0.06593951412989589,0.3728309370352008,0.06519583539910759,0.3710956866633614,0.330193356470005,0.1517104610808131,0.19112543381259295,0.15468517600396628,0.17476450173525038,0.1591472483886961,0.1626177491323748,0.16534457114526524,0.09196826970748637,0.09444719881011403,0.09419930589985126,0.0857709469509172,0.14923153197818542,0.15195835399107585,0.16212196331184928,0.07907783837382251,0.1517104610808131,0.0850272682201289,0.05428854734754586
PLAYGROUND_GRAPH_DENSITY,0.04709965294992563,0.06420426375805652,0.9942984630639564,0.05428854734754586,0.04933068914229053,0.05304908279623203,0.0857709469509172,0.06494794248884482,0.03520079325731284,0.03371343579573624,0.03668815071888944,0.08701041150223103,0.0872583044124938,0.06593951412989589,1.0,0.06470004957858205,0.05701536936043629,0.05205751115518096,0.060981655924640554,0.08378780366881507,0.07164105106593951,0.0835399107585523,0.07858205255329698,0.07808626673277144,0.08304412493802678,0.07015369360436291,0.03173029251363411,0.03445711452652454,0.036440257808626676,0.03371343579573624,0.06916212196331185,0.08254833911750124,0.08651462568170551,0.029995042141794746,0.08180466038671294,0.030738720872583045,0.053544868616757564
PLAYGROUND_INFORMATIVE_DIVERSE,0.05701536936043629,0.18393653941497273,0.06122954883490332,0.05503222607833416,0.12369856222112048,0.1256817055032226,0.13857213683688646,0.1368368864650471,0.09072880515617253,0.09568666336142786,0.09419930589985126,0.15146256817055032,0.15642042637580567,0.3728309370352008,0.06470004957858205,1.0,0.06643529995042141,0.32771442736737727,0.3106098165592464,0.15220624690133863,0.19633118492811105,0.1685671789786812,0.16931085770946952,0.14303420922161625,0.15642042637580567,0.17129400099157163,0.08899355478433317,0.09519087754090233,0.09196826970748637,0.08205255329697571,0.14551313832424392,0.1517104610808131,0.14898363906792267,0.08254833911750124,0.14898363906792267,0.0894893406048587,0.05453644025780863
PLAYGROUND_KCENTER_GREEDY,0.9868616757560734,0.07188894397620228,0.05280118988596926,0.05156172533465543,0.05552801189885969,0.05404065443728309,0.06717897868120971,0.07312840852751612,0.0436291522062469,0.04164600892414477,0.03867129400099157,0.08527516113039167,0.07610312345066932,0.06519583539910759,0.05701536936043629,0.06643529995042141,1.0,0.05850272682201289,0.062221120475954385,0.07808626673277144,0.07486365889935548,0.07783837382250867,0.07833415964303421,0.07783837382250867,0.08006941001487357,0.06643529995042141,0.03718393653941497,0.0406544372830937,0.03619236489836391,0.03867129400099157,0.06916212196331185,0.08081308874566187,0.10609816559246406,0.0384234010907288,0.07858205255329698,0.03991075855230541,0.051313832424392664
PLAYGROUND_MARGIN,0.048834903321764996,0.15344571145265246,0.04833911750123947,0.04709965294992563,0.16212196331184928,0.20401586514625683,0.11229548834903322,0.10634605850272683,0.07535944471988101,0.07387208725830441,0.08676251859196826,0.11303916707982152,0.11998016856717898,0.3710956866633614,0.05205751115518096,0.32771442736737727,0.05850272682201289,1.0,0.47917699553792764,0.12692117005453643,0.1628656420426376,0.12146752602875557,0.14030738720872582,0.11328705999008429,0.12270699058006941,0.1368368864650471,0.0835399107585523,0.08676251859196826,0.08701041150223103,0.16311353495290035,0.11353495290034706,0.10783341596430342,0.11799702528507684,0.12469013386217154,0.10138820029747149,0.11700545364402579,0.04685176003966286
PLAYGROUND_MIXTURE,0.05280118988596926,0.15443728309370353,0.05676747645017353,0.0495785820525533,0.12592959841348536,0.14303420922161625,0.1249380267724343,0.10783341596430342,0.06742687159147248,0.07560733763014378,0.07511155180961825,0.13138324243926625,0.1256817055032226,0.330193356470005,0.060981655924640554,0.3106098165592464,0.062221120475954385,0.47917699553792764,1.0,0.1294000991571641,0.16534457114526524,0.124194348041646,0.1442736737729301,0.11849281110560238,0.12369856222112048,0.1420426375805652,0.07213683688646505,0.07659890927119484,0.07213683688646505,0.0991571641051066,0.12394645513138325,0.11725334655428855,0.12741695587506197,0.08601883986117997,0.11725334655428855,0.08279623202776401,0.0495785820525533
PLAYGROUND_UNIFORM,0.06965790778383739,0.15815567674764502,0.08031730292513634,0.07436787307882994,0.09271194843827467,0.08824987605354487,0.1943480416460089,0.18963807635101637,0.06470004957858205,0.06073376301437779,0.06841844323252355,0.2094695091720377,0.20525532969757065,0.1517104610808131,0.08378780366881507,0.15220624690133863,0.07808626673277144,0.12692117005453643,0.1294000991571641,1.0,0.1849281110560238,0.2092216162617749,0.19112543381259295,0.20153693604362916,0.214427367377293,0.1864154685176004,0.06965790778383739,0.06643529995042141,0.06296479920674268,0.06122954883490332,0.1893901834407536,0.19856222112047595,0.19112543381259295,0.059742191373326724,0.2055032226078334,0.06569162121963312,0.07337630143777887
SKACTIVEML_COST_EMBEDDING,0.06569162121963312,0.19509172037679723,0.06792265741199802,0.06519583539910759,0.12171541893901834,0.12692117005453643,0.17104610808130888,0.16534457114526524,0.0909766980664353,0.09370352007932573,0.0894893406048587,0.17947446703024295,0.18096182449181952,0.19112543381259295,0.07164105106593951,0.19633118492811105,0.07486365889935548,0.1628656420426376,0.16534457114526524,0.1849281110560238,1.0,0.1901338621715419,0.20525532969757065,0.1745166088249876,0.1943480416460089,0.1968269707486366,0.08899355478433317,0.08924144769459594,0.09048091224590976,0.0768468021814576,0.1849281110560238,0.18889439762022806,0.20104115022310362,0.0768468021814576,0.18096182449181952,0.07808626673277144,0.06445215666831929
SKACTIVEML_DAL,0.06866633614278632,0.17947446703024295,0.08081308874566187,0.07535944471988101,0.09444719881011403,0.0894893406048587,0.18666336142786316,0.1849281110560238,0.07288051561725335,0.07808626673277144,0.07387208725830441,0.2020327218641547,0.20029747149231533,0.15468517600396628,0.0835399107585523,0.1685671789786812,0.07783837382250867,0.12146752602875557,0.124194348041646,0.2092216162617749,0.1901338621715419,1.0,0.20500743678730787,0.19732275656916212,0.20699058006941,0.1945959345562717,0.07560733763014378,0.07882994546355974,0.07709469509172037,0.05800694100148736,0.18889439762022806,0.20847793753098662,0.1960832920178483,0.05999008428358949,0.2017848289538919,0.06643529995042141,0.07387208725830441
SKACTIVEML_DWUS,0.07064947942488845,0.19905800694100148,0.07535944471988101,0.06990580069410014,0.10956866633614279,0.11031234506693109,0.20104115022310362,0.1797223599405057,0.07858205255329698,0.08155676747645017,0.08205255329697571,0.19856222112047595,0.18616757560733763,0.17476450173525038,0.07858205255329698,0.16931085770946952,0.07833415964303421,0.14030738720872582,0.1442736737729301,0.19112543381259295,0.20525532969757065,0.20500743678730787,1.0,0.1886465047099653,0.19781854238968766,0.17699553792761527,0.08824987605354487,0.08180466038671294,0.08601883986117997,0.07535944471988101,0.17178978681209717,0.19558750619732276,0.18765493306891423,0.07188894397620228,0.19137332672285573,0.08006941001487357,0.06866633614278632
SKACTIVEML_QBC,0.07139315815567675,0.15964303420922163,0.07610312345066932,0.07759048091224591,0.08378780366881507,0.0850272682201289,0.20847793753098662,0.17674764501735252,0.06544372830937036,0.06048587010411502,0.06445215666831929,0.19732275656916212,0.2072384729796728,0.1591472483886961,0.07808626673277144,0.14303420922161625,0.07783837382250867,0.11328705999008429,0.11849281110560238,0.20153693604362916,0.1745166088249876,0.19732275656916212,0.1886465047099653,1.0,0.21616261774913237,0.17476450173525038,0.060981655924640554,0.057263262270699056,0.060981655924640554,0.048834903321764996,0.1886465047099653,0.19186911254338126,0.1849281110560238,0.04833911750123947,0.2035200793257313,0.05453644025780863,0.07734258800198314
SKACTIVEML_QBC_VOTE_ENTROPY,0.07114526524541398,0.16410510659395142,0.07957362419434805,0.08006941001487357,0.08527516113039167,0.07982151710461081,0.1931085770946951,0.1943480416460089,0.06841844323252355,0.06841844323252355,0.07064947942488845,0.20054536440257809,0.21616261774913237,0.1626177491323748,0.08304412493802678,0.15642042637580567,0.08006941001487357,0.12270699058006941,0.12369856222112048,0.214427367377293,0.1943480416460089,0.20699058006941,0.19781854238968766,0.21616261774913237,1.0,0.18542389687654934,0.06841844323252355,0.07585523054040655,0.07288051561725335,0.05503222607833416,0.17055032226078334,0.20674268715914726,0.2055032226078334,0.0518096182449182,0.20475954387704512,0.06048587010411502,0.07982151710461081
SKACTIVEML_QUIRE,0.060981655924640554,0.19732275656916212,0.06841844323252355,0.06048587010411502,0.10733763014377788,0.09965294992563213,0.17278135845314824,0.17922657411998016,0.07560733763014378,0.06817055032226078,0.06990580069410014,0.17104610808130888,0.17278135845314824,0.16534457114526524,0.07015369360436291,0.17129400099157163,0.06643529995042141,0.1368368864650471,0.1420426375805652,0.1864154685176004,0.1968269707486366,0.1945959345562717,0.17699553792761527,0.17476450173525038,0.18542389687654934,1.0,0.07932573128408528,0.07560733763014378,0.07312840852751612,0.06569162121963312,0.19286068418443233,0.17501239464551313,0.18691125433812594,0.06470004957858205,0.17055032226078334,0.07461576598909271,0.059742191373326724
SKACTIVEML_US_ENTROPY,0.02949925632126921,0.09444719881011403,0.02825979176995538,0.029251363411006447,0.10386712940009915,0.08701041150223103,0.0532969757064948,0.05280118988596926,0.10708973723351513,0.09965294992563213,0.0917203767972236,0.07015369360436291,0.062221120475954385,0.09196826970748637,0.03173029251363411,0.08899355478433317,0.03718393653941497,0.0835399107585523,0.07213683688646505,0.06965790778383739,0.08899355478433317,0.07560733763014378,0.08824987605354487,0.060981655924640554,0.06841844323252355,0.07932573128408528,1.0,0.7595438770451165,0.7498760535448686,0.08205255329697571,0.07015369360436291,0.06445215666831929,0.06916212196331185,0.08824987605354487,0.05850272682201289,0.11626177491323748,0.02825979176995538
SKACTIVEML_US_LC,0.031978185423896875,0.08924144769459594,0.030738720872583045,0.031978185423896875,0.11551809618244918,0.090233019335647,0.0518096182449182,0.050322260783341594,0.09295984134853744,0.11155180961824492,0.09444719881011403,0.06569162121963312,0.07040158651462568,0.09444719881011403,0.03445711452652454,0.09519087754090233,0.0406544372830937,0.08676251859196826,0.07659890927119484,0.06643529995042141,0.08924144769459594,0.07882994546355974,0.08180466038671294,0.057263262270699056,0.07585523054040655,0.07560733763014378,0.7595438770451165,1.0,0.7506197322756569,0.08106098165592464,0.07114526524541398,0.06643529995042141,0.06792265741199802,0.10064452156668319,0.06593951412989589,0.09395141298958849,0.031234506693108576
SKACTIVEML_US_MARGIN,0.028507684680218144,0.09196826970748637,0.03222607833415964,0.03495290034705007,0.0946950917203768,0.10585027268220129,0.058254833911750126,0.0480912245909767,0.07907783837382251,0.09345562716906297,0.1065939514129896,0.07263262270699058,0.06593951412989589,0.09419930589985126,0.036440257808626676,0.09196826970748637,0.03619236489836391,0.08701041150223103,0.07213683688646505,0.06296479920674268,0.09048091224590976,0.07709469509172037,0.08601883986117997,0.060981655924640554,0.07288051561725335,0.07312840852751612,0.7498760535448686,0.7506197322756569,1.0,0.0954387704511651,0.06916212196331185,0.06668319286068418,0.07040158651462568,0.08403569657907783,0.06246901338621715,0.08775409023301933,0.033217649975210706
SMALLTEXT_BREAKINGTIES,0.030986613782845812,0.08254833911750124,0.03024293505205751,0.027764005949429845,0.14377788795240456,0.2248388696083292,0.056023797719385225,0.041398116013882005,0.08006941001487357,0.08279623202776401,0.10064452156668319,0.06172533465542886,0.05627169062964799,0.0857709469509172,0.03371343579573624,0.08205255329697571,0.03867129400099157,0.16311353495290035,0.0991571641051066,0.06122954883490332,0.0768468021814576,0.05800694100148736,0.07535944471988101,0.048834903321764996,0.05503222607833416,0.06569162121963312,0.08205255329697571,0.08106098165592464,0.0954387704511651,1.0,0.05577590480912246,0.056023797719385225,0.05924640555280119,0.7335151214675261,0.052553296975706494,0.7295488349033218,0.027020327218641546
SMALLTEXT_CONTRASTIVEAL,0.06593951412989589,0.1849281110560238,0.06817055032226078,0.06147744174516609,0.08403569657907783,0.08651462568170551,0.1864154685176004,0.1983143282102132,0.06742687159147248,0.06618740704015866,0.062221120475954385,0.17352503718393653,0.1819533961328706,0.14923153197818542,0.06916212196331185,0.14551313832424392,0.06916212196331185,0.11353495290034706,0.12394645513138325,0.1893901834407536,0.1849281110560238,0.18889439762022806,0.17178978681209717,0.1886465047099653,0.17055032226078334,0.19286068418443233,0.07015369360436291,0.07114526524541398,0.06916212196331185,0.05577590480912246,1.0,0.17550818046603867,0.1782350024789291,0.06172533465542886,0.17947446703024295,0.06916212196331185,0.06073376301437779
SMALLTEXT_EMBEDDINGKMEANS,0.07188894397620228,0.16955875061973227,0.08006941001487357,0.07882994546355974,0.0887456618740704,0.08676251859196826,0.2107089737233515,0.18691125433812594,0.06668319286068418,0.06445215666831929,0.06643529995042141,0.20426375805651958,0.19657907783837383,0.15195835399107585,0.08254833911750124,0.1517104610808131,0.08081308874566187,0.10783341596430342,0.11725334655428855,0.19856222112047595,0.18889439762022806,0.20847793753098662,0.19558750619732276,0.19186911254338126,0.20674268715914726,0.17501239464551313,0.06445215666831929,0.06643529995042141,0.06668319286068418,0.056023797719385225,0.17550818046603867,1.0,0.19707486365889937,0.052553296975706494,0.1943480416460089,0.05751115518096182,0.07759048091224591
SMALLTEXT_GREEDYCORESET,0.09667823500247893,0.16881507188894398,0.08230044620723848,0.06841844323252355,0.08775409023301933,0.0909766980664353,0.1901338621715419,0.18244918195339613,0.07436787307882994,0.06916212196331185,0.06965790778383739,0.1906296479920674,0.19881011403073873,0.16212196331184928,0.08651462568170551,0.14898363906792267,0.10609816559246406,0.11799702528507684,0.12741695587506197,0.19112543381259295,0.20104115022310362,0.1960832920178483,0.18765493306891423,0.1849281110560238,0.2055032226078334,0.18691125433812594,0.06916212196331185,0.06792265741199802,0.07040158651462568,0.05924640555280119,0.1782350024789291,0.19707486365889937,1.0,0.05676747645017353,0.18443232523549827,0.06593951412989589,0.06767476450173525
SMALLTEXT_LEASTCONFIDENCE,0.03222607833415964,0.0857709469509172,0.027764005949429845,0.02454139811601388,0.23252354982647497,0.14303420922161625,0.0480912245909767,0.0428854734754586,0.08750619732275657,0.10411502231036192,0.09271194843827467,0.05924640555280119,0.053792761527020325,0.07907783837382251,0.029995042141794746,0.08254833911750124,0.0384234010907288,0.12469013386217154,0.08601883986117997,0.059742191373326724,0.0768468021814576,0.05999008428358949,0.07188894397620228,0.04833911750123947,0.0518096182449182,0.06470004957858205,0.08824987605354487,0.10064452156668319,0.08403569657907783,0.7335151214675261,0.06172533465542886,0.052553296975706494,0.05676747645017353,1.0,0.05528011898859692,0.7513634110064452,0.02825979176995538
SMALLTEXT_LIGHTWEIGHTCORESET,0.07213683688646505,0.15865146256817056,0.08006941001487357,0.07288051561725335,0.090233019335647,0.07535944471988101,0.18666336142786316,0.17773921665840356,0.059494298463063956,0.062221120475954385,0.06073376301437779,0.1856717897868121,0.2114526524541398,0.1517104610808131,0.08180466038671294,0.14898363906792267,0.07858205255329698,0.10138820029747149,0.11725334655428855,0.2055032226078334,0.18096182449181952,0.2017848289538919,0.19137332672285573,0.2035200793257313,0.20475954387704512,0.17055032226078334,0.05850272682201289,0.06593951412989589,0.06246901338621715,0.052553296975706494,0.17947446703024295,0.1943480416460089,0.18443232523549827,0.05528011898859692,1.0,0.05701536936043629,0.07560733763014378
SMALLTEXT_PREDICTIONENTROPY,0.03396132870599901,0.0961824491819534,0.028507684680218144,0.025780862667327716,0.15592464055528013,0.1360932077342588,0.05205751115518096,0.0473475458601884,0.10981655924640556,0.10213187902825979,0.09295984134853744,0.06544372830937036,0.05552801189885969,0.0850272682201289,0.030738720872583045,0.0894893406048587,0.03991075855230541,0.11700545364402579,0.08279623202776401,0.06569162121963312,0.07808626673277144,0.06643529995042141,0.08006941001487357,0.05453644025780863,0.06048587010411502,0.07461576598909271,0.11626177491323748,0.09395141298958849,0.08775409023301933,0.7295488349033218,0.06916212196331185,0.05751115518096182,0.06593951412989589,0.7513634110064452,0.05701536936043629,1.0,0.029251363411006447
SMALLTEXT_RANDOM,0.04462072384729797,0.053792761527020325,0.051313832424392664,0.9947942488844819,0.040406544372830935,0.03891918691125434,0.06296479920674268,0.05701536936043629,0.030986613782845812,0.03272186415468518,0.03495290034705007,0.08081308874566187,0.0768468021814576,0.05428854734754586,0.053544868616757564,0.05453644025780863,0.051313832424392664,0.04685176003966286,0.0495785820525533,0.07337630143777887,0.06445215666831929,0.07387208725830441,0.06866633614278632,0.07734258800198314,0.07982151710461081,0.059742191373326724,0.02825979176995538,0.031234506693108576,0.033217649975210706,0.027020327218641546,0.06073376301437779,0.07759048091224591,0.06767476450173525,0.02825979176995538,0.07560733763014378,0.029251363411006447,1.0
