,ALIPY_CORESET_GREEDY,ALIPY_DENSITY_WEIGHTED,ALIPY_GRAPH_DENSITY,ALIPY_RANDOM,ALIPY_UNCERTAINTY_LC,ALIPY_UNCERTAINTY_MM,LIBACT_DWUS,LIBACT_QUIRE,LIBACT_UNCERTAINTY_ENT,LIBACT_UNCERTAINTY_LC,LIBACT_UNCERTAINTY_SM,OPTIMAL_GREEDY_10,OPTIMAL_GREEDY_20,PLAYGROUND_BANDIT,PLAYGROUND_GRAPH_DENSITY,PLAYGROUND_INFORMATIVE_DIVERSE,PLAYGROUND_KCENTER_GREEDY,PLAYGROUND_MARGIN,PLAYGROUND_MIXTURE,PLAYGROUND_UNIFORM,SKACTIVEML_COST_EMBEDDING,SKACTIVEML_DAL,SKACTIVEML_DWUS,SKACTIVEML_QBC,SKACTIVEML_QBC_VOTE_ENTROPY,SKACTIVEML_QUIRE,SKACTIVEML_US_ENTROPY,SKACTIVEML_US_LC,SKACTIVEML_US_MARGIN,SMALLTEXT_BREAKINGTIES,SMALLTEXT_CONTRASTIVEAL,SMALLTEXT_EMBEDDINGKMEANS,SMALLTEXT_GREEDYCORESET,SMALLTEXT_LEASTCONFIDENCE,SMALLTEXT_LIGHTWEIGHTCORESET,SMALLTEXT_PREDICTIONENTROPY,SMALLTEXT_RANDOM
ALIPY_CORESET_GREEDY,1.0,0.1383242439266237,0.10684184432325236,0.11576598909271195,0.10089241447694595,0.0999008428358949,0.06817055032226078,0.11799702528507684,0.07064947942488845,0.07114526524541398,0.07238472979672782,0.17575607337630145,0.18021814576103123,0.09866137828458106,0.10684184432325236,0.12146752602875557,1.0,0.0946950917203768,0.12840852751611304,0.14625681705503224,0.12245909766980664,0.14080317302925136,0.0961824491819534,0.1212196331184928,0.14700049578582053,0.1249380267724343,0.08453148239960337,0.08552305404065444,0.07882994546355974,0.06841844323252355,0.0991571641051066,0.14352999504214178,0.17798710956866634,0.07288051561725335,0.1442736737729301,0.07312840852751612,0.11576598909271195
ALIPY_DENSITY_WEIGHTED,0.1383242439266237,1.0,0.10783341596430342,0.10337134357957363,0.12469013386217154,0.12320277640059495,0.09717402082300446,0.161378284581061,0.10312345066931086,0.10262766484878533,0.10436291522062469,0.15815567674764502,0.1648487853247397,0.1301437778879524,0.10783341596430342,0.12320277640059495,0.1383242439266237,0.11700545364402579,0.12394645513138325,0.14551313832424392,0.1308874566187407,0.14005949429846307,0.12840852751611304,0.12518591968269707,0.13435795736241943,0.16360932077342588,0.11155180961824492,0.11303916707982152,0.11130391670798215,0.10932077342588002,0.11254338125929599,0.1271690629647992,0.15220624690133863,0.11080813088745661,0.139067922657412,0.11576598909271195,0.10337134357957363
ALIPY_GRAPH_DENSITY,0.10684184432325236,0.10783341596430342,1.0,0.1301437778879524,0.07907783837382251,0.08701041150223103,0.11750123946455131,0.07734258800198314,0.06519583539910759,0.05924640555280119,0.07461576598909271,0.18591968269707487,0.19558750619732276,0.08304412493802678,1.0,0.09593455627169063,0.10684184432325236,0.07089737233515121,0.11031234506693109,0.1611303916707982,0.0909766980664353,0.14551313832424392,0.11155180961824492,0.1308874566187407,0.15220624690133863,0.08378780366881507,0.06544372830937036,0.06618740704015866,0.07560733763014378,0.07486365889935548,0.09568666336142786,0.16013882002974714,0.1412989588497769,0.06916212196331185,0.15195835399107585,0.06841844323252355,0.1301437778879524
ALIPY_RANDOM,0.11576598909271195,0.10337134357957363,0.1301437778879524,1.0,0.0887456618740704,0.09965294992563213,0.09568666336142786,0.10138820029747149,0.07511155180961825,0.07089737233515121,0.08651462568170551,0.23475458601883986,0.2389687654933069,0.11303916707982152,0.1301437778879524,0.13485374318294496,0.11576598909271195,0.1028755577590481,0.15344571145265246,0.20599900842835894,0.1249380267724343,0.17798710956866634,0.10386712940009915,0.15865146256817056,0.18740704015865145,0.1065939514129896,0.08775409023301933,0.090233019335647,0.10064452156668319,0.08254833911750124,0.10907288051561725,0.20054536440257809,0.14526524541398117,0.07808626673277144,0.1856717897868121,0.07436787307882994,1.0
ALIPY_UNCERTAINTY_LC,0.10089241447694595,0.12469013386217154,0.07907783837382251,0.0887456618740704,1.0,0.7444224095190878,0.08155676747645017,0.08676251859196826,0.13956370847793753,0.16757560733763013,0.12741695587506197,0.146504709965295,0.14253842340109074,0.1774913237481408,0.07907783837382251,0.12097174020823004,0.10089241447694595,0.20996529499256322,0.16559246405552802,0.13187902825979178,0.1346058502726822,0.12543381259295985,0.10758552305404065,0.11601388200297472,0.1249380267724343,0.11452652454139811,0.16584035696579078,0.1886465047099653,0.14898363906792267,0.2263262270699058,0.10585027268220129,0.11551809618244918,0.11874070401586515,0.35696579077838375,0.12518591968269707,0.2506197322756569,0.0887456618740704
ALIPY_UNCERTAINTY_MM,0.0999008428358949,0.12320277640059495,0.08701041150223103,0.09965294992563213,0.7444224095190878,1.0,0.09419930589985126,0.0946950917203768,0.11527020327218641,0.12320277640059495,0.17575607337630145,0.1574119980168567,0.15642042637580567,0.18988596926127913,0.08701041150223103,0.12345066931085771,0.0999008428358949,0.27193852255825485,0.19261279127416955,0.13807635101636093,0.1338621715418939,0.1331184928111056,0.11130391670798215,0.11874070401586515,0.1375805651958354,0.11378284581060982,0.13411006445215667,0.14253842340109074,0.19583539910758552,0.35448686167575605,0.10585027268220129,0.1256817055032226,0.11973227565691621,0.229300941993059,0.13262270699058007,0.21343579573624194,0.09965294992563213
LIBACT_DWUS,0.06817055032226078,0.09717402082300446,0.11750123946455131,0.09568666336142786,0.08155676747645017,0.09419930589985126,1.0,0.08626673277144274,0.07411998016856718,0.07288051561725335,0.07610312345066932,0.1487357461576599,0.1517104610808131,0.0880019831432821,0.11750123946455131,0.0880019831432821,0.06817055032226078,0.08329201784828955,0.0961824491819534,0.12816063460585028,0.0991571641051066,0.11229548834903322,0.1256817055032226,0.12047595438770452,0.1256817055032226,0.0961824491819534,0.07064947942488845,0.07387208725830441,0.0850272682201289,0.08304412493802678,0.10089241447694595,0.15195835399107585,0.0954387704511651,0.08031730292513634,0.1271690629647992,0.07610312345066932,0.09568666336142786
LIBACT_QUIRE,0.11799702528507684,0.161378284581061,0.07734258800198314,0.10138820029747149,0.08676251859196826,0.0946950917203768,0.08626673277144274,1.0,0.06941001487357462,0.07312840852751612,0.07387208725830441,0.14377788795240456,0.13956370847793753,0.0991571641051066,0.07734258800198314,0.10312345066931086,0.11799702528507684,0.09271194843827467,0.10783341596430342,0.12890431333663857,0.11179970252850768,0.12171541893901834,0.0954387704511651,0.11750123946455131,0.11750123946455131,0.13708477937530986,0.07461576598909271,0.07585523054040655,0.08279623202776401,0.07709469509172037,0.11080813088745661,0.11477441745166088,0.12469013386217154,0.07436787307882994,0.11998016856717898,0.07362419434804164,0.10138820029747149
LIBACT_UNCERTAINTY_ENT,0.07064947942488845,0.10312345066931086,0.06519583539910759,0.07511155180961825,0.13956370847793753,0.11527020327218641,0.07411998016856718,0.06941001487357462,1.0,0.778135845314824,0.7347545860188398,0.11427863163113534,0.11973227565691621,0.10089241447694595,0.06519583539910759,0.11948438274665345,0.07064947942488845,0.08849776896380764,0.08676251859196826,0.1028755577590481,0.1065939514129896,0.09568666336142786,0.09791769955379276,0.0924640555280119,0.10188398611799702,0.09568666336142786,0.16807139315815567,0.12692117005453643,0.11080813088745661,0.18839861179970252,0.08230044620723848,0.08626673277144274,0.0932077342588002,0.2107089737233515,0.09667823500247893,0.259048091224591,0.07511155180961825
LIBACT_UNCERTAINTY_LC,0.07114526524541398,0.10262766484878533,0.05924640555280119,0.07089737233515121,0.16757560733763013,0.12320277640059495,0.07288051561725335,0.07312840852751612,0.778135845314824,1.0,0.7607833415964304,0.11601388200297472,0.12196331184928111,0.10188398611799702,0.05924640555280119,0.12171541893901834,0.07114526524541398,0.09221616261774913,0.09048091224590976,0.10188398611799702,0.1065939514129896,0.09593455627169063,0.10213187902825979,0.08849776896380764,0.10535448686167576,0.09295984134853744,0.13485374318294496,0.1665840356965791,0.12617749132374814,0.19707486365889937,0.08552305404065444,0.08750619732275657,0.09271194843827467,0.2478929102627665,0.09147248388696083,0.21616261774913237,0.07089737233515121
LIBACT_UNCERTAINTY_SM,0.07238472979672782,0.10436291522062469,0.07461576598909271,0.08651462568170551,0.12741695587506197,0.17575607337630145,0.07610312345066932,0.07387208725830441,0.7347545860188398,0.7607833415964304,1.0,0.13411006445215667,0.13559742191373328,0.10089241447694595,0.07461576598909271,0.12964799206742686,0.07238472979672782,0.09271194843827467,0.0991571641051066,0.11155180961824492,0.1065939514129896,0.11130391670798215,0.11080813088745661,0.10684184432325236,0.10981655924640556,0.0880019831432821,0.10585027268220129,0.11551809618244918,0.16559246405552802,0.2518591968269707,0.08254833911750124,0.10039662865642042,0.0917203767972236,0.20252850768468023,0.10337134357957363,0.1945959345562717,0.08651462568170551
OPTIMAL_GREEDY_10,0.17575607337630145,0.15815567674764502,0.18591968269707487,0.23475458601883986,0.146504709965295,0.1574119980168567,0.1487357461576599,0.14377788795240456,0.11427863163113534,0.11601388200297472,0.13411006445215667,1.0,0.5374318294496777,0.15865146256817056,0.18591968269707487,0.1893901834407536,0.17575607337630145,0.1450173525037184,0.22434308378780368,0.288795240456123,0.16236985622211206,0.26524541398116014,0.16162617749132374,0.22161626177491323,0.29474467030242935,0.14923153197818542,0.13807635101636093,0.14253842340109074,0.15592464055528013,0.13931581556767478,0.14923153197818542,0.30961824491819534,0.20277640059494298,0.12692117005453643,0.27169062964799207,0.1294000991571641,0.23475458601883986
OPTIMAL_GREEDY_20,0.18021814576103123,0.1648487853247397,0.19558750619732276,0.2389687654933069,0.14253842340109074,0.15642042637580567,0.1517104610808131,0.13956370847793753,0.11973227565691621,0.12196331184928111,0.13559742191373328,0.5374318294496777,1.0,0.16236985622211206,0.19558750619732276,0.1901338621715419,0.18021814576103123,0.13361427863163114,0.2181457610312345,0.285572632622707,0.16038671294000992,0.2625185919682697,0.16162617749132374,0.22607833415964304,0.2821021318790283,0.14823996033713435,0.14253842340109074,0.15245413981160139,0.16782350024789291,0.13287059990084282,0.15270203272186417,0.3083787803668815,0.21343579573624194,0.12469013386217154,0.26945959345562714,0.12766484878532475,0.2389687654933069
PLAYGROUND_BANDIT,0.09866137828458106,0.1301437778879524,0.08304412493802678,0.11303916707982152,0.1774913237481408,0.18988596926127913,0.0880019831432821,0.0991571641051066,0.10089241447694595,0.10188398611799702,0.10089241447694595,0.15865146256817056,0.16236985622211206,1.0,0.08304412493802678,0.3443232523549826,0.09866137828458106,0.634853743182945,0.37159147248388696,0.16212196331184928,0.2248388696083292,0.14476945959345563,0.10560237977193852,0.1420426375805652,0.15319781854238967,0.14476945959345563,0.11849281110560238,0.12394645513138325,0.12543381259295985,0.16732771442736738,0.10733763014377788,0.13063956370847793,0.11923648983639068,0.15245413981160139,0.14600892414476946,0.14700049578582053,0.11303916707982152
PLAYGROUND_GRAPH_DENSITY,0.10684184432325236,0.10783341596430342,1.0,0.1301437778879524,0.07907783837382251,0.08701041150223103,0.11750123946455131,0.07734258800198314,0.06519583539910759,0.05924640555280119,0.07461576598909271,0.18591968269707487,0.19558750619732276,0.08304412493802678,1.0,0.09593455627169063,0.10684184432325236,0.07089737233515121,0.11031234506693109,0.1611303916707982,0.0909766980664353,0.14551313832424392,0.11155180961824492,0.1308874566187407,0.15220624690133863,0.08378780366881507,0.06544372830937036,0.06618740704015866,0.07560733763014378,0.07486365889935548,0.09568666336142786,0.16013882002974714,0.1412989588497769,0.06916212196331185,0.15195835399107585,0.06841844323252355,0.1301437778879524
PLAYGROUND_INFORMATIVE_DIVERSE,0.12146752602875557,0.12320277640059495,0.09593455627169063,0.13485374318294496,0.12097174020823004,0.12345066931085771,0.0880019831432821,0.10312345066931086,0.11948438274665345,0.12171541893901834,0.12964799206742686,0.1893901834407536,0.1901338621715419,0.3443232523549826,0.09593455627169063,1.0,0.12146752602875557,0.3294496777392167,0.3185423896876549,0.1574119980168567,0.17798710956866634,0.1502231036192365,0.11750123946455131,0.1427863163113535,0.16559246405552802,0.12295488349033218,0.11601388200297472,0.11948438274665345,0.1271690629647992,0.11056023797719385,0.11229548834903322,0.1554288547347546,0.12369856222112048,0.10932077342588002,0.15666831928606842,0.11105602379771938,0.13485374318294496
PLAYGROUND_KCENTER_GREEDY,1.0,0.1383242439266237,0.10684184432325236,0.11576598909271195,0.10089241447694595,0.0999008428358949,0.06817055032226078,0.11799702528507684,0.07064947942488845,0.07114526524541398,0.07238472979672782,0.17575607337630145,0.18021814576103123,0.09866137828458106,0.10684184432325236,0.12146752602875557,1.0,0.0946950917203768,0.12840852751611304,0.14625681705503224,0.12245909766980664,0.14080317302925136,0.0961824491819534,0.1212196331184928,0.14700049578582053,0.1249380267724343,0.08453148239960337,0.08552305404065444,0.07882994546355974,0.06841844323252355,0.0991571641051066,0.14352999504214178,0.17798710956866634,0.07288051561725335,0.1442736737729301,0.07312840852751612,0.11576598909271195
PLAYGROUND_MARGIN,0.0946950917203768,0.11700545364402579,0.07089737233515121,0.1028755577590481,0.20996529499256322,0.27193852255825485,0.08329201784828955,0.09271194843827467,0.08849776896380764,0.09221616261774913,0.09271194843827467,0.1450173525037184,0.13361427863163114,0.634853743182945,0.07089737233515121,0.3294496777392167,0.0946950917203768,1.0,0.4670302429350521,0.1368368864650471,0.2129400099157164,0.13138324243926625,0.09395141298958849,0.12692117005453643,0.13485374318294496,0.13411006445215667,0.11477441745166088,0.11204759543877045,0.11824491819533961,0.24814080317302925,0.10436291522062469,0.11527020327218641,0.10981655924640556,0.19162121963311848,0.13634110064452157,0.1722855726326227,0.1028755577590481
PLAYGROUND_MIXTURE,0.12840852751611304,0.12394645513138325,0.11031234506693109,0.15344571145265246,0.16559246405552802,0.19261279127416955,0.0961824491819534,0.10783341596430342,0.08676251859196826,0.09048091224590976,0.0991571641051066,0.22434308378780368,0.2181457610312345,0.37159147248388696,0.11031234506693109,0.3185423896876549,0.12840852751611304,0.4670302429350521,1.0,0.21417947446703026,0.17575607337630145,0.17055032226078334,0.10634605850272683,0.15493306891422906,0.19286068418443233,0.12816063460585028,0.10882498760535449,0.11031234506693109,0.12221120475954388,0.16683192860684184,0.11155180961824492,0.17575607337630145,0.13361427863163114,0.13857213683688646,0.1841844323252355,0.12840852751611304,0.15344571145265246
PLAYGROUND_UNIFORM,0.14625681705503224,0.14551313832424392,0.1611303916707982,0.20599900842835894,0.13187902825979178,0.13807635101636093,0.12816063460585028,0.12890431333663857,0.1028755577590481,0.10188398611799702,0.11155180961824492,0.288795240456123,0.285572632622707,0.16212196331184928,0.1611303916707982,0.1574119980168567,0.14625681705503224,0.1368368864650471,0.21417947446703026,1.0,0.14526524541398117,0.2114526524541398,0.12964799206742686,0.18839861179970252,0.23698562221120476,0.1383242439266237,0.11626177491323748,0.11774913237481408,0.12444224095190877,0.11849281110560238,0.14030738720872582,0.2315319781854239,0.15939514129895885,0.11080813088745661,0.21021318790282598,0.10857709469509172,0.20599900842835894
SKACTIVEML_COST_EMBEDDING,0.12245909766980664,0.1308874566187407,0.0909766980664353,0.1249380267724343,0.1346058502726822,0.1338621715418939,0.0991571641051066,0.11179970252850768,0.1065939514129896,0.1065939514129896,0.1065939514129896,0.16236985622211206,0.16038671294000992,0.2248388696083292,0.0909766980664353,0.17798710956866634,0.12245909766980664,0.2129400099157164,0.17575607337630145,0.14526524541398117,1.0,0.14551313832424392,0.10585027268220129,0.1294000991571641,0.14377788795240456,0.1774913237481408,0.11998016856717898,0.12592959841348536,0.12245909766980664,0.11477441745166088,0.10733763014377788,0.12840852751611304,0.12840852751611304,0.11750123946455131,0.14303420922161625,0.11452652454139811,0.1249380267724343
SKACTIVEML_DAL,0.14080317302925136,0.14005949429846307,0.14551313832424392,0.17798710956866634,0.12543381259295985,0.1331184928111056,0.11229548834903322,0.12171541893901834,0.09568666336142786,0.09593455627169063,0.11130391670798215,0.26524541398116014,0.2625185919682697,0.14476945959345563,0.14551313832424392,0.1502231036192365,0.14080317302925136,0.13138324243926625,0.17055032226078334,0.2114526524541398,0.14551313832424392,1.0,0.14179474467030243,0.1752602875557759,0.20401586514625683,0.13931581556767478,0.11998016856717898,0.1249380267724343,0.1375805651958354,0.11824491819533961,0.13931581556767478,0.20699058006941,0.1650966782350025,0.11353495290034706,0.20599900842835894,0.10758552305404065,0.17798710956866634
SKACTIVEML_DWUS,0.0961824491819534,0.12840852751611304,0.11155180961824492,0.10386712940009915,0.10758552305404065,0.11130391670798215,0.1256817055032226,0.0954387704511651,0.09791769955379276,0.10213187902825979,0.11080813088745661,0.16162617749132374,0.16162617749132374,0.10560237977193852,0.11155180961824492,0.11750123946455131,0.0961824491819534,0.09395141298958849,0.10634605850272683,0.12964799206742686,0.10585027268220129,0.14179474467030243,1.0,0.12394645513138325,0.13411006445215667,0.10808130887456618,0.10411502231036192,0.10213187902825979,0.11179970252850768,0.09519087754090233,0.10337134357957363,0.13807635101636093,0.11799702528507684,0.09295984134853744,0.13361427863163114,0.08477937530986614,0.10386712940009915
SKACTIVEML_QBC,0.1212196331184928,0.12518591968269707,0.1308874566187407,0.15865146256817056,0.11601388200297472,0.11874070401586515,0.12047595438770452,0.11750123946455131,0.0924640555280119,0.08849776896380764,0.10684184432325236,0.22161626177491323,0.22607833415964304,0.1420426375805652,0.1308874566187407,0.1427863163113535,0.1212196331184928,0.12692117005453643,0.15493306891422906,0.18839861179970252,0.1294000991571641,0.1752602875557759,0.12394645513138325,1.0,0.19881011403073873,0.12816063460585028,0.10609816559246406,0.11130391670798215,0.12394645513138325,0.1065939514129896,0.1271690629647992,0.1856717897868121,0.14377788795240456,0.0991571641051066,0.16906296479920674,0.09965294992563213,0.15865146256817056
SKACTIVEML_QBC_VOTE_ENTROPY,0.14700049578582053,0.13435795736241943,0.15220624690133863,0.18740704015865145,0.1249380267724343,0.1375805651958354,0.1256817055032226,0.11750123946455131,0.10188398611799702,0.10535448686167576,0.10981655924640556,0.29474467030242935,0.2821021318790283,0.15319781854238967,0.15220624690133863,0.16559246405552802,0.14700049578582053,0.13485374318294496,0.19286068418443233,0.23698562221120476,0.14377788795240456,0.20401586514625683,0.13411006445215667,0.19881011403073873,1.0,0.12890431333663857,0.12320277640059495,0.1279127416955875,0.13336638572136836,0.11155180961824492,0.1420426375805652,0.229300941993059,0.1665840356965791,0.10114030738720872,0.2203767972235994,0.10535448686167576,0.18740704015865145
SKACTIVEML_QUIRE,0.1249380267724343,0.16360932077342588,0.08378780366881507,0.1065939514129896,0.11452652454139811,0.11378284581060982,0.0961824491819534,0.13708477937530986,0.09568666336142786,0.09295984134853744,0.0880019831432821,0.14923153197818542,0.14823996033713435,0.14476945959345563,0.08378780366881507,0.12295488349033218,0.1249380267724343,0.13411006445215667,0.12816063460585028,0.1383242439266237,0.1774913237481408,0.13931581556767478,0.10808130887456618,0.12816063460585028,0.12890431333663857,1.0,0.11254338125929599,0.10634605850272683,0.10510659395141299,0.09717402082300446,0.10956866633614279,0.11452652454139811,0.13510163609320774,0.10312345066931086,0.13287059990084282,0.10510659395141299,0.1065939514129896
SKACTIVEML_US_ENTROPY,0.08453148239960337,0.11155180961824492,0.06544372830937036,0.08775409023301933,0.16584035696579078,0.13411006445215667,0.07064947942488845,0.07461576598909271,0.16807139315815567,0.13485374318294496,0.10585027268220129,0.13807635101636093,0.14253842340109074,0.11849281110560238,0.06544372830937036,0.11601388200297472,0.08453148239960337,0.11477441745166088,0.10882498760535449,0.11626177491323748,0.11998016856717898,0.11998016856717898,0.10411502231036192,0.10609816559246406,0.12320277640059495,0.11254338125929599,1.0,0.7880515617253346,0.7379771938522558,0.11948438274665345,0.0969261279127417,0.10014873574615767,0.10932077342588002,0.14452156668319285,0.10733763014377788,0.18517600396628656,0.08775409023301933
SKACTIVEML_US_LC,0.08552305404065444,0.11303916707982152,0.06618740704015866,0.090233019335647,0.1886465047099653,0.14253842340109074,0.07387208725830441,0.07585523054040655,0.12692117005453643,0.1665840356965791,0.11551809618244918,0.14253842340109074,0.15245413981160139,0.12394645513138325,0.06618740704015866,0.11948438274665345,0.08552305404065444,0.11204759543877045,0.11031234506693109,0.11774913237481408,0.12592959841348536,0.1249380267724343,0.10213187902825979,0.11130391670798215,0.1279127416955875,0.10634605850272683,0.7880515617253346,1.0,0.7615270203272186,0.12989588497768964,0.0961824491819534,0.10609816559246406,0.10609816559246406,0.1782350024789291,0.10510659395141299,0.14675260287555775,0.090233019335647
SKACTIVEML_US_MARGIN,0.07882994546355974,0.11130391670798215,0.07560733763014378,0.10064452156668319,0.14898363906792267,0.19583539910758552,0.0850272682201289,0.08279623202776401,0.11080813088745661,0.12617749132374814,0.16559246405552802,0.15592464055528013,0.16782350024789291,0.12543381259295985,0.07560733763014378,0.1271690629647992,0.07882994546355974,0.11824491819533961,0.12221120475954388,0.12444224095190877,0.12245909766980664,0.1375805651958354,0.11179970252850768,0.12394645513138325,0.13336638572136836,0.10510659395141299,0.7379771938522558,0.7615270203272186,1.0,0.1737729300941993,0.0946950917203768,0.11601388200297472,0.10485870104115022,0.131631135349529,0.11849281110560238,0.12270699058006941,0.10064452156668319
SMALLTEXT_BREAKINGTIES,0.06841844323252355,0.10932077342588002,0.07486365889935548,0.08254833911750124,0.2263262270699058,0.35448686167575605,0.08304412493802678,0.07709469509172037,0.18839861179970252,0.19707486365889937,0.2518591968269707,0.13931581556767478,0.13287059990084282,0.16732771442736738,0.07486365889935548,0.11056023797719385,0.06841844323252355,0.24814080317302925,0.16683192860684184,0.11849281110560238,0.11477441745166088,0.11824491819533961,0.09519087754090233,0.1065939514129896,0.11155180961824492,0.09717402082300446,0.11948438274665345,0.12989588497768964,0.1737729300941993,1.0,0.08378780366881507,0.10386712940009915,0.10411502231036192,0.7469013386217154,0.11849281110560238,0.7295488349033218,0.08254833911750124
SMALLTEXT_CONTRASTIVEAL,0.0991571641051066,0.11254338125929599,0.09568666336142786,0.10907288051561725,0.10585027268220129,0.10585027268220129,0.10089241447694595,0.11080813088745661,0.08230044620723848,0.08552305404065444,0.08254833911750124,0.14923153197818542,0.15270203272186417,0.10733763014377788,0.09568666336142786,0.11229548834903322,0.0991571641051066,0.10436291522062469,0.11155180961824492,0.14030738720872582,0.10733763014377788,0.13931581556767478,0.10337134357957363,0.1271690629647992,0.1420426375805652,0.10956866633614279,0.0969261279127417,0.0961824491819534,0.0946950917203768,0.08378780366881507,1.0,0.13559742191373328,0.13237481408031732,0.0887456618740704,0.12766484878532475,0.0894893406048587,0.10907288051561725
SMALLTEXT_EMBEDDINGKMEANS,0.14352999504214178,0.1271690629647992,0.16013882002974714,0.20054536440257809,0.11551809618244918,0.1256817055032226,0.15195835399107585,0.11477441745166088,0.08626673277144274,0.08750619732275657,0.10039662865642042,0.30961824491819534,0.3083787803668815,0.13063956370847793,0.16013882002974714,0.1554288547347546,0.14352999504214178,0.11527020327218641,0.17575607337630145,0.2315319781854239,0.12840852751611304,0.20699058006941,0.13807635101636093,0.1856717897868121,0.229300941993059,0.11452652454139811,0.10014873574615767,0.10609816559246406,0.11601388200297472,0.10386712940009915,0.13559742191373328,1.0,0.1574119980168567,0.09816559246405553,0.22459097669806644,0.09667823500247893,0.20054536440257809
SMALLTEXT_GREEDYCORESET,0.17798710956866634,0.15220624690133863,0.1412989588497769,0.14526524541398117,0.11874070401586515,0.11973227565691621,0.0954387704511651,0.12469013386217154,0.0932077342588002,0.09271194843827467,0.0917203767972236,0.20277640059494298,0.21343579573624194,0.11923648983639068,0.1412989588497769,0.12369856222112048,0.17798710956866634,0.10981655924640556,0.13361427863163114,0.15939514129895885,0.12840852751611304,0.1650966782350025,0.11799702528507684,0.14377788795240456,0.1665840356965791,0.13510163609320774,0.10932077342588002,0.10609816559246406,0.10485870104115022,0.10411502231036192,0.13237481408031732,0.1574119980168567,1.0,0.10411502231036192,0.17055032226078334,0.10932077342588002,0.14526524541398117
SMALLTEXT_LEASTCONFIDENCE,0.07288051561725335,0.11080813088745661,0.06916212196331185,0.07808626673277144,0.35696579077838375,0.229300941993059,0.08031730292513634,0.07436787307882994,0.2107089737233515,0.2478929102627665,0.20252850768468023,0.12692117005453643,0.12469013386217154,0.15245413981160139,0.06916212196331185,0.10932077342588002,0.07288051561725335,0.19162121963311848,0.13857213683688646,0.11080813088745661,0.11750123946455131,0.11353495290034706,0.09295984134853744,0.0991571641051066,0.10114030738720872,0.10312345066931086,0.14452156668319285,0.1782350024789291,0.131631135349529,0.7469013386217154,0.0887456618740704,0.09816559246405553,0.10411502231036192,1.0,0.10758552305404065,0.7724343083787804,0.07808626673277144
SMALLTEXT_LIGHTWEIGHTCORESET,0.1442736737729301,0.139067922657412,0.15195835399107585,0.1856717897868121,0.12518591968269707,0.13262270699058007,0.1271690629647992,0.11998016856717898,0.09667823500247893,0.09147248388696083,0.10337134357957363,0.27169062964799207,0.26945959345562714,0.14600892414476946,0.15195835399107585,0.15666831928606842,0.1442736737729301,0.13634110064452157,0.1841844323252355,0.21021318790282598,0.14303420922161625,0.20599900842835894,0.13361427863163114,0.16906296479920674,0.2203767972235994,0.13287059990084282,0.10733763014377788,0.10510659395141299,0.11849281110560238,0.11849281110560238,0.12766484878532475,0.22459097669806644,0.17055032226078334,0.10758552305404065,1.0,0.11080813088745661,0.1856717897868121
SMALLTEXT_PREDICTIONENTROPY,0.07312840852751612,0.11576598909271195,0.06841844323252355,0.07436787307882994,0.2506197322756569,0.21343579573624194,0.07610312345066932,0.07362419434804164,0.259048091224591,0.21616261774913237,0.1945959345562717,0.1294000991571641,0.12766484878532475,0.14700049578582053,0.06841844323252355,0.11105602379771938,0.07312840852751612,0.1722855726326227,0.12840852751611304,0.10857709469509172,0.11452652454139811,0.10758552305404065,0.08477937530986614,0.09965294992563213,0.10535448686167576,0.10510659395141299,0.18517600396628656,0.14675260287555775,0.12270699058006941,0.7295488349033218,0.0894893406048587,0.09667823500247893,0.10932077342588002,0.7724343083787804,0.11080813088745661,1.0,0.07436787307882994
SMALLTEXT_RANDOM,0.11576598909271195,0.10337134357957363,0.1301437778879524,1.0,0.0887456618740704,0.09965294992563213,0.09568666336142786,0.10138820029747149,0.07511155180961825,0.07089737233515121,0.08651462568170551,0.23475458601883986,0.2389687654933069,0.11303916707982152,0.1301437778879524,0.13485374318294496,0.11576598909271195,0.1028755577590481,0.15344571145265246,0.20599900842835894,0.1249380267724343,0.17798710956866634,0.10386712940009915,0.15865146256817056,0.18740704015865145,0.1065939514129896,0.08775409023301933,0.090233019335647,0.10064452156668319,0.08254833911750124,0.10907288051561725,0.20054536440257809,0.14526524541398117,0.07808626673277144,0.1856717897868121,0.07436787307882994,1.0
